0 0.441964 0.062954 0.015625 0.024074
0 0.071156 0.804630 0.140625 0.027778
0 0.015479 0.081398 0.026562 0.062037
0 0.190297 0.063194 0.134688 0.023333
0 0.356237 0.063287 0.145130 0.025278
0 0.934661 0.033796 0.024531 0.025000
0 0.041245 0.081130 0.021875 0.061111
0 0.806250 0.065741 0.016667 0.022222
0 0.983630 0.081287 0.025521 0.062963
0 0.684661 0.063704 0.060031 0.024444
0 0.821354 0.065370 0.013542 0.021481
0 0.189888 0.088620 0.136161 0.024056
0 0.273672 0.062806 0.018750 0.025000
0 0.518896 0.064514 0.135542 0.024954
0 0.884380 0.081676 0.023958 0.054630
0 0.955281 0.079532 0.021875 0.056417
0 0.771245 0.065231 0.017188 0.021204
0 0.988354 0.009060 0.014583 0.018120
0 0.788802 0.065463 0.016146 0.021667
0 0.858224 0.080157 0.026562 0.050000
0 0.099703 0.636778 0.016667 0.025926
0 0.327823 0.978241 0.021354 0.025000
0 0.273148 0.088787 0.019526 0.024074
0 0.731643 0.063454 0.032734 0.024574
0 0.112099 0.063194 0.018750 0.021296
0 0.110937 0.090500 0.016667 0.027778
0 0.510378 0.090569 0.150182 0.024231
0 0.915039 0.620194 0.151849 0.017574
0 0.920094 0.063694 0.036458 0.025000
0 0.914964 0.585009 0.149927 0.015722
0 0.838076 0.065134 0.012672 0.019213
0 0.911232 0.286583 0.160141 0.015167
0 0.643599 0.063028 0.019792 0.023148
0 0.914529 0.602634 0.150786 0.016398
0 0.913844 0.707963 0.154292 0.015185
0 0.181688 0.861898 0.044896 0.076204
0 0.356242 0.088903 0.144807 0.025343
0 0.914167 0.566991 0.151875 0.017870
0 0.910328 0.249838 0.158854 0.015083
0 0.914516 0.480366 0.153156 0.016306
0 0.819786 0.173611 0.013542 0.021296
0 0.125203 0.756889 0.007812 0.016667
0 0.963729 0.009787 0.014063 0.019574
0 0.915391 0.726384 0.151823 0.015750
0 0.913914 0.655241 0.152724 0.018519
0 0.915654 0.497981 0.154630 0.014778
0 0.910104 0.338889 0.161875 0.018519
0 0.070495 0.907639 0.140990 0.025000
0 0.929471 0.089301 0.014130 0.024343
0 0.862385 0.426074 0.064708 0.015741
0 0.914177 0.673366 0.153937 0.015750
0 0.913930 0.691296 0.153078 0.016407
0 0.915375 0.302602 0.152167 0.013870
0 0.857240 0.865741 0.037396 0.012963
0 0.878203 0.848148 0.078281 0.012963
0 0.135708 0.757815 0.006250 0.018944
0 0.913958 0.900000 0.150208 0.018519
0 0.863099 0.813426 0.048073 0.012037
0 0.854740 0.795833 0.051146 0.013889
0 0.915458 0.743500 0.150958 0.016074
0 0.911492 0.089282 0.015995 0.023046
0 0.877812 0.831019 0.077500 0.013889
0 0.938318 0.008926 0.010937 0.016667
0 0.869758 0.761111 0.060349 0.014815
0 0.864323 0.514685 0.051562 0.015741
0 0.914193 0.638282 0.153385 0.015472
0 0.910792 0.409597 0.161979 0.018750
0 0.974417 0.033796 0.046479 0.025000
0 0.910148 0.356870 0.161370 0.014278
0 0.913805 0.921491 0.172391 0.020648
0 0.911560 0.270218 0.160526 0.016417
0 0.009693 0.034620 0.014063 0.023148
0 0.195130 0.213426 0.081927 0.017593
0 0.911320 0.321519 0.161005 0.015741
0 0.070852 0.860648 0.141703 0.028704
0 0.026596 0.032921 0.015505 0.021806
0 0.046154 0.032514 0.017130 0.020157
0 0.070570 0.034157 0.026151 0.020981
0 0.097070 0.033333 0.023141 0.018519
0 0.119750 0.033130 0.014812 0.018111
0 0.140698 0.034162 0.017823 0.016046
0 0.161177 0.032718 0.014812 0.019750
0 0.186638 0.033333 0.028703 0.018519
0 0.214875 0.034361 0.021292 0.020574
0 0.771328 0.090093 0.016969 0.020444
0 0.788570 0.090292 0.015068 0.020435
0 0.805539 0.089995 0.015516 0.020639
0 0.821039 0.088491 0.012786 0.019519
0 0.910276 0.373426 0.161021 0.017074
0 0.910378 0.391208 0.161224 0.016361
0 0.910435 0.444282 0.161182 0.017380
0 0.882326 0.779495 0.086443 0.013528
0 0.875151 0.884917 0.072469 0.014611
0 0.919367 0.976847 0.011245 0.024750
0 0.932490 0.977088 0.010177 0.025231
0 0.975466 0.979704 0.039901 0.031426
0 0.070349 0.926741 0.140167 0.010204
0 0.025781 0.609259 0.018229 0.020370
0 0.070573 0.830556 0.141146 0.027778
0 0.098698 0.273611 0.013021 0.025000
0 0.397135 0.976389 0.117188 0.034259
0 0.062240 0.636111 0.016146 0.025926
0 0.065104 0.083796 0.021875 0.060185
0 0.116927 0.273611 0.014063 0.023148
0 0.080469 0.272685 0.015104 0.025000
0 0.088542 0.082407 0.023958 0.061111
0 0.062760 0.272685 0.015104 0.025000
0 0.080469 0.727315 0.014063 0.023148
0 0.371354 0.147222 0.014583 0.022222
0 0.080469 0.635648 0.015104 0.025000
0 0.118229 0.300463 0.017708 0.025000
0 0.044010 0.325926 0.014063 0.024074
0 0.044531 0.726852 0.016146 0.020370
0 0.044010 0.636111 0.015104 0.025926
0 0.044271 0.298611 0.014583 0.025000
0 0.062240 0.610648 0.015104 0.021296
0 0.099479 0.299537 0.013542 0.025000
0 0.098437 0.247685 0.012500 0.025000
0 0.080729 0.299074 0.014583 0.024074
0 0.044010 0.273148 0.015104 0.024074
0 0.025521 0.325463 0.015625 0.023148
0 0.044010 0.662500 0.014063 0.028704
0 0.711979 0.088426 0.013542 0.023148
0 0.694792 0.088426 0.017708 0.023148
0 0.512500 0.977315 0.017708 0.025000
0 0.025260 0.636111 0.017188 0.024074
0 0.099219 0.701389 0.014063 0.023148
0 0.008594 0.221759 0.014063 0.025000
0 0.044271 0.700926 0.014583 0.025926
0 0.080469 0.325926 0.015104 0.025926
0 0.043750 0.247685 0.013542 0.023148
0 0.008073 0.247222 0.014063 0.024074
0 0.747396 0.088889 0.014583 0.022222
0 0.025781 0.662963 0.014063 0.029630
0 0.558333 0.978241 0.018750 0.028704
0 0.080729 0.247222 0.014583 0.024074
0 0.063281 0.700463 0.017188 0.025000
0 0.730208 0.088889 0.014583 0.022222
0 0.062240 0.325463 0.013021 0.025000
0 0.080990 0.700463 0.013021 0.023148
0 0.080469 0.610185 0.015104 0.022222
0 0.025260 0.248148 0.016146 0.024074
0 0.044010 0.610648 0.015104 0.023148
0 0.063021 0.247222 0.015625 0.024074
0 0.062500 0.662500 0.015625 0.028704
0 0.008073 0.663426 0.016146 0.030556
0 0.044271 0.352778 0.015625 0.025926
0 0.025781 0.299537 0.014063 0.025000
0 0.909896 0.034259 0.013542 0.025926
0 0.062500 0.299074 0.013542 0.024074
0 0.043750 0.583796 0.015625 0.023148
0 0.117448 0.248148 0.014063 0.025926
0 0.490104 0.976852 0.018750 0.024074
0 0.580729 0.979167 0.018750 0.030556
0 0.117969 0.326389 0.017188 0.023148
0 0.534896 0.977778 0.017708 0.025926
0 0.098698 0.325463 0.013021 0.025000
0 0.676562 0.087963 0.012500 0.022222
0 0.063281 0.727315 0.016146 0.021296
0 0.007812 0.325463 0.015625 0.023148
0 0.672917 0.981019 0.016667 0.028704
0 0.604167 0.979630 0.020833 0.031481
0 0.466146 0.978241 0.017708 0.026852
0 0.026042 0.273148 0.015625 0.025926
0 0.117188 0.701389 0.014583 0.023148
0 0.062500 0.221759 0.013542 0.023148
0 0.946354 0.146759 0.013542 0.023148
0 0.650260 0.980556 0.017188 0.029630
0 0.008333 0.727778 0.016667 0.020370
0 0.207552 0.145833 0.017188 0.025000
0 0.008594 0.635648 0.014063 0.025000
0 0.659115 0.088426 0.014063 0.021296
0 0.008073 0.351852 0.015104 0.024074
0 0.894271 0.034722 0.013542 0.023148
0 0.026042 0.700463 0.014583 0.026852
0 0.025781 0.583796 0.017188 0.025000
0 0.080469 0.221759 0.013021 0.023148
0 0.025521 0.352315 0.014583 0.026852
0 0.967708 0.145833 0.019792 0.023148
0 0.008333 0.700463 0.016667 0.026852
0 0.043750 0.222685 0.013542 0.023148
0 0.099740 0.194444 0.019271 0.024074
0 0.061719 0.584259 0.015104 0.022222
0 0.190365 0.145833 0.015104 0.025000
0 0.627083 0.980556 0.016667 0.027778
0 0.846875 0.199537 0.035417 0.028704
0 0.007552 0.194907 0.015104 0.025000
0 0.026042 0.726852 0.015625 0.020370
0 0.008073 0.584259 0.016146 0.025926
0 0.008333 0.273148 0.014583 0.024074
0 0.007812 0.298148 0.015625 0.027778
0 0.008073 0.610185 0.016146 0.022222
0 0.116927 0.636111 0.014063 0.024074
0 0.154688 0.145370 0.016667 0.025926
0 0.079948 0.194907 0.013021 0.023148
0 0.917448 0.200000 0.035937 0.024074
0 0.025521 0.222222 0.015625 0.024074
0 0.134635 0.145833 0.019271 0.026852
0 0.114583 0.145833 0.016667 0.026852
0 0.117448 0.585185 0.015104 0.020370
0 0.099740 0.610648 0.018229 0.025000
0 0.099219 0.221296 0.014063 0.022222
0 0.988802 0.145370 0.019271 0.022222
0 0.117188 0.609722 0.012500 0.023148
0 0.116927 0.221759 0.013021 0.023148
0 0.641667 0.089815 0.014583 0.024074
0 0.062500 0.195370 0.013542 0.024074
0 0.944792 0.976389 0.013542 0.026852
0 0.846615 0.978241 0.014063 0.023148
0 0.899740 0.977315 0.022396 0.025000
0 0.881250 0.199537 0.032292 0.028704
0 0.846615 0.461574 0.034896 0.019444
0 0.974479 0.172222 0.008333 0.014815
0 0.042969 0.194907 0.017188 0.025000
0 0.124740 0.172685 0.007812 0.017593
0 0.115104 0.561111 0.009375 0.018519
0 0.185677 0.173611 0.009896 0.017593
0 0.080208 0.584722 0.015625 0.021296
0 0.060417 0.146296 0.015625 0.025926
0 0.105990 0.756481 0.009896 0.018519
0 0.097135 0.145833 0.016146 0.025000
0 0.116406 0.194444 0.010937 0.022222
0 0.994792 0.172222 0.009375 0.016667
0 0.134635 0.172222 0.009896 0.020370
0 0.135156 0.560185 0.007812 0.016667
0 0.080469 0.662037 0.014063 0.027778
0 0.965625 0.171759 0.011458 0.015741
0 0.124479 0.560648 0.007292 0.017593
0 0.172656 0.144907 0.016146 0.025000
0 0.024740 0.195370 0.014063 0.025926
0 0.236979 0.033796 0.016667 0.021296
0 0.025781 0.145370 0.050521 0.027778
0 0.099219 0.585185 0.017188 0.022222
0 0.879948 0.977778 0.014063 0.024074
0 0.984375 0.171296 0.009375 0.016667
0 0.115365 0.756481 0.006771 0.016667
0 0.078906 0.145833 0.017188 0.025000
0 0.863021 0.977778 0.015625 0.024074
0 0.305990 0.144907 0.114062 0.025000
0 0.994271 0.900000 0.010417 0.020370
0 0.115885 0.172222 0.010937 0.020370
0 0.197135 0.173148 0.008854 0.020370
0 0.608854 0.077315 0.035417 0.056481
