0 0.098698 0.325926 0.013021 0.025926
0 0.080469 0.272685 0.015104 0.025000
0 0.116927 0.273611 0.014063 0.023148
0 0.065104 0.083796 0.021875 0.060185
0 0.062240 0.636111 0.016146 0.025926
0 0.098698 0.273611 0.013021 0.025000
0 0.080469 0.636111 0.015104 0.025926
0 0.025073 0.145602 0.049302 0.027981
0 0.080469 0.727315 0.014063 0.023148
0 0.016406 0.081944 0.026562 0.062037
0 0.088542 0.082870 0.023958 0.060185
0 0.044010 0.325463 0.014063 0.023148
0 0.118229 0.300463 0.017708 0.025000
0 0.062500 0.610648 0.014583 0.021296
0 0.044010 0.636111 0.015104 0.025926
0 0.044271 0.298611 0.014583 0.025000
0 0.044010 0.272685 0.015104 0.025000
0 0.396875 0.976389 0.116667 0.034259
0 0.099479 0.300000 0.013542 0.024074
0 0.044010 0.662500 0.014063 0.028704
0 0.044531 0.726852 0.015104 0.020370
0 0.098437 0.247685 0.012500 0.025000
0 0.080729 0.299074 0.014583 0.024074
0 0.060081 0.147005 0.017047 0.025176
0 0.025521 0.325463 0.015625 0.023148
0 0.025521 0.636111 0.016667 0.024074
0 0.043750 0.247222 0.013542 0.024074
0 0.044271 0.700926 0.014583 0.025926
0 0.062500 0.662500 0.015625 0.028704
0 0.080469 0.610185 0.015104 0.022222
0 0.008594 0.221759 0.014063 0.025000
0 0.099219 0.701389 0.014063 0.023148
0 0.025781 0.662963 0.014063 0.029630
0 0.512760 0.977315 0.017188 0.025000
0 0.080729 0.247222 0.014583 0.024074
0 0.063281 0.700463 0.017188 0.025000
0 0.080469 0.325926 0.015104 0.025926
0 0.044010 0.610648 0.015104 0.023148
0 0.988021 0.010648 0.014583 0.021296
0 0.558594 0.978704 0.019271 0.027778
0 0.062240 0.325463 0.013021 0.025000
0 0.063281 0.247222 0.015104 0.024074
0 0.080729 0.700926 0.012500 0.024074
0 0.008073 0.663426 0.016146 0.030556
0 0.025781 0.299537 0.014063 0.025000
0 0.729948 0.088426 0.015104 0.023148
0 0.580729 0.979167 0.018750 0.030556
0 0.424479 0.146759 0.013542 0.021296
0 0.117188 0.248148 0.013542 0.025926
0 0.711979 0.088889 0.013542 0.022222
0 0.062500 0.299074 0.013542 0.024074
0 0.043750 0.584259 0.015625 0.022222
0 0.747396 0.088889 0.014583 0.022222
0 0.946354 0.146296 0.013542 0.022222
0 0.117969 0.326852 0.017188 0.024074
0 0.846875 0.199537 0.035417 0.028704
0 0.694792 0.088889 0.014583 0.020370
0 0.604167 0.979630 0.020833 0.031481
0 0.063021 0.727315 0.015625 0.021296
0 0.044271 0.352778 0.015625 0.025926
0 0.534896 0.977778 0.017708 0.025926
0 0.062500 0.221759 0.013542 0.023148
0 0.007812 0.325463 0.015625 0.023148
0 0.490104 0.976852 0.018750 0.024074
0 0.026042 0.273148 0.015625 0.025926
0 0.967708 0.146296 0.019792 0.022222
0 0.062500 0.272685 0.014583 0.025000
0 0.117188 0.701389 0.014583 0.023148
0 0.008333 0.727778 0.016667 0.020370
0 0.894531 0.034259 0.014063 0.022222
0 0.676562 0.088426 0.012500 0.021296
0 0.026042 0.700463 0.014583 0.026852
0 0.672917 0.981019 0.016667 0.028704
0 0.008073 0.352315 0.015104 0.023148
0 0.650260 0.980556 0.017188 0.029630
0 0.080469 0.221759 0.013021 0.023148
0 0.025521 0.352315 0.014583 0.026852
0 0.008073 0.700463 0.016146 0.026852
0 0.044010 0.222685 0.013021 0.023148
0 0.008333 0.635648 0.013542 0.025000
0 0.466146 0.978241 0.017708 0.026852
0 0.659115 0.089352 0.013021 0.021296
0 0.025521 0.584259 0.017708 0.024074
0 0.327083 0.978241 0.020833 0.025000
0 0.116667 0.636574 0.015625 0.025000
0 0.007552 0.194907 0.015104 0.025000
0 0.627083 0.980556 0.016667 0.027778
0 0.026042 0.726852 0.015625 0.020370
0 0.061719 0.584259 0.015104 0.022222
0 0.007812 0.610185 0.015625 0.022222
0 0.008333 0.298148 0.015625 0.027778
0 0.099219 0.610185 0.016146 0.024074
0 0.099219 0.636574 0.015104 0.025000
0 0.080208 0.194907 0.012500 0.023148
0 0.099219 0.145833 0.018229 0.026852
0 0.007812 0.584722 0.015625 0.025000
0 0.207813 0.145833 0.016667 0.028704
0 0.988802 0.145833 0.019271 0.023148
0 0.917448 0.200463 0.036979 0.025000
0 0.116927 0.221759 0.013021 0.023148
0 0.117448 0.145833 0.014063 0.026852
0 0.879948 0.976852 0.014063 0.027778
0 0.153125 0.146296 0.018750 0.025926
0 0.263281 0.146296 0.015104 0.024074
0 0.117448 0.585185 0.015104 0.022222
0 0.116667 0.610185 0.014583 0.022222
0 0.243229 0.146296 0.015625 0.025926
0 0.225260 0.146296 0.013021 0.027778
0 0.846354 0.977778 0.014583 0.025926
0 0.171875 0.146759 0.016667 0.026852
0 0.641927 0.089815 0.015104 0.022222
0 0.881250 0.199537 0.032292 0.028704
0 0.099479 0.584722 0.017708 0.023148
0 0.062500 0.195370 0.013542 0.024074
0 0.994792 0.172222 0.009375 0.016667
0 0.863281 0.976852 0.016146 0.027778
0 0.189583 0.146296 0.017708 0.029630
0 0.080208 0.584722 0.015625 0.021296
0 0.116406 0.194907 0.010937 0.023148
0 0.134896 0.145370 0.015625 0.025926
0 0.080469 0.662037 0.014063 0.027778
0 0.105729 0.757407 0.010417 0.018519
0 0.177344 0.871759 0.031771 0.056481
0 0.115104 0.561111 0.009375 0.018519
0 0.025781 0.609259 0.017188 0.020370
0 0.115365 0.756481 0.006771 0.016667
0 0.819792 0.174074 0.011458 0.020370
0 0.984375 0.171759 0.009375 0.015741
0 0.116146 0.171759 0.009375 0.019444
0 0.197135 0.173148 0.007812 0.018519
0 0.236979 0.033333 0.016667 0.022222
0 0.135156 0.560185 0.007812 0.016667
0 0.134896 0.172222 0.010417 0.020370
0 0.939323 0.008333 0.010937 0.016667
0 0.079687 0.146296 0.014583 0.024074
0 0.899479 0.977315 0.021875 0.026852
0 0.008073 0.033796 0.014063 0.023148
0 0.345052 0.144907 0.142187 0.025000
0 0.945318 0.978282 0.012906 0.023083
0 0.915628 0.496806 0.168432 0.018241
0 0.919466 0.409074 0.160130 0.015185
0 0.788802 0.064861 0.016146 0.020463
0 0.929070 0.089694 0.014672 0.024315
0 0.974544 0.171972 0.008620 0.013981
0 0.838484 0.064889 0.016125 0.015500
0 0.925375 0.689824 0.149250 0.016093
0 0.125339 0.756481 0.007812 0.016667
0 0.839063 0.715185 0.017708 0.034074
0 0.915435 0.515583 0.169130 0.016981
0 0.918591 0.444741 0.162401 0.015148
0 0.918779 0.390977 0.159943 0.016009
0 0.838445 0.681759 0.014370 0.018519
0 0.070474 0.859398 0.140948 0.027778
0 0.963771 0.009343 0.010417 0.016296
0 0.070312 0.906481 0.140625 0.027778
0 0.167766 0.174602 0.045885 0.020370
0 0.838208 0.660176 0.015104 0.018519
0 0.847961 0.619963 0.035641 0.012667
0 0.915143 0.285968 0.169193 0.016954
0 0.925125 0.670380 0.149438 0.016667
0 0.111143 0.090796 0.013318 0.023074
0 0.027031 0.195370 0.018646 0.025926
0 0.135297 0.757657 0.007292 0.017593
0 0.070500 0.926542 0.141000 0.009602
0 0.872349 0.637250 0.067813 0.015296
0 0.914664 0.602125 0.170672 0.018102
0 0.914958 0.583815 0.169875 0.016870
0 0.914841 0.565708 0.170109 0.017694
0 0.915076 0.549458 0.169182 0.013991
0 0.821211 0.089014 0.012443 0.020065
0 0.805633 0.091329 0.015245 0.022639
0 0.771823 0.089958 0.015531 0.019546
0 0.215005 0.033648 0.020677 0.019963
0 0.186576 0.033597 0.026349 0.018380
0 0.161729 0.034009 0.016656 0.019056
0 0.141065 0.033898 0.017432 0.016074
0 0.119758 0.033782 0.014849 0.018602
0 0.097354 0.033551 0.021437 0.017676
0 0.071135 0.034588 0.022990 0.018824
0 0.046018 0.034356 0.016401 0.016528
0 0.192839 0.213426 0.077344 0.017593
0 0.070214 0.804968 0.140427 0.025676
0 0.070312 0.832685 0.140625 0.027778
0 0.684521 0.062352 0.059292 0.024074
0 0.356591 0.064625 0.143901 0.023509
0 0.042026 0.082269 0.021875 0.061111
0 0.932760 0.034259 0.020729 0.024074
0 0.273776 0.064352 0.020156 0.025000
0 0.805760 0.065583 0.015573 0.021574
0 0.190240 0.063921 0.133375 0.021546
0 0.984109 0.080556 0.025521 0.062963
0 0.821693 0.064491 0.012865 0.019722
0 0.973469 0.034157 0.050521 0.025926
0 0.009818 0.247222 0.017552 0.024074
0 0.884625 0.080565 0.023958 0.054630
0 0.518766 0.062694 0.136010 0.021481
0 0.026073 0.248148 0.015625 0.024074
0 0.188966 0.089194 0.135922 0.023463
0 0.441266 0.063389 0.015625 0.024074
0 0.771891 0.065611 0.015729 0.022315
0 0.859625 0.081250 0.026562 0.050000
0 0.910359 0.034259 0.013542 0.025926
0 0.100000 0.196343 0.018750 0.027870
0 0.955208 0.078574 0.022917 0.052222
0 0.788568 0.089718 0.015677 0.021120
0 0.274042 0.089574 0.020187 0.025926
0 0.112380 0.063037 0.018750 0.021296
0 0.919646 0.063426 0.036458 0.025000
0 0.510078 0.088782 0.152865 0.026139
0 0.008333 0.274574 0.014583 0.024074
0 0.915313 0.249213 0.168333 0.016944
0 0.026865 0.222222 0.015104 0.024074
0 0.099219 0.221769 0.014063 0.022222
0 0.731310 0.064125 0.033734 0.021769
0 0.643750 0.062815 0.019792 0.023148
0 0.915284 0.303639 0.168911 0.015130
0 0.356458 0.090106 0.143844 0.025454
0 0.044716 0.195148 0.014255 0.024537
0 0.965130 0.172981 0.007969 0.014667
0 0.915273 0.533787 0.168411 0.017611
0 0.915078 0.266944 0.167760 0.015926
0 0.847854 0.372796 0.035937 0.016667
0 0.126078 0.172213 0.007812 0.017593
0 0.925190 0.654259 0.149620 0.014630
0 0.919018 0.461583 0.161234 0.014815
0 0.925807 0.707407 0.147344 0.014815
0 0.919594 0.338444 0.159771 0.017185
0 0.932122 0.977194 0.010828 0.023704
0 0.026453 0.033324 0.015104 0.020370
0 0.976031 0.977583 0.038979 0.030167
0 0.919286 0.975917 0.013542 0.026852
0 0.851849 0.320833 0.044323 0.013889
0 0.919219 0.426880 0.160000 0.016611
0 0.914323 0.917593 0.171354 0.022222
0 0.126078 0.560759 0.007292 0.016667
0 0.608766 0.077315 0.034896 0.050926
0 0.910112 0.088477 0.018734 0.021194
