0 0.101980 0.917708 0.012891 0.020139
0 0.962211 0.982646 0.007422 0.017653
0 0.116309 0.917757 0.015234 0.022222
0 0.634965 0.046333 0.014844 0.016667
0 0.143203 0.128819 0.037969 0.017361
0 0.814602 0.059903 0.019922 0.039583
0 0.006840 0.024903 0.011328 0.015278
0 0.156121 0.108826 0.012891 0.018750
0 0.645805 0.066222 0.010156 0.016667
0 0.046887 0.165701 0.010531 0.017931
0 0.074811 0.166517 0.014340 0.019660
0 0.088094 0.147153 0.010258 0.015028
0 0.101094 0.165632 0.009313 0.015306
0 0.950750 0.980896 0.007500 0.018347
0 0.871359 0.626472 0.045438 0.015486
0 0.995434 0.586885 0.005953 0.012646
0 0.019447 0.165153 0.010043 0.016847
0 0.987885 0.586243 0.006535 0.012389
0 0.980699 0.585465 0.005227 0.012389
0 0.973078 0.585340 0.007695 0.014708
0 0.988105 0.484465 0.006281 0.013167
0 0.980562 0.484132 0.005625 0.011833
0 0.973439 0.484462 0.007871 0.014826
0 0.878063 0.412243 0.044812 0.011917
0 0.925529 0.399340 0.135973 0.011917
0 0.973447 0.128038 0.006895 0.010771
0 0.981102 0.128410 0.005867 0.011722
0 0.988809 0.128646 0.005602 0.012694
0 0.019840 0.024306 0.011328 0.015278
0 0.084047 0.046340 0.014844 0.015972
0 0.116566 0.166722 0.011352 0.018056
0 0.343418 0.047767 0.155469 0.018590
0 0.921031 0.253747 0.142578 0.012368
0 0.700957 0.047222 0.024570 0.018056
0 0.925602 0.385403 0.135828 0.011917
0 0.925602 0.371722 0.135828 0.011917
0 0.925824 0.359340 0.135695 0.011917
0 0.876213 0.319007 0.049840 0.011917
0 0.922066 0.306292 0.141797 0.011917
0 0.922191 0.292684 0.141797 0.011924
0 0.005391 0.165941 0.010781 0.015840
0 0.121742 0.024611 0.011719 0.014583
0 0.169098 0.048514 0.153836 0.018097
0 0.257336 0.047486 0.016133 0.019444
0 0.513881 0.048427 0.153332 0.017271
0 0.106055 0.023646 0.015625 0.014583
0 0.168961 0.066753 0.154031 0.016354
0 0.344664 0.066531 0.156641 0.017632
0 0.053559 0.024653 0.018750 0.014583
0 0.981492 0.025392 0.036156 0.019354
0 0.505992 0.067306 0.165625 0.018722
0 0.867285 0.344319 0.030859 0.013194
0 0.073523 0.024535 0.014063 0.014583
0 0.115820 0.562194 0.010937 0.016667
0 0.475250 0.983639 0.013281 0.020833
0 0.940469 0.980903 0.009844 0.020139
0 0.923828 0.449236 0.135937 0.010556
0 0.921510 0.266087 0.142371 0.011812
0 0.921273 0.241306 0.142969 0.012847
0 0.921426 0.214035 0.142969 0.013264
0 0.920641 0.227361 0.142187 0.013333
0 0.921289 0.279403 0.142109 0.012500
0 0.218711 0.108333 0.107891 0.020833
0 0.021199 0.146410 0.011328 0.019444
0 0.982613 0.980556 0.026172 0.022917
0 0.167086 0.128792 0.004969 0.015972
0 0.996461 0.128625 0.007078 0.014583
0 0.840844 0.046750 0.026953 0.017361
0 0.089863 0.025194 0.011719 0.013194
0 0.257441 0.066667 0.015664 0.018056
0 0.923117 0.331840 0.139453 0.013681
0 0.920805 0.187069 0.142578 0.013861
0 0.665430 0.046875 0.046484 0.018750
0 0.632227 0.066319 0.011328 0.018750
0 0.101367 0.603125 0.011328 0.020139
0 0.871289 0.605903 0.012891 0.017361
0 0.142969 0.108333 0.013281 0.018056
0 0.005664 0.185069 0.011328 0.018750
0 0.421875 0.980903 0.088281 0.028472
0 0.059961 0.165625 0.010547 0.017361
0 0.795312 0.059375 0.017969 0.036806
0 0.058984 0.108681 0.012500 0.020139
0 0.019531 0.937153 0.011719 0.015972
0 0.115820 0.581250 0.012109 0.018056
0 0.116211 0.108681 0.012109 0.018750
0 0.047461 0.917708 0.012109 0.017361
0 0.005664 0.602431 0.011328 0.018750
0 0.612500 0.984028 0.014063 0.022222
0 0.129102 0.108333 0.010547 0.018056
0 0.006055 0.937500 0.012109 0.016667
0 0.005664 0.204167 0.011328 0.019444
0 0.101367 0.108681 0.014453 0.020139
0 0.115820 0.185069 0.011328 0.018750
0 0.019336 0.108681 0.037891 0.021528
0 0.087891 0.165972 0.010937 0.018056
0 0.005664 0.582986 0.011328 0.018750
0 0.019141 0.602431 0.010937 0.018750
0 0.019141 0.204514 0.011719 0.018750
0 0.011914 0.060417 0.021484 0.045833
0 0.101367 0.581944 0.012109 0.018056
0 0.018750 0.224306 0.010937 0.018056
0 0.101562 0.204514 0.010937 0.018750
0 0.607422 0.056250 0.027344 0.041667
0 0.059961 0.602431 0.010547 0.020139
0 0.032813 0.184375 0.010156 0.017361
0 0.083203 0.067361 0.012500 0.020833
0 0.060156 0.184722 0.010156 0.018056
0 0.115820 0.223611 0.012109 0.018056
0 0.959375 0.108681 0.012500 0.018750
0 0.033203 0.602431 0.010937 0.020139
0 0.019336 0.582639 0.012109 0.018056
0 0.916016 0.149306 0.026562 0.019444
0 0.046484 0.602431 0.011719 0.020139
0 0.046484 0.184722 0.010937 0.018056
0 0.115625 0.204861 0.011719 0.018056
0 0.032617 0.224306 0.010547 0.019444
0 0.031055 0.060764 0.016016 0.045139
0 0.060352 0.224653 0.010547 0.021528
0 0.889062 0.148958 0.024219 0.021528
0 0.032617 0.204167 0.010547 0.019444
0 0.060352 0.203819 0.010547 0.018750
0 0.049219 0.061111 0.017188 0.045833
0 0.046484 0.224653 0.011719 0.020139
0 0.595117 0.983681 0.013672 0.021528
0 0.046680 0.203819 0.011328 0.018750
0 0.658789 0.065972 0.009766 0.018056
0 0.508984 0.981944 0.014063 0.020833
0 0.066406 0.060764 0.017969 0.043750
0 0.059961 0.582639 0.011328 0.018056
0 0.526172 0.982292 0.014063 0.021528
0 0.033008 0.582639 0.011328 0.018056
0 0.491602 0.982292 0.013672 0.020139
0 0.672852 0.065972 0.012891 0.018056
0 0.863477 0.148611 0.026953 0.022222
0 0.543359 0.982986 0.014063 0.021528
0 0.578125 0.983333 0.014063 0.022222
0 0.046680 0.582639 0.012109 0.018056
0 0.629297 0.983681 0.014063 0.024306
0 0.560742 0.983333 0.014453 0.022222
0 0.088086 0.185417 0.011328 0.018056
0 0.898242 0.981250 0.011328 0.020833
0 0.088281 0.224306 0.010937 0.020833
0 0.711523 0.065625 0.012109 0.017361
0 0.073438 0.602778 0.010937 0.020833
0 0.046680 0.145833 0.010547 0.019444
0 0.032617 0.145833 0.011328 0.019444
0 0.698633 0.065625 0.011328 0.017361
0 0.995703 0.482986 0.007812 0.015972
0 0.074023 0.204167 0.011328 0.018056
0 0.087500 0.582639 0.012500 0.018056
0 0.074023 0.224653 0.011328 0.021528
0 0.954297 0.006944 0.010156 0.013889
0 0.842969 0.131597 0.010156 0.014583
0 0.991602 0.007639 0.012109 0.015278
0 0.910547 0.981597 0.014063 0.020139
0 0.073438 0.562847 0.011719 0.015972
0 0.059766 0.146181 0.010156 0.018750
0 0.073828 0.184722 0.011719 0.018056
0 0.971289 0.007292 0.012109 0.014583
0 0.088086 0.917361 0.011328 0.018056
0 0.074609 0.146181 0.013281 0.018750
0 0.073438 0.582639 0.010937 0.018056
0 0.005469 0.146181 0.010937 0.020139
0 0.429492 0.047569 0.011328 0.017361
0 0.073828 0.918056 0.012500 0.018056
0 0.046484 0.562500 0.011719 0.016667
0 0.101562 0.146528 0.010937 0.018056
0 0.278711 0.109722 0.012109 0.018056
0 0.032422 0.562500 0.011719 0.016667
0 0.139453 0.023958 0.021094 0.015972
0 0.032813 0.165625 0.010156 0.017361
0 0.006055 0.918056 0.012109 0.018056
0 0.088086 0.203819 0.010547 0.018750
0 0.685742 0.065625 0.010547 0.017361
0 0.833398 0.065278 0.012891 0.019444
0 0.866992 0.057639 0.017578 0.038889
0 0.160742 0.023958 0.016016 0.015972
0 0.856445 0.606250 0.012891 0.018056
0 0.931836 0.606250 0.012109 0.018056
0 0.729883 0.067014 0.012109 0.017361
0 0.115625 0.147222 0.010156 0.018056
0 0.101758 0.562500 0.012109 0.016667
0 0.102539 0.128819 0.010547 0.015972
0 0.087305 0.602431 0.012109 0.020139
0 0.059961 0.562847 0.011328 0.015972
0 0.848242 0.064931 0.014453 0.020139
0 0.060742 0.918056 0.011328 0.018056
0 0.986328 0.059722 0.019531 0.047222
0 0.886328 0.605556 0.013281 0.018056
0 0.033984 0.024306 0.014063 0.015278
0 0.902539 0.605903 0.012891 0.018750
0 0.767773 0.047917 0.010547 0.016667
0 0.153516 0.896181 0.034375 0.057639
0 0.743359 0.048264 0.011719 0.017361
0 0.005273 0.223611 0.010547 0.018056
0 0.729492 0.047917 0.013672 0.018056
0 0.916406 0.605903 0.013281 0.018750
0 0.927344 0.981250 0.013281 0.019444
0 0.743555 0.067708 0.012109 0.017361
0 0.975000 0.107986 0.014063 0.017361
0 0.005664 0.562847 0.011328 0.018750
0 0.920117 0.024653 0.012109 0.018750
0 0.990820 0.107639 0.013672 0.016667
0 0.087305 0.562500 0.012109 0.016667
0 0.177539 0.024306 0.013672 0.016667
0 0.767578 0.067014 0.009375 0.017361
0 0.756055 0.048264 0.011328 0.017361
0 0.779297 0.047917 0.012500 0.016667
0 0.045312 0.109028 0.011719 0.019444
0 0.018945 0.562847 0.012109 0.017361
0 0.086328 0.109028 0.012500 0.020833
0 0.949609 0.024306 0.016406 0.018056
0 0.932617 0.024306 0.009766 0.018056
0 0.033203 0.918056 0.011719 0.018056
0 0.116406 0.128472 0.010156 0.016667
0 0.756250 0.067708 0.010156 0.017361
0 0.073047 0.108681 0.011719 0.020139
0 0.033008 0.937847 0.011328 0.014583
0 0.020117 0.918056 0.012891 0.018056
0 0.101172 0.224306 0.010937 0.019444
0 0.101562 0.185417 0.010937 0.018056
0 0.019336 0.184722 0.011328 0.018056
0 0.369336 0.981944 0.016016 0.020833
