0 0.951916 0.982063 0.007027 0.020139
0 0.119896 0.545455 0.006941 0.011465
0 0.111609 0.545528 0.006367 0.011903
0 0.103934 0.544799 0.008000 0.013931
0 0.019881 0.165007 0.011254 0.015792
0 0.005666 0.165656 0.011160 0.015312
0 0.047084 0.165663 0.011926 0.016437
0 0.074859 0.166243 0.013125 0.018944
0 0.101598 0.165385 0.011523 0.015118
0 0.088088 0.147163 0.010199 0.015285
0 0.112520 0.128868 0.005148 0.010931
0 0.961457 0.981802 0.008906 0.015271
0 0.872209 0.626882 0.043520 0.015097
0 0.995768 0.586049 0.005910 0.012361
0 0.988877 0.586271 0.006043 0.013444
0 0.980977 0.586052 0.005125 0.011062
0 0.973539 0.586000 0.006961 0.010083
0 0.995826 0.483965 0.006277 0.011792
0 0.988240 0.483969 0.006066 0.012299
0 0.980539 0.483715 0.004234 0.011792
0 0.973490 0.483840 0.007340 0.011292
0 0.919516 0.448837 0.140781 0.008576
0 0.922270 0.438236 0.140781 0.012847
0 0.922016 0.425194 0.140781 0.012847
0 0.922016 0.412382 0.140781 0.012847
0 0.922074 0.399375 0.140781 0.012847
0 0.922074 0.385965 0.140781 0.012847
0 0.922074 0.372944 0.140781 0.012847
0 0.922375 0.346274 0.140781 0.012854
0 0.922100 0.332528 0.140785 0.012847
0 0.922100 0.319708 0.140785 0.012847
0 0.922100 0.306222 0.140785 0.012847
0 0.922100 0.292507 0.140785 0.012847
0 0.922312 0.254042 0.140781 0.012847
0 0.922121 0.227326 0.140781 0.012847
0 0.922121 0.213854 0.140781 0.012847
0 0.922121 0.201247 0.140781 0.011021
0 0.921742 0.187760 0.140781 0.011021
0 0.995793 0.128326 0.006156 0.010833
0 0.104852 0.128812 0.007148 0.014583
0 0.514096 0.047660 0.152668 0.018792
0 0.973426 0.129076 0.007086 0.013014
0 0.342744 0.066528 0.153184 0.017917
0 0.168250 0.047840 0.154281 0.016931
0 0.342684 0.046934 0.152602 0.016368
0 0.115977 0.166215 0.013203 0.018542
0 0.168420 0.066431 0.154801 0.015472
0 0.257988 0.047569 0.016758 0.018750
0 0.700234 0.047847 0.026562 0.017361
0 0.664176 0.047042 0.045703 0.018750
0 0.634078 0.047000 0.014844 0.015972
0 0.795703 0.059375 0.017969 0.036806
0 0.815434 0.061111 0.019922 0.039583
0 0.020273 0.146167 0.012930 0.020278
0 0.168246 0.129792 0.007258 0.016667
0 0.033348 0.146563 0.011328 0.019444
0 0.101387 0.917361 0.013711 0.019444
0 0.991602 0.006882 0.012109 0.013764
0 0.988053 0.129292 0.006082 0.013222
0 0.980799 0.129038 0.005746 0.012757
0 0.972141 0.006955 0.012109 0.013910
0 0.116383 0.917139 0.014844 0.021528
0 0.924609 0.463889 0.150781 0.016667
0 0.074961 0.147063 0.013281 0.018750
0 0.257539 0.066319 0.016641 0.017361
0 0.430863 0.047569 0.011328 0.017361
0 0.115840 0.561951 0.011328 0.016667
0 0.941680 0.980903 0.011484 0.020139
0 0.143738 0.129444 0.038828 0.017361
0 0.981289 0.025139 0.035078 0.020139
0 0.506750 0.066625 0.165625 0.017306
0 0.119695 0.128674 0.005922 0.015972
0 0.115430 0.147222 0.010547 0.018056
0 0.475195 0.985069 0.012891 0.020139
0 0.872461 0.277778 0.039453 0.012500
0 0.088281 0.185069 0.010937 0.018750
0 0.629297 0.983681 0.014063 0.024306
0 0.560742 0.983333 0.014453 0.022222
0 0.578125 0.983333 0.014063 0.022222
0 0.543359 0.982986 0.014063 0.021528
0 0.046484 0.582639 0.011719 0.018056
0 0.491602 0.982292 0.013672 0.020139
0 0.059961 0.582639 0.011328 0.018056
0 0.863086 0.148611 0.026172 0.022222
0 0.033203 0.582639 0.011719 0.018056
0 0.526172 0.982292 0.014063 0.021528
0 0.508984 0.981944 0.014063 0.020833
0 0.066602 0.060764 0.017578 0.043750
0 0.595313 0.983681 0.013281 0.021528
0 0.046680 0.203819 0.011328 0.018750
0 0.672656 0.066319 0.011719 0.017361
0 0.888867 0.148958 0.024609 0.021528
0 0.916211 0.149306 0.026953 0.019444
0 0.049219 0.061111 0.017188 0.045833
0 0.046484 0.224653 0.011719 0.020139
0 0.030859 0.060764 0.015625 0.045139
0 0.032617 0.204167 0.010547 0.019444
0 0.060352 0.224653 0.010547 0.021528
0 0.060352 0.204167 0.010547 0.018056
0 0.032617 0.224306 0.010547 0.019444
0 0.156445 0.109028 0.011328 0.019444
0 0.658789 0.066319 0.009766 0.017361
0 0.046484 0.184722 0.010937 0.018056
0 0.046680 0.602431 0.011328 0.020139
0 0.115625 0.204167 0.011719 0.018056
0 0.959375 0.108681 0.012500 0.018750
0 0.607422 0.056250 0.027344 0.041667
0 0.142383 0.109028 0.014453 0.019444
0 0.033203 0.602778 0.010937 0.019444
0 0.127344 0.109028 0.012500 0.018056
0 0.019531 0.582986 0.011719 0.017361
0 0.115625 0.223611 0.011719 0.018056
0 0.059961 0.602431 0.010547 0.020139
0 0.032813 0.184375 0.010156 0.017361
0 0.101562 0.204167 0.010937 0.018056
0 0.101562 0.581944 0.011719 0.018056
0 0.018750 0.224306 0.010937 0.018056
0 0.083008 0.067014 0.012109 0.020139
0 0.060352 0.184722 0.010547 0.018056
0 0.011914 0.060417 0.021484 0.045833
0 0.645312 0.065972 0.010156 0.016667
0 0.019141 0.602431 0.010937 0.018750
0 0.019141 0.204514 0.011719 0.018750
0 0.005859 0.582986 0.011719 0.018750
0 0.087891 0.165972 0.010937 0.018056
0 0.005664 0.204167 0.011328 0.019444
0 0.113867 0.109375 0.012891 0.018750
0 0.115820 0.185069 0.011328 0.018750
0 0.019336 0.108681 0.037891 0.021528
0 0.019531 0.937153 0.011719 0.015972
0 0.006055 0.937500 0.012109 0.016667
0 0.005664 0.602431 0.011328 0.018750
0 0.421875 0.980556 0.088281 0.027778
0 0.047461 0.917708 0.012109 0.017361
0 0.059961 0.165625 0.010547 0.017361
0 0.169727 0.109028 0.013672 0.020833
0 0.196875 0.109028 0.012500 0.020833
0 0.612500 0.984028 0.014063 0.022222
0 0.183789 0.109028 0.011328 0.020833
0 0.005664 0.185069 0.011328 0.018750
0 0.871289 0.605903 0.012891 0.017361
0 0.101172 0.224306 0.010937 0.019444
0 0.369336 0.981944 0.016016 0.020833
0 0.632227 0.066319 0.011328 0.018750
0 0.101367 0.602778 0.011328 0.019444
0 0.019531 0.184722 0.010937 0.018056
0 0.101562 0.185069 0.010937 0.018750
0 0.116016 0.581597 0.012500 0.017361
0 0.032813 0.938194 0.010937 0.015278
0 0.756250 0.067708 0.010156 0.017361
0 0.072852 0.109722 0.012109 0.019444
0 0.020117 0.918056 0.012891 0.018056
0 0.932617 0.024306 0.009766 0.018056
0 0.949609 0.024306 0.016406 0.018056
0 0.059180 0.109375 0.011328 0.018750
0 0.210742 0.109375 0.012109 0.020139
0 0.033008 0.918056 0.011328 0.018056
0 0.045508 0.109375 0.012109 0.018750
0 0.006055 0.023611 0.011328 0.013889
0 0.019141 0.562847 0.011719 0.017361
0 0.779297 0.047917 0.012500 0.016667
0 0.298242 0.108333 0.106641 0.022222
0 0.756055 0.048264 0.011328 0.017361
0 0.920117 0.024653 0.012109 0.018750
0 0.767578 0.067014 0.009375 0.017361
0 0.177734 0.023611 0.013281 0.016667
0 0.990820 0.107639 0.013672 0.016667
0 0.927539 0.981250 0.013672 0.019444
0 0.087305 0.562500 0.012109 0.016667
0 0.358594 0.110069 0.011719 0.017361
0 0.005859 0.562847 0.011719 0.018750
0 0.975000 0.107986 0.014063 0.017361
0 0.743555 0.067708 0.012109 0.017361
0 0.153320 0.896528 0.033984 0.056944
0 0.729492 0.047917 0.013672 0.018056
0 0.005273 0.223611 0.010547 0.018056
0 0.083594 0.046181 0.014844 0.015972
0 0.916406 0.605903 0.013281 0.018750
0 0.743359 0.048264 0.011719 0.017361
0 0.019922 0.023611 0.010937 0.015278
0 0.767773 0.047917 0.010547 0.016667
0 0.902539 0.605903 0.012891 0.018750
0 0.848242 0.064931 0.014453 0.020139
0 0.986328 0.059722 0.019531 0.047222
0 0.886328 0.605556 0.013281 0.018056
0 0.087305 0.602431 0.012109 0.020139
0 0.059961 0.562847 0.011328 0.015972
0 0.160742 0.022917 0.016016 0.015278
0 0.060742 0.918056 0.011328 0.018056
0 0.856250 0.606250 0.013281 0.018056
0 0.931836 0.606250 0.012109 0.018056
0 0.121094 0.022917 0.011719 0.013889
0 0.729883 0.067014 0.012109 0.017361
0 0.034375 0.023611 0.014063 0.013889
0 0.101758 0.562847 0.012109 0.015972
0 0.105469 0.022917 0.015625 0.013889
0 0.866992 0.057639 0.017578 0.038889
0 0.837500 0.046528 0.022656 0.015278
0 0.833398 0.065278 0.012891 0.019444
0 0.088086 0.203819 0.010547 0.018750
0 0.006055 0.918056 0.012109 0.018056
0 0.032813 0.165625 0.010156 0.017361
0 0.139648 0.022917 0.020703 0.015278
0 0.053125 0.023611 0.018750 0.013889
0 0.032422 0.562500 0.011719 0.016667
0 0.474219 0.982639 0.013281 0.020833
0 0.072461 0.023264 0.013672 0.013194
0 0.867383 0.240625 0.033203 0.011806
0 0.685352 0.065972 0.010547 0.018056
0 0.224219 0.109375 0.012500 0.020139
0 0.086133 0.109722 0.012109 0.019444
0 0.101562 0.146528 0.010937 0.018056
0 0.046289 0.562500 0.011328 0.016667
0 0.074023 0.917708 0.012891 0.017361
0 0.005469 0.146181 0.010937 0.020139
0 0.099805 0.109722 0.012891 0.019444
0 0.088086 0.917361 0.011328 0.018056
0 0.073438 0.582639 0.010937 0.018056
0 0.982227 0.980903 0.026172 0.022917
0 0.073828 0.184722 0.011719 0.018056
0 0.059961 0.146181 0.009766 0.018750
0 0.910742 0.981597 0.013672 0.020139
0 0.073633 0.562847 0.011328 0.015972
0 0.842383 0.046875 0.026172 0.017361
0 0.088672 0.022917 0.011719 0.012500
0 0.954102 0.006944 0.009766 0.013889
0 0.898242 0.981250 0.011328 0.020833
0 0.238281 0.109722 0.013281 0.020833
0 0.842969 0.131597 0.010156 0.014583
0 0.074023 0.204167 0.011328 0.018056
0 0.074023 0.224653 0.011328 0.021528
0 0.698438 0.065625 0.011719 0.017361
0 0.087500 0.582639 0.012500 0.018056
0 0.046875 0.145833 0.010156 0.019444
0 0.711523 0.065625 0.012109 0.017361
0 0.073438 0.602778 0.010937 0.020833
0 0.088281 0.224306 0.010937 0.020833
