0 0.032813 0.165625 0.010156 0.017361
0 0.046484 0.582639 0.011719 0.018056
0 0.560742 0.983333 0.014453 0.022222
0 0.629297 0.983681 0.014063 0.024306
0 0.543359 0.982986 0.014063 0.021528
0 0.578125 0.983333 0.014063 0.022222
0 0.059961 0.582639 0.011328 0.018056
0 0.033203 0.582639 0.011719 0.018056
0 0.672852 0.065972 0.012891 0.018056
0 0.491602 0.982292 0.013672 0.020139
0 0.525977 0.982292 0.013672 0.021528
0 0.508984 0.981944 0.014063 0.020833
0 0.066406 0.060764 0.017969 0.043750
0 0.658789 0.065972 0.009766 0.018056
0 0.595313 0.983681 0.013281 0.021528
0 0.046680 0.203819 0.011328 0.018750
0 0.049219 0.061111 0.017188 0.045833
0 0.046484 0.224653 0.011719 0.020139
0 0.030859 0.060764 0.016406 0.045139
0 0.032617 0.204167 0.010547 0.019444
0 0.060352 0.224653 0.010547 0.021528
0 0.060352 0.204167 0.010547 0.018056
0 0.032617 0.224306 0.010547 0.019444
0 0.863281 0.148264 0.026562 0.021528
0 0.156445 0.109028 0.011328 0.019444
0 0.046680 0.602431 0.011328 0.020139
0 0.019531 0.582986 0.011719 0.017361
0 0.046484 0.184722 0.010937 0.018056
0 0.033203 0.602778 0.010937 0.019444
0 0.115430 0.204514 0.011328 0.017361
0 0.142383 0.108681 0.014453 0.018750
0 0.127344 0.109028 0.012500 0.018056
0 0.645312 0.065972 0.010156 0.016667
0 0.059961 0.602431 0.010547 0.020139
0 0.115625 0.223611 0.011719 0.018056
0 0.101562 0.582292 0.011719 0.017361
0 0.032813 0.184375 0.010156 0.017361
0 0.005859 0.582986 0.011719 0.018750
0 0.018750 0.224306 0.010937 0.018056
0 0.019141 0.602431 0.010937 0.018750
0 0.011914 0.060417 0.021484 0.045833
0 0.083008 0.067014 0.012109 0.020139
0 0.019141 0.204514 0.011719 0.018750
0 0.060352 0.184722 0.010547 0.018056
0 0.087891 0.165972 0.010937 0.018056
0 0.101562 0.204167 0.010937 0.018056
0 0.019336 0.108681 0.037891 0.021528
0 0.005664 0.204167 0.011328 0.019444
0 0.113867 0.109375 0.012891 0.018750
0 0.019531 0.937153 0.011719 0.015972
0 0.006055 0.937500 0.012109 0.016667
0 0.005469 0.602431 0.010937 0.018750
0 0.959375 0.108681 0.012500 0.018750
0 0.115820 0.185069 0.011328 0.018750
0 0.421875 0.980903 0.088281 0.028472
0 0.059766 0.165625 0.010156 0.017361
0 0.169727 0.109028 0.013672 0.020833
0 0.795312 0.059028 0.017969 0.036111
0 0.612500 0.984028 0.014063 0.022222
0 0.047461 0.917708 0.012109 0.017361
0 0.183789 0.109375 0.011328 0.020139
0 0.197070 0.109375 0.012109 0.020139
0 0.005469 0.185069 0.010937 0.018750
0 0.632227 0.066319 0.011328 0.018750
0 0.101367 0.602778 0.011328 0.019444
0 0.756250 0.067361 0.010156 0.016667
0 0.116016 0.581597 0.012500 0.017361
0 0.369336 0.981944 0.015234 0.020833
0 0.019531 0.184722 0.010937 0.018056
0 0.032813 0.938194 0.010937 0.015278
0 0.101172 0.224306 0.010937 0.019444
0 0.072852 0.109375 0.012109 0.018750
0 0.101562 0.185069 0.010937 0.018750
0 0.059180 0.109375 0.011328 0.018750
0 0.020117 0.918056 0.012891 0.018056
0 0.767578 0.067014 0.009375 0.017361
0 0.779297 0.047917 0.012500 0.016667
0 0.045508 0.109375 0.012109 0.018750
0 0.033008 0.918056 0.011328 0.018056
0 0.756055 0.048264 0.011328 0.017361
0 0.949219 0.024306 0.015625 0.016667
0 0.210742 0.109375 0.012109 0.020139
0 0.916211 0.148958 0.026953 0.018750
0 0.006055 0.023611 0.011328 0.013889
0 0.298242 0.107986 0.106641 0.022917
0 0.115820 0.128819 0.009766 0.015972
0 0.019336 0.562847 0.011328 0.017361
0 0.177734 0.023611 0.013281 0.016667
0 0.932813 0.023958 0.009375 0.017361
0 0.358594 0.110069 0.011719 0.017361
0 0.087305 0.562500 0.012109 0.016667
0 0.743555 0.067708 0.012109 0.017361
0 0.005859 0.562847 0.011719 0.018750
0 0.767773 0.047917 0.010547 0.016667
0 0.743359 0.048264 0.011719 0.017361
0 0.083594 0.046181 0.014844 0.015972
0 0.729492 0.047917 0.013672 0.018056
0 0.153320 0.896528 0.033984 0.056944
0 0.019922 0.023958 0.010937 0.014583
0 0.005273 0.223611 0.010547 0.018056
0 0.920312 0.024306 0.011719 0.018056
0 0.871289 0.605903 0.012891 0.017361
0 0.848437 0.064583 0.014063 0.019444
0 0.059961 0.562847 0.011328 0.015972
0 0.087305 0.602431 0.012109 0.020139
0 0.986523 0.059722 0.019141 0.047222
0 0.160742 0.022917 0.016016 0.015278
0 0.975195 0.108681 0.014453 0.017361
0 0.927539 0.981250 0.013672 0.019444
0 0.730078 0.067014 0.011719 0.017361
0 0.060742 0.918056 0.011328 0.018056
0 0.121094 0.022917 0.011719 0.013889
0 0.990820 0.107639 0.013672 0.016667
0 0.833398 0.064931 0.012891 0.018750
0 0.105469 0.022917 0.015625 0.013889
0 0.034375 0.023611 0.014063 0.013889
0 0.101758 0.562847 0.012109 0.015972
0 0.102148 0.129514 0.009766 0.014583
0 0.088086 0.203472 0.010547 0.018056
0 0.685547 0.065625 0.010937 0.017361
0 0.006055 0.918056 0.012109 0.018056
0 0.866797 0.056944 0.017188 0.037500
0 0.115430 0.147222 0.010547 0.018056
0 0.139648 0.022917 0.020703 0.015278
0 0.931641 0.605903 0.012500 0.018750
0 0.053125 0.023611 0.018750 0.013889
0 0.072461 0.023611 0.013672 0.013889
0 0.916406 0.605903 0.013281 0.018750
0 0.032422 0.562500 0.011719 0.016667
0 0.856250 0.606250 0.013281 0.016667
0 0.474219 0.982639 0.013281 0.020833
0 0.086133 0.109722 0.012109 0.019444
0 0.886328 0.605556 0.013281 0.018056
0 0.224219 0.109375 0.012500 0.020139
0 0.699023 0.676042 0.048828 0.028472
0 0.101562 0.146528 0.010937 0.018056
0 0.073828 0.918056 0.012500 0.018056
0 0.902539 0.605556 0.012891 0.018056
0 0.046289 0.562500 0.011328 0.016667
0 0.099805 0.110069 0.012891 0.018750
0 0.088086 0.917361 0.011328 0.018056
0 0.429492 0.047569 0.011328 0.017361
0 0.695117 0.738194 0.051172 0.030556
0 0.005469 0.146181 0.010937 0.020139
0 0.073438 0.582639 0.010937 0.018056
0 0.114062 0.128819 0.010937 0.017361
0 0.760938 0.675694 0.049219 0.031944
0 0.088672 0.022917 0.011719 0.012500
0 0.073633 0.562847 0.011328 0.015972
0 0.912500 0.980903 0.013281 0.020139
0 0.059961 0.146181 0.009766 0.018750
0 0.971289 0.007292 0.011328 0.014583
0 0.991406 0.007639 0.011719 0.015278
0 0.238281 0.109722 0.013281 0.020833
0 0.074023 0.224653 0.011328 0.021528
0 0.074023 0.203819 0.011328 0.017361
0 0.888867 0.605556 0.012109 0.018056
0 0.698633 0.065625 0.011328 0.017361
0 0.087500 0.582639 0.012500 0.018056
0 0.954688 0.006944 0.009375 0.013889
0 0.128906 0.147222 0.012500 0.018056
0 0.032617 0.145833 0.011328 0.019444
0 0.843164 0.131250 0.009766 0.013889
0 0.073438 0.602778 0.010937 0.020833
0 0.765039 0.738194 0.050391 0.030556
0 0.046875 0.145833 0.010156 0.019444
0 0.088281 0.224306 0.010937 0.020833
0 0.711523 0.065625 0.012109 0.017361
0 0.898438 0.981250 0.011719 0.020833
0 0.088086 0.185417 0.011328 0.018056
0 0.475195 0.985069 0.012891 0.020139
0 0.119447 0.546108 0.005957 0.012771
0 0.111895 0.545090 0.004898 0.012778
0 0.996242 0.485257 0.007266 0.012917
0 0.973174 0.586792 0.006848 0.011792
0 0.980687 0.586351 0.006352 0.012174
0 0.987852 0.585597 0.006000 0.011417
0 0.996355 0.586479 0.005648 0.012167
0 0.952047 0.980677 0.009531 0.019382
0 0.087721 0.145510 0.009645 0.015924
0 0.258221 0.045750 0.014020 0.018750
0 0.116559 0.166882 0.012805 0.017361
0 0.170324 0.066257 0.156641 0.021528
0 0.343602 0.045750 0.153906 0.022222
0 0.700488 0.047347 0.026172 0.018056
0 0.169613 0.047139 0.155469 0.021528
0 0.345555 0.066576 0.155469 0.019444
0 0.513865 0.047969 0.155082 0.016910
0 0.507371 0.066840 0.165625 0.020833
0 0.143766 0.130160 0.038359 0.017361
0 0.980109 0.024410 0.036187 0.020139
0 0.115836 0.562097 0.011328 0.016667
0 0.941426 0.980903 0.010977 0.020139
0 0.168672 0.130361 0.010937 0.015278
0 0.258055 0.066319 0.014453 0.017361
0 0.074977 0.147021 0.013281 0.018750
0 0.020078 0.146181 0.012812 0.020139
0 0.074930 0.185000 0.010156 0.018750
0 0.841250 0.046875 0.026172 0.017361
0 0.102863 0.918264 0.018359 0.019444
0 0.872398 0.626521 0.043328 0.015972
0 0.963699 0.981278 0.010547 0.020139
0 0.925578 0.462382 0.148844 0.018056
0 0.983125 0.982010 0.025859 0.021243
0 0.117793 0.916875 0.012070 0.020833
0 0.814211 0.059722 0.019922 0.038889
0 0.664441 0.047389 0.046484 0.016722
0 0.633875 0.047431 0.014844 0.015972
0 0.889578 0.148611 0.024219 0.020833
0 0.607273 0.055729 0.027344 0.041667
0 0.101521 0.164972 0.011574 0.015681
0 0.075340 0.167108 0.013125 0.018187
0 0.005275 0.165944 0.009145 0.017125
0 0.973002 0.128344 0.006590 0.009840
0 0.981371 0.128538 0.005953 0.010410
0 0.989400 0.127948 0.006895 0.010243
0 0.996189 0.128792 0.007621 0.010917
0 0.973342 0.483660 0.007676 0.013792
0 0.980607 0.483587 0.004574 0.010160
0 0.988568 0.485038 0.007918 0.014229
0 0.018830 0.165726 0.010941 0.015535
0 0.104465 0.545451 0.008000 0.012917
