0 0.019141 0.602431 0.010937 0.018750
0 0.005664 0.582986 0.011328 0.018750
0 0.101562 0.204167 0.010937 0.018056
0 0.645312 0.065972 0.010156 0.016667
0 0.607617 0.056250 0.026953 0.041667
0 0.101562 0.582292 0.011719 0.017361
0 0.032813 0.184375 0.010156 0.017361
0 0.011914 0.060417 0.021484 0.045833
0 0.916016 0.149306 0.026562 0.018056
0 0.059961 0.602431 0.010547 0.020139
0 0.115820 0.223611 0.011328 0.018056
0 0.128711 0.108681 0.012891 0.018750
0 0.033203 0.602778 0.010937 0.019444
0 0.046680 0.184722 0.010547 0.018056
0 0.046680 0.602431 0.011328 0.020139
0 0.019336 0.582639 0.012109 0.018056
0 0.115430 0.204861 0.011328 0.018056
0 0.032617 0.224306 0.010547 0.019444
0 0.030859 0.061111 0.016406 0.044444
0 0.060352 0.204167 0.010547 0.018056
0 0.060352 0.224653 0.010547 0.021528
0 0.032617 0.204167 0.010547 0.019444
0 0.049219 0.061458 0.017188 0.045139
0 0.046484 0.224653 0.011719 0.020139
0 0.888672 0.148958 0.024219 0.021528
0 0.046680 0.203819 0.011328 0.018750
0 0.658789 0.065972 0.009766 0.018056
0 0.595313 0.983681 0.013281 0.021528
0 0.508984 0.981944 0.014063 0.020833
0 0.863086 0.148611 0.026172 0.022222
0 0.526172 0.982292 0.014063 0.021528
0 0.672852 0.065972 0.012891 0.018056
0 0.491602 0.982292 0.013672 0.020139
0 0.935547 0.169097 0.124219 0.018750
0 0.005273 0.007292 0.009766 0.014583
0 0.088281 0.185417 0.010937 0.018056
0 0.961914 0.129167 0.009766 0.016667
0 0.778320 0.065278 0.012109 0.019444
0 0.088281 0.224306 0.010937 0.020833
0 0.711523 0.065625 0.012109 0.017361
0 0.898047 0.981250 0.011719 0.020833
0 0.983789 0.169097 0.027734 0.017361
0 0.046875 0.145833 0.010156 0.019444
0 0.971094 0.006944 0.010937 0.013889
0 0.256250 0.066319 0.013281 0.017361
0 0.073438 0.602778 0.010937 0.020833
0 0.698633 0.065625 0.011328 0.017361
0 0.032617 0.145833 0.011328 0.019444
0 0.087500 0.582639 0.012500 0.018056
0 0.074023 0.203819 0.011328 0.017361
0 0.992383 0.007292 0.011328 0.014583
0 0.074023 0.224653 0.011328 0.021528
0 0.843164 0.131250 0.009766 0.013889
0 0.571484 0.602431 0.082031 0.015972
0 0.842969 0.046875 0.025781 0.017361
0 0.059961 0.146181 0.009766 0.018750
0 0.912500 0.980903 0.013281 0.020139
0 0.988086 0.128125 0.008203 0.015972
0 0.994531 0.128125 0.009375 0.014583
0 0.073633 0.562847 0.011328 0.015972
0 0.561133 0.674306 0.031641 0.018056
0 0.073633 0.185069 0.011328 0.017361
0 0.074414 0.146181 0.012891 0.018750
0 0.561914 0.544792 0.098047 0.020139
0 0.086523 0.109375 0.012109 0.018750
0 0.595898 0.673958 0.031641 0.018750
0 0.073438 0.582639 0.010937 0.018056
0 0.087891 0.917361 0.010937 0.018056
0 0.992969 0.168403 0.012500 0.015972
0 0.429492 0.047569 0.011328 0.017361
0 0.089063 0.023611 0.011719 0.013889
0 0.603125 0.444097 0.012500 0.018750
0 0.046289 0.562500 0.011328 0.016667
0 0.073828 0.918056 0.012500 0.018056
0 0.101562 0.146528 0.010937 0.018056
0 0.005664 0.146181 0.011328 0.020139
0 0.548438 0.359722 0.062500 0.016667
0 0.474219 0.982639 0.013281 0.020833
0 0.032422 0.562500 0.011719 0.016667
0 0.902539 0.605556 0.012891 0.018056
0 0.551172 0.461111 0.075781 0.018056
0 0.561914 0.484028 0.098828 0.020833
0 0.551367 0.442361 0.075391 0.016667
0 0.032813 0.165625 0.010156 0.017361
0 0.561914 0.504861 0.098828 0.020833
0 0.052930 0.024653 0.017578 0.014583
0 0.139648 0.023611 0.020703 0.015278
0 0.552930 0.423611 0.077734 0.018056
0 0.553516 0.404167 0.078125 0.018056
0 0.561914 0.525000 0.098828 0.020833
0 0.006055 0.918056 0.012109 0.018056
0 0.341406 0.065972 0.157031 0.020833
0 0.571289 0.584028 0.081641 0.018056
0 0.506641 0.065278 0.165625 0.020833
0 0.916406 0.605903 0.013281 0.018750
0 0.931641 0.605903 0.012500 0.018750
0 0.685547 0.065625 0.010937 0.017361
0 0.033008 0.582639 0.011328 0.018056
0 0.856250 0.606250 0.013281 0.018056
0 0.866992 0.057292 0.017578 0.038194
0 0.256055 0.047917 0.012891 0.018056
0 0.836914 0.046181 0.021484 0.015972
0 0.978320 0.128819 0.009766 0.013194
0 0.088086 0.203819 0.010547 0.018750
0 0.072461 0.023958 0.014453 0.014583
0 0.833398 0.064931 0.012891 0.018750
0 0.547070 0.377431 0.066016 0.017361
0 0.101758 0.562847 0.012109 0.015972
0 0.513477 0.046875 0.155859 0.021528
0 0.115234 0.147222 0.010156 0.018056
0 0.730078 0.067014 0.011719 0.017361
0 0.160742 0.023611 0.016016 0.015278
0 0.991016 0.107639 0.013281 0.016667
0 0.848437 0.064583 0.014063 0.019444
0 0.981250 0.024306 0.037500 0.019444
0 0.701758 0.047222 0.026172 0.018056
0 0.060547 0.918056 0.010937 0.018056
0 0.105078 0.023264 0.014844 0.014583
0 0.342187 0.046528 0.154688 0.020833
0 0.087305 0.602431 0.012109 0.020139
0 0.975195 0.108333 0.014453 0.018056
0 0.059961 0.562847 0.011328 0.015972
0 0.121094 0.023264 0.011719 0.014583
0 0.986328 0.060417 0.020313 0.048611
0 0.927539 0.980903 0.013672 0.020139
0 0.767773 0.047917 0.010547 0.016667
0 0.743359 0.048264 0.011719 0.017361
0 0.729492 0.047917 0.013672 0.018056
0 0.005273 0.223611 0.010547 0.018056
0 0.153320 0.896181 0.033984 0.057639
0 0.920117 0.024306 0.012109 0.018056
0 0.561328 0.301389 0.096875 0.018056
0 0.743555 0.067708 0.012109 0.017361
0 0.881836 0.254167 0.053516 0.015278
0 0.932813 0.023958 0.009375 0.017361
0 0.005664 0.562847 0.011328 0.018750
0 0.155859 0.109028 0.011719 0.019444
0 0.087305 0.562500 0.012109 0.016667
0 0.083594 0.046528 0.014844 0.015278
0 0.756055 0.048264 0.011328 0.017361
0 0.779297 0.047917 0.012500 0.016667
0 0.033008 0.918056 0.011328 0.018056
0 0.177539 0.024306 0.013672 0.016667
0 0.066406 0.060764 0.017969 0.042361
0 0.059961 0.582639 0.011328 0.018056
0 0.543359 0.982986 0.014063 0.021528
0 0.560742 0.983333 0.014453 0.022222
0 0.629297 0.983681 0.014063 0.024306
0 0.578125 0.983333 0.014063 0.022222
0 0.046484 0.582639 0.011719 0.018056
0 0.101367 0.602778 0.011328 0.019444
0 0.767578 0.067014 0.009375 0.017361
0 0.949609 0.023958 0.016406 0.018750
0 0.871289 0.605903 0.012891 0.017361
0 0.045703 0.109028 0.012500 0.018056
0 0.169531 0.109722 0.014063 0.019444
0 0.018945 0.562847 0.012109 0.017361
0 0.020117 0.918056 0.012891 0.018056
0 0.813477 0.059722 0.019922 0.038889
0 0.033984 0.024653 0.013281 0.014583
0 0.019141 0.024306 0.011719 0.015278
0 0.756250 0.067361 0.010156 0.016667
0 0.032813 0.937847 0.010937 0.014583
0 0.101172 0.224306 0.010937 0.019444
0 0.101562 0.185417 0.010937 0.018056
0 0.005859 0.024306 0.010937 0.015278
0 0.116016 0.581597 0.012500 0.017361
0 0.369141 0.981944 0.015625 0.020833
0 0.019531 0.184722 0.010937 0.018056
0 0.059375 0.109028 0.010156 0.018056
0 0.632227 0.066319 0.011328 0.018750
0 0.072656 0.109375 0.013281 0.018750
0 0.665430 0.046875 0.046484 0.018750
0 0.113281 0.109028 0.014844 0.019444
0 0.633984 0.045486 0.014844 0.015972
0 0.795312 0.059028 0.017969 0.036111
0 0.005664 0.185069 0.011328 0.018750
0 0.047461 0.917708 0.012109 0.017361
0 0.019727 0.937153 0.012109 0.015972
0 0.421875 0.980903 0.088281 0.028472
0 0.059766 0.165625 0.010156 0.017361
0 0.612500 0.984028 0.014063 0.022222
0 0.006055 0.937500 0.012109 0.016667
0 0.959375 0.108681 0.012500 0.018750
0 0.115820 0.185069 0.011328 0.018750
0 0.005469 0.602431 0.010937 0.018750
0 0.005664 0.204167 0.011328 0.019444
0 0.083008 0.067361 0.012109 0.019444
0 0.142969 0.108681 0.011719 0.018750
0 0.060156 0.184722 0.010156 0.018056
0 0.087891 0.165972 0.010937 0.018056
0 0.019336 0.108681 0.037891 0.021528
0 0.018945 0.204514 0.011328 0.018750
0 0.018750 0.224306 0.010937 0.018056
0 0.989340 0.483958 0.007422 0.015972
0 0.973896 0.483875 0.007441 0.013250
0 0.116336 0.919201 0.011945 0.013889
0 0.951553 0.980573 0.007184 0.018160
0 0.996254 0.587958 0.006516 0.012875
0 0.872740 0.627222 0.044238 0.014819
0 0.961932 0.982056 0.010910 0.017806
0 0.567377 0.321708 0.082230 0.018472
0 0.112988 0.544753 0.008594 0.015743
0 0.120395 0.545128 0.006117 0.014243
0 0.087600 0.147038 0.008980 0.015604
0 0.104904 0.128972 0.007285 0.011139
0 0.099887 0.109434 0.010992 0.018965
0 0.005514 0.165819 0.009566 0.015194
0 0.074580 0.166417 0.014441 0.019847
0 0.101543 0.166076 0.011953 0.018972
0 0.046998 0.165493 0.009699 0.017153
0 0.020297 0.166205 0.010711 0.014701
0 0.988760 0.586705 0.005738 0.012799
0 0.925336 0.200243 0.146875 0.013722
0 0.924895 0.214288 0.146875 0.013715
0 0.924309 0.228340 0.146875 0.013722
0 0.924938 0.463090 0.146875 0.013722
0 0.973725 0.586701 0.006105 0.009722
0 0.980832 0.586538 0.004828 0.011340
0 0.143129 0.129319 0.039219 0.017361
0 0.571266 0.564931 0.082422 0.018750
0 0.116113 0.166285 0.013477 0.018681
0 0.168563 0.067069 0.154359 0.019472
0 0.169039 0.047795 0.154188 0.015035
0 0.115379 0.562243 0.011328 0.015972
0 0.104854 0.545778 0.006973 0.012111
0 0.112564 0.129885 0.006301 0.012243
0 0.119830 0.130160 0.006262 0.011972
0 0.887273 0.605889 0.013281 0.018056
0 0.942062 0.980243 0.010562 0.020139
0 0.925387 0.186472 0.146875 0.013722
0 0.567176 0.340014 0.079687 0.015278
0 0.020254 0.146389 0.013164 0.020556
0 0.982293 0.981368 0.025781 0.022917
0 0.981301 0.484306 0.006406 0.010833
0 0.996871 0.483222 0.006258 0.015278
0 0.867063 0.240236 0.031680 0.009806
0 0.167096 0.129875 0.006512 0.014583
0 0.101914 0.918576 0.013984 0.018403
