0 0.973455 0.586052 0.007480 0.008910
0 0.996295 0.484177 0.005684 0.011465
0 0.988154 0.483486 0.005793 0.008917
0 0.980557 0.483788 0.005027 0.010687
0 0.922063 0.385549 0.141797 0.011917
0 0.922211 0.398299 0.141797 0.011917
0 0.922211 0.412083 0.141797 0.011917
0 0.922063 0.424573 0.141797 0.011924
0 0.922211 0.437319 0.141797 0.011917
0 0.921625 0.450184 0.141797 0.009604
0 0.973123 0.484663 0.006777 0.010104
0 0.074609 0.146181 0.013281 0.018750
0 0.742246 0.047691 0.012023 0.018271
0 0.973256 0.128875 0.006449 0.011236
0 0.980654 0.129212 0.004551 0.012368
0 0.101434 0.165160 0.009961 0.016111
0 0.988559 0.130111 0.006195 0.012819
0 0.996020 0.130000 0.005945 0.012139
0 0.922051 0.187764 0.141797 0.011917
0 0.922051 0.200583 0.141797 0.011917
0 0.074898 0.166031 0.013555 0.019882
0 0.921418 0.226660 0.141797 0.011917
0 0.921668 0.252934 0.141797 0.011924
0 0.921984 0.292625 0.141797 0.011917
0 0.922660 0.306472 0.141797 0.011917
0 0.922320 0.319111 0.141797 0.011917
0 0.921813 0.332656 0.141797 0.011924
0 0.922211 0.372285 0.141797 0.011917
0 0.005039 0.165451 0.009227 0.012917
0 0.921797 0.213396 0.141797 0.011917
0 0.018920 0.165740 0.011020 0.014660
0 0.046518 0.164944 0.010371 0.018000
0 0.924121 0.346611 0.136328 0.015972
0 0.169830 0.049486 0.154480 0.017694
0 0.170219 0.067719 0.154875 0.017340
0 0.343061 0.066924 0.153801 0.018097
0 0.512969 0.047559 0.153906 0.015951
0 0.507227 0.067778 0.166797 0.020833
0 0.840469 0.046528 0.028594 0.016667
0 0.142363 0.128819 0.037852 0.017361
0 0.941484 0.980903 0.011094 0.020139
0 0.020969 0.146069 0.011328 0.020139
0 0.257207 0.066319 0.015977 0.018750
0 0.033023 0.145833 0.011328 0.019444
0 0.166990 0.129083 0.008520 0.017361
0 0.116133 0.166215 0.013516 0.018542
0 0.343203 0.047476 0.154687 0.020507
0 0.257344 0.047917 0.015469 0.019444
0 0.729063 0.047569 0.015156 0.020139
0 0.633836 0.046528 0.014844 0.017361
0 0.922898 0.464153 0.147656 0.018056
0 0.961352 0.982597 0.010547 0.020833
0 0.088045 0.146219 0.010285 0.015674
0 0.951377 0.981052 0.007715 0.015965
0 0.871686 0.626795 0.044191 0.015896
0 0.995932 0.586302 0.005152 0.010660
0 0.988063 0.587493 0.008188 0.010792
0 0.980406 0.586052 0.003602 0.010410
0 0.012109 0.060069 0.021094 0.046528
0 0.083008 0.067361 0.012109 0.020833
0 0.612500 0.984028 0.014063 0.022222
0 0.127344 0.109028 0.012500 0.018056
0 0.019141 0.204514 0.011719 0.018750
0 0.421680 0.980556 0.087891 0.029167
0 0.115820 0.184722 0.011328 0.019444
0 0.645312 0.065972 0.010156 0.016667
0 0.019141 0.602431 0.010937 0.018750
0 0.005859 0.582986 0.011719 0.018750
0 0.087891 0.165972 0.010937 0.018056
0 0.019727 0.937153 0.012109 0.015972
0 0.005664 0.204167 0.011328 0.019444
0 0.006055 0.937500 0.012109 0.016667
0 0.019336 0.108681 0.037891 0.021528
0 0.121094 0.022917 0.011719 0.015278
0 0.856445 0.606250 0.013672 0.018056
0 0.101758 0.562847 0.012109 0.015972
0 0.005664 0.602431 0.011328 0.018750
0 0.047461 0.917708 0.012109 0.017361
0 0.101172 0.224306 0.010937 0.019444
0 0.059961 0.165278 0.010547 0.018056
0 0.369336 0.981944 0.016016 0.022222
0 0.114258 0.109375 0.012891 0.018750
0 0.795312 0.059722 0.017969 0.037500
0 0.005664 0.185069 0.011328 0.018750
0 0.664648 0.047222 0.045703 0.019444
0 0.632227 0.066319 0.011328 0.018750
0 0.020117 0.918056 0.012891 0.018056
0 0.101367 0.603125 0.011328 0.020139
0 0.116016 0.581250 0.012500 0.018056
0 0.033008 0.938194 0.011328 0.015278
0 0.101562 0.185069 0.010937 0.018750
0 0.169531 0.109028 0.014063 0.020833
0 0.019336 0.184722 0.011328 0.018056
0 0.871094 0.606250 0.013281 0.018056
0 0.183789 0.109028 0.011328 0.020833
0 0.059180 0.109375 0.011328 0.018750
0 0.813477 0.060069 0.019922 0.039583
0 0.767773 0.047917 0.010547 0.016667
0 0.059961 0.562500 0.011328 0.016667
0 0.729492 0.067708 0.011328 0.017361
0 0.886328 0.605556 0.013281 0.018056
0 0.087305 0.602431 0.012109 0.020139
0 0.902734 0.605903 0.013281 0.018750
0 0.848437 0.064931 0.014844 0.020139
0 0.986328 0.060069 0.020313 0.049306
0 0.005273 0.223611 0.010547 0.018056
0 0.060742 0.918056 0.011328 0.018056
0 0.927539 0.980903 0.013672 0.020139
0 0.916406 0.605903 0.013281 0.018750
0 0.019922 0.023611 0.010937 0.015278
0 0.358789 0.110069 0.012109 0.017361
0 0.153711 0.896181 0.034766 0.057639
0 0.083594 0.046181 0.014844 0.015972
0 0.099805 0.109722 0.013672 0.019444
0 0.160742 0.023264 0.016016 0.015972
0 0.034375 0.023611 0.014063 0.013889
0 0.932031 0.605903 0.012500 0.018750
0 0.866992 0.057986 0.018359 0.039583
0 0.117383 0.562153 0.011328 0.015972
0 0.105469 0.022569 0.015625 0.014583
0 0.115430 0.146875 0.010547 0.018750
0 0.032422 0.562847 0.011719 0.017361
0 0.101953 0.129514 0.010156 0.014583
0 0.088086 0.203819 0.010547 0.018750
0 0.833594 0.065278 0.013281 0.020833
0 0.085938 0.109722 0.011719 0.019444
0 0.982227 0.023958 0.033984 0.021528
0 0.032813 0.165625 0.010156 0.017361
0 0.139648 0.022917 0.020703 0.015278
0 0.046289 0.562847 0.011328 0.017361
0 0.867188 0.240278 0.033594 0.012500
0 0.474219 0.982292 0.013281 0.021528
0 0.053125 0.023958 0.018750 0.014583
0 0.072656 0.023611 0.014063 0.013889
0 0.101562 0.146528 0.010937 0.018056
0 0.224414 0.109722 0.012891 0.020833
0 0.685352 0.065972 0.010547 0.018056
0 0.074023 0.917708 0.012891 0.018750
0 0.005469 0.145833 0.010937 0.020833
0 0.073438 0.582639 0.010937 0.018056
0 0.910742 0.981597 0.014453 0.021528
0 0.429492 0.047569 0.011328 0.017361
0 0.971484 0.007292 0.012500 0.014583
0 0.073438 0.563194 0.011719 0.016667
0 0.982422 0.981250 0.026562 0.023611
0 0.073828 0.185069 0.011719 0.018750
0 0.060156 0.146181 0.010156 0.018750
0 0.088086 0.917708 0.011328 0.018750
0 0.088672 0.022569 0.011719 0.013194
0 0.991797 0.007639 0.012500 0.015278
0 0.074023 0.204167 0.011328 0.018056
0 0.954102 0.007292 0.010547 0.014583
0 0.074023 0.224653 0.011328 0.021528
0 0.087500 0.582639 0.012500 0.018056
0 0.842773 0.131597 0.010547 0.015972
0 0.698438 0.065625 0.011719 0.017361
0 0.046680 0.145833 0.010547 0.019444
0 0.238281 0.109375 0.013281 0.021528
0 0.073438 0.602778 0.010937 0.020833
0 0.088281 0.224306 0.010937 0.020833
0 0.104297 0.917708 0.019531 0.020139
0 0.046484 0.938542 0.010937 0.014583
0 0.711523 0.065625 0.012109 0.017361
0 0.088086 0.185069 0.011328 0.018750
0 0.898242 0.981597 0.011328 0.021528
0 0.475391 0.985069 0.013281 0.020139
0 0.868359 0.277778 0.032031 0.013889
0 0.116211 0.601736 0.011328 0.018750
0 0.196875 0.109028 0.012500 0.020833
0 0.073047 0.109375 0.011719 0.018750
0 0.033203 0.918056 0.011719 0.018056
0 0.949805 0.024653 0.016797 0.018750
0 0.932617 0.024306 0.009766 0.018056
0 0.019141 0.563194 0.011719 0.018056
0 0.756055 0.067708 0.009766 0.017361
0 0.767383 0.067014 0.009766 0.017361
0 0.743164 0.067708 0.012109 0.017361
0 0.006055 0.023264 0.011328 0.014583
0 0.045508 0.109375 0.012109 0.018750
0 0.700781 0.046875 0.027344 0.018750
0 0.755469 0.047917 0.012500 0.018056
0 0.298438 0.108333 0.107031 0.023611
0 0.115625 0.128819 0.010156 0.015972
0 0.779297 0.048264 0.012500 0.017361
0 0.210742 0.109375 0.012109 0.020139
0 0.006055 0.562847 0.012109 0.018750
0 0.087305 0.562847 0.012109 0.017361
0 0.975195 0.108333 0.014453 0.018056
0 0.920312 0.024306 0.012500 0.019444
0 0.990820 0.107986 0.013672 0.017361
0 0.177734 0.023611 0.013281 0.016667
0 0.629297 0.983681 0.014063 0.024306
0 0.560742 0.983333 0.014453 0.022222
0 0.577930 0.983333 0.014453 0.022222
0 0.543359 0.982986 0.014063 0.021528
0 0.046484 0.582639 0.011719 0.018056
0 0.491602 0.982292 0.013672 0.020139
0 0.059961 0.582639 0.011328 0.018056
0 0.862891 0.148611 0.025781 0.023611
0 0.526172 0.982292 0.014063 0.021528
0 0.033203 0.582639 0.011719 0.018056
0 0.066406 0.060764 0.017969 0.043750
0 0.508984 0.981944 0.014063 0.020833
0 0.916211 0.149653 0.026953 0.020139
0 0.595313 0.983681 0.013281 0.021528
0 0.046484 0.204167 0.011719 0.019444
0 0.672656 0.066319 0.011719 0.017361
0 0.888867 0.148958 0.024609 0.021528
0 0.046484 0.224653 0.011719 0.020139
0 0.030859 0.060764 0.016406 0.045139
0 0.049219 0.060764 0.017188 0.046528
0 0.060352 0.224653 0.010547 0.021528
0 0.060352 0.203819 0.010547 0.018750
0 0.032617 0.204167 0.010547 0.019444
0 0.032617 0.224653 0.010547 0.020139
0 0.115625 0.204514 0.011719 0.018750
0 0.046484 0.184722 0.010937 0.018056
0 0.959375 0.108681 0.012500 0.020139
0 0.658789 0.066319 0.009766 0.017361
0 0.046484 0.602431 0.011719 0.020139
0 0.607422 0.056597 0.027344 0.042361
0 0.006055 0.918056 0.012109 0.018056
0 0.033203 0.602778 0.010937 0.019444
0 0.156250 0.109028 0.011719 0.019444
0 0.019531 0.582639 0.011719 0.018056
0 0.115625 0.223611 0.011719 0.018056
0 0.060156 0.602778 0.010937 0.020833
0 0.142383 0.109028 0.015234 0.019444
0 0.032813 0.184722 0.010156 0.018056
0 0.101562 0.204514 0.010937 0.018750
0 0.060352 0.184722 0.010547 0.018056
0 0.101562 0.581944 0.011719 0.018056
0 0.018750 0.223958 0.010937 0.018750
