0 0.913021 0.347222 0.154167 0.018519
0 0.820312 0.063889 0.014583 0.022222
0 0.008073 0.032407 0.014063 0.020370
0 0.115625 0.186574 0.011458 0.023148
0 0.924479 0.621296 0.017708 0.024074
0 0.913281 0.417593 0.154688 0.018519
0 0.770312 0.088426 0.015625 0.021296
0 0.934115 0.033333 0.023438 0.025926
0 0.913542 0.242130 0.155208 0.019444
0 0.913021 0.399537 0.155208 0.017593
0 0.180469 0.862500 0.044271 0.075000
0 0.770312 0.065278 0.016667 0.023148
0 0.913021 0.381944 0.155208 0.017593
0 0.922396 0.975926 0.013542 0.024074
0 0.836198 0.063426 0.015104 0.021296
0 0.008073 0.918519 0.016146 0.020370
0 0.845052 0.279167 0.017188 0.021296
0 0.914062 0.259722 0.154167 0.017593
0 0.914583 0.330093 0.152083 0.017593
0 0.924479 0.293981 0.133333 0.017593
0 0.924479 0.312037 0.133333 0.016667
0 0.786979 0.089352 0.015625 0.021296
0 0.787240 0.064815 0.015104 0.022222
0 0.844792 0.302778 0.016667 0.024074
0 0.984375 0.162500 0.009375 0.017593
0 0.975781 0.976389 0.032813 0.030556
0 0.948438 0.976852 0.013542 0.022222
0 0.114844 0.555556 0.009896 0.018519
0 0.134896 0.555556 0.009375 0.016667
0 0.934896 0.975463 0.010417 0.023148
0 0.995313 0.163426 0.009375 0.019444
0 0.988542 0.009722 0.013542 0.019444
0 0.674219 0.087500 0.013021 0.021296
0 0.692969 0.087500 0.018229 0.023148
0 0.592708 0.978241 0.017708 0.028704
0 0.116667 0.212500 0.012500 0.023148
0 0.062240 0.605093 0.015104 0.023148
0 0.098437 0.579630 0.015625 0.022222
0 0.061979 0.579167 0.015625 0.021296
0 0.061719 0.657870 0.015104 0.025000
0 0.044010 0.343519 0.015104 0.025926
0 0.043490 0.578704 0.015104 0.022222
0 0.044010 0.604630 0.015104 0.024074
0 0.546354 0.978241 0.018750 0.028704
0 0.569792 0.978704 0.018750 0.029630
0 0.080729 0.237963 0.014583 0.024074
0 0.025521 0.658333 0.014583 0.024074
0 0.080208 0.263889 0.014583 0.025926
0 0.098698 0.264352 0.013021 0.025000
0 0.087760 0.080093 0.023438 0.056481
0 0.025521 0.316204 0.014583 0.023148
0 0.064323 0.080556 0.021354 0.057407
0 0.098437 0.606019 0.014583 0.025000
0 0.080469 0.212500 0.013021 0.023148
0 0.116927 0.264352 0.014063 0.023148
0 0.117708 0.317593 0.016667 0.024074
0 0.098958 0.317130 0.013542 0.025000
0 0.080208 0.631481 0.014583 0.025926
0 0.117969 0.291204 0.016146 0.025000
0 0.116927 0.238889 0.014063 0.025926
0 0.080208 0.289815 0.014583 0.024074
0 0.044010 0.316667 0.014063 0.024074
0 0.044010 0.657870 0.014063 0.025000
0 0.040365 0.081019 0.021354 0.058333
0 0.080469 0.316667 0.015104 0.025926
0 0.080469 0.606019 0.015104 0.023148
0 0.098958 0.290741 0.013542 0.024074
0 0.079948 0.657407 0.014063 0.024074
0 0.961458 0.009259 0.014583 0.018519
0 0.939583 0.008333 0.011458 0.016667
0 0.026562 0.031481 0.015625 0.020370
0 0.043750 0.289815 0.014583 0.025926
0 0.098437 0.238426 0.012500 0.025000
0 0.710677 0.087963 0.014063 0.022222
0 0.477865 0.976852 0.018229 0.025926
0 0.523438 0.977315 0.017708 0.026852
0 0.728385 0.087500 0.015104 0.023148
0 0.098958 0.212963 0.013542 0.022222
0 0.314583 0.140278 0.016667 0.025000
0 0.887500 0.192130 0.033333 0.026852
0 0.025781 0.578241 0.017188 0.023148
0 0.315365 0.976852 0.019271 0.027778
0 0.852865 0.190741 0.035937 0.027778
0 0.116667 0.579630 0.015625 0.022222
0 0.044010 0.631944 0.015104 0.026852
0 0.500781 0.976852 0.018229 0.025926
0 0.607552 0.075463 0.034896 0.054630
0 0.923698 0.191667 0.036979 0.024074
0 0.025521 0.343519 0.014583 0.025926
0 0.062240 0.263426 0.015104 0.025000
0 0.062240 0.289815 0.014063 0.024074
0 0.025521 0.289815 0.014583 0.025926
0 0.062240 0.631944 0.016146 0.026852
0 0.077604 0.138889 0.016667 0.024074
0 0.079687 0.186574 0.013542 0.023148
0 0.015625 0.080093 0.026042 0.060185
0 0.615365 0.978704 0.018229 0.027778
0 0.638281 0.979630 0.017188 0.027778
0 0.684896 0.978241 0.017708 0.028704
0 0.662500 0.979167 0.019792 0.030556
0 0.043750 0.917130 0.015625 0.021296
0 0.205990 0.139352 0.015104 0.025000
0 0.025781 0.631481 0.016146 0.025926
0 0.883594 0.977315 0.016146 0.025000
0 0.043490 0.213426 0.013021 0.023148
0 0.866667 0.977315 0.014583 0.025000
0 0.095833 0.139352 0.016667 0.025000
0 0.026042 0.891667 0.015625 0.022222
0 0.043490 0.263889 0.015104 0.024074
0 0.168750 0.138426 0.017708 0.023148
0 0.455469 0.977315 0.017188 0.026852
0 0.007552 0.316667 0.015104 0.024074
0 0.080729 0.917593 0.014583 0.024074
0 0.966146 0.138889 0.018750 0.022222
0 0.025781 0.605093 0.016146 0.023148
0 0.261458 0.138889 0.015625 0.025926
0 0.279427 0.138889 0.017188 0.025926
0 0.007292 0.659259 0.014583 0.024074
0 0.243750 0.139352 0.014583 0.025000
0 0.098437 0.632407 0.014583 0.024074
0 0.657292 0.087500 0.013542 0.021296
0 0.008073 0.578241 0.016146 0.025000
0 0.080729 0.891667 0.013542 0.022222
0 0.116146 0.605556 0.015625 0.024074
0 0.440885 0.064815 0.016146 0.024074
0 0.745833 0.087963 0.014583 0.022222
0 0.131250 0.138426 0.016667 0.023148
0 0.188281 0.138889 0.017188 0.024074
0 0.044271 0.891204 0.015625 0.023148
0 0.008333 0.605093 0.015625 0.023148
0 0.061979 0.316204 0.013542 0.025000
0 0.007552 0.343056 0.015104 0.023148
0 0.225521 0.139352 0.018750 0.025000
0 0.025521 0.264352 0.015625 0.025000
0 0.062760 0.917593 0.016146 0.022222
0 0.062760 0.238426 0.015104 0.023148
0 0.881510 0.079630 0.024479 0.051852
0 0.150521 0.137963 0.016667 0.022222
0 0.727865 0.062500 0.036979 0.025000
0 0.946615 0.140278 0.013021 0.021296
0 0.098437 0.891667 0.015625 0.022222
0 0.297135 0.140278 0.016146 0.025000
0 0.043750 0.186574 0.015625 0.025000
0 0.043490 0.238426 0.014063 0.023148
0 0.025000 0.139352 0.048958 0.026852
0 0.026562 0.187037 0.017708 0.025926
0 0.639844 0.088426 0.015104 0.023148
0 0.007812 0.289352 0.015625 0.026852
0 0.008073 0.630556 0.014063 0.025926
0 0.980990 0.079630 0.025521 0.061111
0 0.007552 0.185648 0.015104 0.025000
0 0.007812 0.212963 0.014583 0.025926
0 0.384635 0.975463 0.117188 0.034259
0 0.113021 0.138889 0.015625 0.024074
0 0.271615 0.063426 0.020313 0.025000
0 0.973177 0.032870 0.049479 0.025000
0 0.062500 0.212500 0.013542 0.023148
0 0.008073 0.891204 0.016146 0.023148
0 0.062760 0.891204 0.018229 0.023148
0 0.681510 0.062963 0.057813 0.025926
0 0.026042 0.917130 0.015625 0.021296
0 0.025521 0.238889 0.015625 0.024074
0 0.008073 0.239352 0.015104 0.025000
0 0.952344 0.079167 0.022396 0.056481
0 0.641927 0.062500 0.021354 0.023148
0 0.059115 0.138889 0.015104 0.024074
0 0.893229 0.034259 0.014583 0.024074
0 0.209635 0.032870 0.020313 0.019444
0 0.845052 0.621759 0.016146 0.023148
0 0.025260 0.213889 0.015104 0.024074
0 0.926562 0.088426 0.016667 0.025000
0 0.397396 0.138426 0.141667 0.025000
0 0.476042 0.140278 0.014583 0.021296
0 0.857292 0.079167 0.025000 0.047222
0 0.884635 0.621296 0.017188 0.024074
0 0.157031 0.032870 0.016146 0.019444
0 0.803906 0.088426 0.015104 0.021296
0 0.116667 0.633333 0.015625 0.024074
0 0.099219 0.187037 0.018229 0.024074
0 0.909375 0.033796 0.014583 0.025000
0 0.231250 0.032407 0.015625 0.020370
0 0.903646 0.976852 0.018750 0.024074
0 0.007812 0.263889 0.015625 0.024074
0 0.114844 0.163889 0.011979 0.020370
0 0.116667 0.891204 0.014583 0.021296
0 0.182292 0.032870 0.028125 0.019444
0 0.863802 0.621759 0.017188 0.023148
0 0.917448 0.062500 0.035937 0.025000
0 0.137240 0.033333 0.017188 0.018519
0 0.061979 0.186574 0.013542 0.025000
0 0.354427 0.062500 0.145313 0.026852
0 0.355469 0.087500 0.144271 0.026852
0 0.804167 0.064352 0.015625 0.023148
0 0.904687 0.620833 0.017708 0.023148
0 0.944792 0.621759 0.017708 0.025000
0 0.069792 0.032870 0.022917 0.019444
0 0.964583 0.164352 0.010417 0.017593
0 0.272396 0.088889 0.019792 0.024074
0 0.908333 0.088426 0.017708 0.025000
0 0.819792 0.087500 0.013542 0.021296
0 0.117448 0.032407 0.015104 0.018519
0 0.095573 0.031944 0.021354 0.019444
0 0.080469 0.579167 0.015104 0.021296
0 0.975245 0.595310 0.007333 0.016639
0 0.109760 0.088889 0.016146 0.027778
0 0.126583 0.164139 0.008760 0.020370
0 0.913151 0.452315 0.155469 0.019444
0 0.924305 0.276463 0.130661 0.018519
0 0.198719 0.165593 0.014583 0.020370
0 0.166484 0.165278 0.045469 0.019444
0 0.913255 0.364815 0.155729 0.017593
0 0.189411 0.063204 0.135417 0.025000
0 0.136995 0.164657 0.010937 0.019444
0 0.508568 0.090306 0.147917 0.025926
0 0.989844 0.138889 0.020313 0.020370
0 0.517974 0.062963 0.135937 0.025926
0 0.111672 0.062278 0.018229 0.021296
0 0.189672 0.088176 0.135937 0.026852
0 0.918195 0.473079 0.163609 0.018194
0 0.974904 0.164176 0.006547 0.016130
0 0.045982 0.033199 0.015411 0.019824
0 0.124846 0.555718 0.008089 0.019046
0 0.865471 0.649065 0.057828 0.019241
0 0.994596 0.595981 0.010120 0.012593
0 0.984982 0.595194 0.007589 0.014611
0 0.964747 0.595083 0.009109 0.014833
0 0.995469 0.500472 0.009063 0.016130
0 0.984792 0.501250 0.009948 0.019778
0 0.975062 0.499556 0.006875 0.017426
0 0.965109 0.499815 0.008927 0.016389
