0 0.046484 0.224653 0.011719 0.020139
0 0.595313 0.983681 0.013281 0.021528
0 0.046680 0.203819 0.011328 0.018750
0 0.658789 0.065972 0.009766 0.018056
0 0.066406 0.060764 0.017969 0.043750
0 0.508984 0.981944 0.014063 0.020833
0 0.526172 0.982292 0.014063 0.021528
0 0.060352 0.582639 0.012109 0.018056
0 0.033008 0.582639 0.011328 0.018056
0 0.491602 0.982292 0.013672 0.020139
0 0.672852 0.065972 0.012891 0.018056
0 0.543359 0.982986 0.014063 0.021528
0 0.578125 0.983333 0.014063 0.022222
0 0.629297 0.983681 0.014063 0.024306
0 0.560742 0.983333 0.014453 0.022222
0 0.046484 0.582639 0.011719 0.018056
0 0.088086 0.185417 0.011328 0.018056
0 0.088281 0.224306 0.010937 0.020833
0 0.898242 0.981250 0.011328 0.020833
0 0.711523 0.065625 0.012109 0.017361
0 0.073438 0.602778 0.010937 0.020833
0 0.843164 0.131250 0.009766 0.013889
0 0.046680 0.145833 0.010547 0.019444
0 0.032617 0.145833 0.011328 0.019444
0 0.954492 0.006944 0.009766 0.013889
0 0.073438 0.582639 0.010937 0.018056
0 0.698633 0.065625 0.011328 0.017361
0 0.087500 0.582639 0.012500 0.018056
0 0.074023 0.203819 0.011328 0.017361
0 0.995898 0.482986 0.007422 0.015972
0 0.074023 0.224653 0.011328 0.021528
0 0.991406 0.007639 0.011719 0.015278
0 0.073633 0.562847 0.011328 0.015972
0 0.971289 0.007292 0.011328 0.014583
0 0.912500 0.980903 0.013281 0.020139
0 0.059961 0.146181 0.009766 0.018750
0 0.088672 0.023264 0.011719 0.013194
0 0.982031 0.980903 0.025781 0.022917
0 0.073633 0.185069 0.011328 0.017361
0 0.019336 0.145833 0.011328 0.019444
0 0.088086 0.917361 0.011328 0.018056
0 0.005469 0.146181 0.010937 0.020139
0 0.429492 0.047569 0.011328 0.017361
0 0.073828 0.918056 0.012500 0.018056
0 0.046289 0.562500 0.011328 0.016667
0 0.101562 0.146528 0.010937 0.018056
0 0.032422 0.562500 0.011719 0.016667
0 0.285547 0.109722 0.010156 0.018056
0 0.072461 0.023958 0.013672 0.014583
0 0.474219 0.982639 0.013281 0.020833
0 0.902539 0.605556 0.012891 0.018056
0 0.139648 0.023958 0.020703 0.015972
0 0.032813 0.165625 0.010156 0.017361
0 0.866797 0.056944 0.017188 0.037500
0 0.931836 0.605903 0.012109 0.018750
0 0.053125 0.024653 0.018750 0.014583
0 0.856445 0.606597 0.012891 0.017361
0 0.916406 0.605903 0.013281 0.018750
0 0.006055 0.918056 0.012109 0.018056
0 0.088086 0.203819 0.010547 0.018750
0 0.685742 0.065625 0.010547 0.017361
0 0.105273 0.023264 0.015234 0.014583
0 0.833398 0.064931 0.012891 0.018750
0 0.115625 0.147222 0.010156 0.018056
0 0.160742 0.023958 0.016016 0.015972
0 0.101758 0.562847 0.012109 0.015972
0 0.121094 0.023264 0.011719 0.014583
0 0.730078 0.067014 0.011719 0.017361
0 0.975195 0.108333 0.014453 0.018056
0 0.087305 0.602431 0.012109 0.020139
0 0.060742 0.918056 0.011328 0.018056
0 0.986523 0.059722 0.019141 0.047222
0 0.848437 0.064583 0.014063 0.019444
0 0.060156 0.562847 0.010937 0.015972
0 0.033984 0.024306 0.014063 0.015278
0 0.920117 0.024306 0.012109 0.018056
0 0.005273 0.223611 0.010547 0.018056
0 0.153320 0.896181 0.033984 0.057639
0 0.927539 0.980903 0.013672 0.020139
0 0.743359 0.048264 0.011719 0.017361
0 0.767773 0.047917 0.010547 0.016667
0 0.729492 0.047917 0.013672 0.018056
0 0.083594 0.046181 0.014844 0.015972
0 0.019336 0.024306 0.011328 0.015278
0 0.743555 0.067708 0.012109 0.017361
0 0.005664 0.562847 0.011328 0.018750
0 0.932813 0.023958 0.009375 0.017361
0 0.177539 0.024306 0.013672 0.016667
0 0.087500 0.562500 0.011719 0.016667
0 0.045312 0.109028 0.011719 0.019444
0 0.756055 0.048264 0.011328 0.017361
0 0.949414 0.024306 0.016016 0.018056
0 0.018945 0.562847 0.012109 0.017361
0 0.033203 0.918056 0.010937 0.018056
0 0.779297 0.047917 0.012500 0.016667
0 0.086328 0.109028 0.012500 0.020833
0 0.871289 0.605903 0.012891 0.017361
0 0.033203 0.937847 0.010937 0.014583
0 0.916211 0.148958 0.026953 0.018750
0 0.005664 0.024306 0.011328 0.015278
0 0.101172 0.224306 0.010937 0.019444
0 0.073047 0.108681 0.011719 0.020139
0 0.020117 0.918056 0.012891 0.018056
0 0.813477 0.059722 0.019922 0.038889
0 0.101562 0.185417 0.010937 0.018056
0 0.116016 0.581597 0.012500 0.017361
0 0.156445 0.108681 0.012891 0.018750
0 0.019336 0.184722 0.011328 0.018056
0 0.756250 0.067361 0.010156 0.016667
0 0.369336 0.981944 0.016016 0.020833
0 0.101367 0.602778 0.011328 0.019444
0 0.632227 0.066319 0.011328 0.018750
0 0.005664 0.185069 0.011328 0.018750
0 0.143164 0.108333 0.012891 0.018056
0 0.047461 0.917708 0.012109 0.017361
0 0.795312 0.059028 0.017969 0.036111
0 0.019922 0.937153 0.012500 0.015972
0 0.059766 0.165625 0.010156 0.017361
0 0.421875 0.980903 0.088281 0.028472
0 0.058984 0.109028 0.012500 0.019444
0 0.005859 0.937500 0.011719 0.016667
0 0.116211 0.108681 0.012109 0.018750
0 0.959375 0.108681 0.012500 0.018750
0 0.101367 0.108681 0.014453 0.020139
0 0.115820 0.185069 0.011328 0.018750
0 0.005469 0.602431 0.010937 0.018750
0 0.612500 0.984028 0.014063 0.022222
0 0.005664 0.204167 0.011328 0.019444
0 0.129102 0.108333 0.010547 0.018056
0 0.019336 0.108681 0.037891 0.021528
0 0.888672 0.148611 0.024219 0.020833
0 0.087891 0.165972 0.010937 0.018056
0 0.101562 0.204167 0.010937 0.018056
0 0.018945 0.204514 0.011328 0.018750
0 0.019141 0.602431 0.010937 0.018750
0 0.011914 0.060417 0.021484 0.045833
0 0.005664 0.582986 0.011328 0.018750
0 0.018750 0.224306 0.010937 0.018056
0 0.645312 0.065972 0.010156 0.016667
0 0.607422 0.056250 0.027344 0.041667
0 0.101562 0.582292 0.011719 0.017361
0 0.032813 0.184375 0.010156 0.017361
0 0.060156 0.602431 0.010937 0.020139
0 0.060156 0.184722 0.010156 0.018056
0 0.083203 0.067014 0.012500 0.020139
0 0.115820 0.223611 0.011328 0.018056
0 0.033203 0.602778 0.010937 0.019444
0 0.046680 0.602431 0.011328 0.020139
0 0.019336 0.582639 0.012109 0.018056
0 0.046484 0.184722 0.010937 0.018056
0 0.115430 0.204514 0.011328 0.017361
0 0.032617 0.224306 0.010547 0.019444
0 0.863281 0.148264 0.026562 0.021528
0 0.030859 0.060764 0.016406 0.045139
0 0.060352 0.224653 0.010547 0.021528
0 0.049219 0.061111 0.017188 0.045833
0 0.060352 0.204167 0.010547 0.018056
0 0.032617 0.204167 0.010547 0.019444
0 0.116297 0.919056 0.014453 0.020833
0 0.633984 0.049174 0.014844 0.016667
0 0.664707 0.046875 0.045039 0.018750
0 0.142871 0.128819 0.037305 0.017361
0 0.119570 0.128472 0.007031 0.016667
0 0.116244 0.166240 0.012668 0.018076
0 0.341982 0.047399 0.151191 0.018410
0 0.257793 0.047917 0.016367 0.019444
0 0.700457 0.047222 0.026172 0.018056
0 0.111797 0.128396 0.005625 0.015278
0 0.169039 0.048924 0.151609 0.018403
0 0.992188 0.108972 0.015625 0.016667
0 0.515074 0.046875 0.156250 0.021528
0 0.341691 0.066316 0.153727 0.020146
0 0.168602 0.067128 0.154906 0.019090
0 0.508238 0.068465 0.165234 0.020833
0 0.979617 0.025681 0.036094 0.020139
0 0.971547 0.128819 0.008984 0.013194
0 0.116176 0.563299 0.013008 0.016667
0 0.941719 0.980903 0.011562 0.020139
0 0.222539 0.108681 0.113516 0.021528
0 0.074941 0.146493 0.013945 0.019375
0 0.257227 0.066667 0.015234 0.018056
0 0.981055 0.482639 0.006406 0.015278
0 0.981117 0.128125 0.008594 0.015278
0 0.841242 0.046875 0.026953 0.017361
0 0.996297 0.127681 0.007406 0.014583
0 0.167834 0.130285 0.010973 0.015972
0 0.887465 0.605556 0.012109 0.018056
0 0.101445 0.917361 0.013828 0.019444
0 0.973033 0.484174 0.006848 0.014583
0 0.961551 0.981840 0.010547 0.020833
0 0.769258 0.066764 0.012500 0.019444
0 0.870996 0.626736 0.044961 0.015972
0 0.988740 0.128302 0.005020 0.012396
0 0.924740 0.462208 0.150520 0.016583
0 0.988563 0.483885 0.006156 0.014021
0 0.973258 0.585569 0.006586 0.011903
0 0.980439 0.586049 0.004965 0.011708
0 0.987676 0.585476 0.005398 0.011326
0 0.995559 0.586243 0.006695 0.010944
0 0.951244 0.980507 0.007559 0.015931
0 0.104313 0.128809 0.007563 0.011285
0 0.088674 0.146705 0.008254 0.016604
0 0.074992 0.166674 0.012883 0.018417
0 0.046547 0.166319 0.009281 0.014028
0 0.019922 0.165656 0.011375 0.013340
0 0.006330 0.166017 0.011457 0.014632
0 0.104807 0.545854 0.007184 0.013111
0 0.112180 0.545191 0.006812 0.011118
0 0.119740 0.546017 0.006254 0.011451
