0 0.060156 0.184722 0.010156 0.018056
0 0.959375 0.108681 0.012500 0.018750
0 0.033203 0.602778 0.010937 0.019444
0 0.019336 0.582639 0.012109 0.018056
0 0.046680 0.602431 0.011328 0.020139
0 0.046484 0.184722 0.010937 0.018056
0 0.115625 0.204861 0.011719 0.018056
0 0.032617 0.224306 0.010547 0.019444
0 0.888672 0.148958 0.024219 0.021528
0 0.031055 0.060764 0.016016 0.045139
0 0.060352 0.224653 0.010547 0.021528
0 0.032617 0.204167 0.010547 0.019444
0 0.060352 0.203819 0.010547 0.018750
0 0.049219 0.061111 0.017188 0.045833
0 0.046484 0.224653 0.011719 0.020139
0 0.595117 0.983681 0.013672 0.021528
0 0.046680 0.203819 0.011328 0.018750
0 0.658789 0.065972 0.009766 0.018056
0 0.508984 0.981944 0.014063 0.020833
0 0.066406 0.060764 0.017969 0.043750
0 0.060352 0.582639 0.012109 0.018056
0 0.033203 0.582639 0.011719 0.018056
0 0.526172 0.982292 0.014063 0.021528
0 0.491602 0.982292 0.013672 0.020139
0 0.863086 0.148611 0.026172 0.022222
0 0.672852 0.065972 0.012891 0.018056
0 0.543359 0.982986 0.014063 0.021528
0 0.577930 0.983333 0.014453 0.022222
0 0.046484 0.582639 0.011719 0.018056
0 0.560742 0.983333 0.014453 0.022222
0 0.629297 0.983681 0.014063 0.024306
0 0.032422 0.562500 0.011719 0.016667
0 0.139453 0.023958 0.021094 0.015972
0 0.032813 0.165625 0.010156 0.017361
0 0.285742 0.109375 0.010547 0.018750
0 0.053125 0.024653 0.018750 0.014583
0 0.685742 0.065625 0.010547 0.017361
0 0.088086 0.203819 0.010547 0.018750
0 0.006055 0.918056 0.012109 0.018056
0 0.833398 0.065278 0.012891 0.019444
0 0.105078 0.023264 0.015625 0.014583
0 0.866992 0.057639 0.017578 0.038889
0 0.160742 0.023958 0.016016 0.015972
0 0.931836 0.606250 0.012109 0.018056
0 0.729883 0.067014 0.012109 0.017361
0 0.115625 0.147222 0.010156 0.018056
0 0.121094 0.023264 0.011719 0.014583
0 0.856445 0.606250 0.012891 0.018056
0 0.060156 0.562500 0.011719 0.016667
0 0.101758 0.562847 0.012109 0.015972
0 0.088086 0.185417 0.011328 0.018056
0 0.898242 0.981250 0.011328 0.020833
0 0.088281 0.224306 0.010937 0.020833
0 0.711523 0.065625 0.012109 0.017361
0 0.073438 0.602778 0.010937 0.020833
0 0.995703 0.482986 0.007812 0.015972
0 0.073438 0.582639 0.010937 0.018056
0 0.046680 0.145833 0.010547 0.019444
0 0.698633 0.065625 0.011328 0.017361
0 0.074023 0.204167 0.011328 0.018056
0 0.074023 0.224653 0.011328 0.021528
0 0.087500 0.582639 0.012500 0.018056
0 0.842969 0.131597 0.010156 0.014583
0 0.954102 0.006944 0.010547 0.013889
0 0.991602 0.007639 0.012109 0.015278
0 0.073633 0.562847 0.011328 0.015972
0 0.088672 0.023264 0.011719 0.013194
0 0.910937 0.981597 0.014063 0.020139
0 0.059766 0.146181 0.010156 0.018750
0 0.088086 0.917361 0.011328 0.018056
0 0.073828 0.184722 0.011719 0.018056
0 0.971289 0.007292 0.012109 0.014583
0 0.982227 0.980903 0.026172 0.022917
0 0.005469 0.146181 0.010937 0.020139
0 0.429492 0.047569 0.011328 0.017361
0 0.073828 0.918056 0.012500 0.018056
0 0.046289 0.562500 0.011328 0.016667
0 0.101562 0.146528 0.010937 0.018056
0 0.474219 0.982639 0.013281 0.020833
0 0.072656 0.023958 0.014063 0.014583
0 0.087305 0.602431 0.012109 0.020139
0 0.848242 0.064931 0.014453 0.020139
0 0.986328 0.060417 0.020313 0.048611
0 0.886328 0.605556 0.013281 0.018056
0 0.060742 0.918056 0.011328 0.018056
0 0.902539 0.605903 0.012891 0.018750
0 0.033984 0.024306 0.014063 0.015278
0 0.767773 0.047917 0.010547 0.016667
0 0.743359 0.048264 0.011719 0.017361
0 0.153320 0.896181 0.033984 0.057639
0 0.005273 0.223611 0.010547 0.018056
0 0.916406 0.605903 0.013281 0.018750
0 0.729492 0.047917 0.013672 0.018056
0 0.743555 0.067708 0.012109 0.017361
0 0.975000 0.107986 0.014063 0.017361
0 0.019336 0.024306 0.011328 0.015278
0 0.927539 0.981250 0.013672 0.019444
0 0.005664 0.562847 0.011328 0.018750
0 0.920117 0.024653 0.012109 0.018750
0 0.990820 0.107639 0.013672 0.016667
0 0.177539 0.024653 0.013672 0.017361
0 0.767578 0.067014 0.009375 0.017361
0 0.087305 0.562500 0.012109 0.016667
0 0.756055 0.048264 0.011328 0.017361
0 0.045312 0.109028 0.011719 0.019444
0 0.779297 0.047917 0.012500 0.016667
0 0.033008 0.918056 0.011328 0.018056
0 0.086328 0.109028 0.012500 0.020833
0 0.018945 0.562847 0.012109 0.017361
0 0.949609 0.024306 0.016406 0.018056
0 0.932617 0.024306 0.009766 0.018056
0 0.005664 0.024306 0.011328 0.015278
0 0.033203 0.937847 0.010937 0.014583
0 0.756250 0.067708 0.010156 0.017361
0 0.073047 0.108681 0.011719 0.020139
0 0.020117 0.918056 0.012891 0.018056
0 0.156445 0.108681 0.012891 0.018750
0 0.101172 0.224306 0.010937 0.019444
0 0.101562 0.185417 0.010937 0.018056
0 0.019336 0.184722 0.011328 0.018056
0 0.369336 0.981944 0.016016 0.020833
0 0.871289 0.605903 0.012891 0.017361
0 0.632227 0.066319 0.011328 0.018750
0 0.005664 0.185069 0.011328 0.018750
0 0.142969 0.108333 0.013281 0.018056
0 0.101367 0.602778 0.011328 0.019444
0 0.115625 0.581250 0.012500 0.018056
0 0.047461 0.917708 0.012109 0.017361
0 0.059961 0.165625 0.010547 0.017361
0 0.795312 0.059375 0.017969 0.036806
0 0.058984 0.108681 0.012500 0.020139
0 0.421875 0.980903 0.088281 0.028472
0 0.019727 0.937153 0.012891 0.015972
0 0.006055 0.937500 0.012109 0.016667
0 0.116211 0.108681 0.012109 0.018750
0 0.005664 0.602431 0.011328 0.018750
0 0.129102 0.108333 0.010547 0.018056
0 0.612500 0.984028 0.014063 0.022222
0 0.005664 0.204167 0.011328 0.019444
0 0.101367 0.108681 0.014453 0.020139
0 0.115820 0.185069 0.011328 0.018750
0 0.019336 0.108681 0.037891 0.021528
0 0.087891 0.165972 0.010937 0.018056
0 0.005664 0.582986 0.011328 0.018750
0 0.019141 0.602431 0.010937 0.018750
0 0.019141 0.204514 0.011719 0.018750
0 0.011914 0.060417 0.021484 0.045833
0 0.101562 0.581944 0.011719 0.018056
0 0.018750 0.224306 0.010937 0.018056
0 0.645312 0.065972 0.010156 0.016667
0 0.060156 0.602778 0.010937 0.020833
0 0.607422 0.056250 0.027344 0.041667
0 0.032813 0.184375 0.010156 0.017361
0 0.916016 0.149306 0.026562 0.019444
0 0.115820 0.223611 0.012109 0.018056
0 0.105961 0.128556 0.007984 0.011042
0 0.112818 0.128271 0.004762 0.011042
0 0.121088 0.129128 0.008551 0.012479
0 0.087932 0.146340 0.008230 0.012194
0 0.101766 0.165559 0.010891 0.015062
0 0.074828 0.166438 0.012867 0.017736
0 0.046924 0.165681 0.009988 0.015097
0 0.005379 0.165497 0.010547 0.014271
0 0.019525 0.164750 0.011379 0.013444
0 0.633984 0.048278 0.014844 0.016667
0 0.102742 0.205090 0.011969 0.018750
0 0.084375 0.067958 0.012500 0.020833
0 0.980164 0.025514 0.038672 0.020139
0 0.871797 0.626736 0.044844 0.015972
0 0.116398 0.916667 0.014844 0.021528
0 0.961832 0.980903 0.008477 0.020139
0 0.925361 0.463361 0.149277 0.016667
0 0.100820 0.917361 0.012578 0.019444
0 0.033176 0.146993 0.011328 0.019444
0 0.167988 0.129215 0.007633 0.015972
0 0.841133 0.047132 0.026562 0.017361
0 0.980625 0.128156 0.004219 0.012576
0 0.996504 0.128340 0.006992 0.014583
0 0.257344 0.066667 0.015469 0.018056
0 0.021109 0.146167 0.011328 0.019444
0 0.973523 0.483524 0.009375 0.012396
0 0.074609 0.146951 0.013281 0.018750
0 0.221777 0.109028 0.115039 0.022222
0 0.879594 0.386097 0.044141 0.013194
0 0.867441 0.345753 0.030859 0.010854
0 0.922014 0.332580 0.141441 0.013174
0 0.941914 0.980903 0.011953 0.020139
0 0.506977 0.067958 0.165625 0.020833
0 0.169189 0.066611 0.155684 0.019139
0 0.342242 0.067965 0.152547 0.020042
0 0.513777 0.047486 0.153227 0.017333
0 0.169469 0.048118 0.152781 0.015417
0 0.116266 0.562153 0.011328 0.015972
0 0.973770 0.129201 0.007852 0.013194
0 0.700383 0.047444 0.026172 0.018056
0 0.342686 0.047111 0.151426 0.018667
0 0.258145 0.047917 0.017070 0.019444
0 0.116211 0.166042 0.012891 0.018194
0 0.084766 0.047965 0.014844 0.015972
0 0.988783 0.128458 0.004824 0.011361
0 0.922012 0.187278 0.141797 0.011917
0 0.922012 0.214465 0.141797 0.011917
0 0.921430 0.227194 0.141797 0.011917
0 0.921816 0.240271 0.141797 0.011917
0 0.922012 0.253347 0.141797 0.011917
0 0.921430 0.265042 0.141797 0.011917
0 0.922012 0.279403 0.141797 0.011917
0 0.921676 0.292528 0.141797 0.011917
0 0.921816 0.305993 0.141797 0.011917
0 0.875311 0.318976 0.049754 0.010285
0 0.921516 0.359667 0.141797 0.011917
0 0.815102 0.059625 0.019922 0.039583
0 0.144307 0.128819 0.037168 0.017361
0 0.664430 0.046875 0.046484 0.018750
0 0.921805 0.372257 0.141797 0.011917
0 0.921438 0.425417 0.141797 0.011917
0 0.921148 0.439042 0.141797 0.011917
0 0.921293 0.449965 0.141797 0.009097
0 0.981359 0.483733 0.004578 0.012215
0 0.988229 0.482875 0.005184 0.013708
0 0.972963 0.586927 0.006277 0.010285
0 0.981051 0.586681 0.005578 0.011528
0 0.989035 0.585812 0.005648 0.013264
0 0.995727 0.585872 0.005789 0.012396
0 0.952354 0.980903 0.008121 0.016431
0 0.104953 0.544847 0.006453 0.010472
0 0.112375 0.544778 0.004359 0.010042
0 0.120084 0.545997 0.007348 0.012187
