0 0.080729 0.891667 0.013542 0.022222
0 0.516667 0.062500 0.136458 0.026852
0 0.657292 0.087500 0.013542 0.021296
0 0.131250 0.138426 0.016667 0.023148
0 0.188281 0.138889 0.017188 0.024074
0 0.008333 0.605093 0.015625 0.023148
0 0.098437 0.632407 0.014583 0.024074
0 0.044271 0.891204 0.015625 0.023148
0 0.116146 0.605556 0.015625 0.024074
0 0.061979 0.316204 0.013542 0.025000
0 0.440885 0.064815 0.016146 0.024074
0 0.745833 0.088426 0.014583 0.021296
0 0.966146 0.138889 0.018750 0.022222
0 0.007552 0.343519 0.015104 0.024074
0 0.026562 0.031481 0.015625 0.020370
0 0.939583 0.008333 0.011458 0.016667
0 0.961458 0.009259 0.014583 0.018519
0 0.988542 0.009722 0.013542 0.019444
0 0.995313 0.163889 0.009375 0.018519
0 0.674219 0.087500 0.013021 0.021296
0 0.114844 0.556019 0.009896 0.017593
0 0.935417 0.975926 0.010417 0.024074
0 0.983594 0.593981 0.008854 0.017593
0 0.135156 0.555556 0.009896 0.016667
0 0.948438 0.976852 0.013542 0.022222
0 0.984375 0.162500 0.009375 0.017593
0 0.975521 0.976852 0.032292 0.029630
0 0.787240 0.064815 0.015104 0.022222
0 0.836198 0.063426 0.015104 0.021296
0 0.786979 0.089352 0.015625 0.021296
0 0.994792 0.593981 0.009375 0.017593
0 0.008073 0.918519 0.016146 0.020370
0 0.934115 0.033333 0.023438 0.025926
0 0.180208 0.862037 0.044792 0.075926
0 0.922396 0.975926 0.013542 0.024074
0 0.924479 0.621296 0.017708 0.024074
0 0.770312 0.065278 0.016667 0.023148
0 0.908073 0.087963 0.017188 0.024074
0 0.770312 0.088426 0.015625 0.021296
0 0.115625 0.186574 0.011458 0.023148
0 0.904948 0.620833 0.018229 0.023148
0 0.820312 0.063889 0.014583 0.022222
0 0.008073 0.032407 0.014063 0.020370
0 0.819531 0.087500 0.014063 0.021296
0 0.945052 0.621759 0.018229 0.025000
0 0.095573 0.031944 0.021354 0.019444
0 0.117448 0.032407 0.015104 0.018519
0 0.272396 0.088889 0.019792 0.024074
0 0.069792 0.032870 0.022917 0.019444
0 0.864062 0.621759 0.017708 0.023148
0 0.964583 0.164352 0.010417 0.017593
0 0.134115 0.164352 0.010937 0.019444
0 0.804167 0.064352 0.015625 0.023148
0 0.061979 0.186574 0.013542 0.025000
0 0.884635 0.621296 0.017188 0.024074
0 0.857552 0.078241 0.025521 0.045370
0 0.354427 0.062500 0.145313 0.026852
0 0.476042 0.140741 0.014583 0.022222
0 0.845052 0.621759 0.016146 0.023148
0 0.355469 0.087500 0.144271 0.026852
0 0.137240 0.033333 0.017188 0.018519
0 0.917708 0.062963 0.036458 0.024074
0 0.182292 0.032870 0.028125 0.019444
0 0.007812 0.263889 0.015625 0.024074
0 0.909375 0.033796 0.014583 0.025000
0 0.231250 0.032407 0.015625 0.020370
0 0.926302 0.088426 0.017188 0.025000
0 0.114844 0.163889 0.011979 0.020370
0 0.116667 0.633333 0.015625 0.024074
0 0.116667 0.891667 0.014583 0.022222
0 0.803646 0.088426 0.014583 0.021296
0 0.157031 0.032870 0.016146 0.019444
0 0.903646 0.976852 0.018750 0.024074
0 0.025260 0.213426 0.015104 0.025000
0 0.397656 0.138426 0.141146 0.025000
0 0.077604 0.138889 0.016667 0.024074
0 0.638281 0.979630 0.017188 0.027778
0 0.852604 0.190741 0.035417 0.027778
0 0.615365 0.978704 0.018229 0.027778
0 0.015885 0.080093 0.026562 0.060185
0 0.062240 0.631944 0.016146 0.026852
0 0.079687 0.186574 0.013542 0.023148
0 0.025521 0.289815 0.014583 0.025926
0 0.025260 0.343519 0.015104 0.025926
0 0.062240 0.289815 0.014063 0.024074
0 0.315104 0.976852 0.019792 0.027778
0 0.062240 0.263426 0.015104 0.025000
0 0.500781 0.976852 0.018229 0.025926
0 0.607552 0.075463 0.034896 0.054630
0 0.044010 0.631944 0.015104 0.026852
0 0.887760 0.192130 0.032813 0.026852
0 0.314583 0.140278 0.016667 0.025000
0 0.025781 0.578241 0.017188 0.023148
0 0.116667 0.579630 0.015625 0.022222
0 0.710677 0.087963 0.014063 0.022222
0 0.098958 0.212963 0.013542 0.022222
0 0.477865 0.976852 0.018229 0.025926
0 0.523438 0.977315 0.017708 0.026852
0 0.728385 0.087963 0.015104 0.022222
0 0.043750 0.289815 0.014583 0.025926
0 0.098437 0.238426 0.012500 0.025000
0 0.692969 0.087500 0.018229 0.023148
0 0.592708 0.978241 0.017708 0.028704
0 0.116667 0.212500 0.012500 0.023148
0 0.080469 0.579167 0.015104 0.021296
0 0.062240 0.605093 0.015104 0.023148
0 0.098437 0.579630 0.015625 0.022222
0 0.044010 0.343519 0.015104 0.025926
0 0.061979 0.579167 0.015625 0.021296
0 0.061719 0.657870 0.015104 0.025000
0 0.569792 0.978704 0.018750 0.029630
0 0.043490 0.578704 0.015104 0.022222
0 0.546354 0.978241 0.018750 0.028704
0 0.044010 0.604630 0.015104 0.024074
0 0.080729 0.237963 0.014583 0.024074
0 0.025521 0.658333 0.014583 0.024074
0 0.080208 0.263889 0.014583 0.025926
0 0.098698 0.264352 0.013021 0.025000
0 0.025521 0.316204 0.014583 0.023148
0 0.087760 0.080093 0.023438 0.056481
0 0.064323 0.080556 0.021354 0.057407
0 0.098437 0.606019 0.014583 0.025000
0 0.080469 0.212500 0.013021 0.023148
0 0.116927 0.264352 0.014063 0.023148
0 0.117708 0.317593 0.016667 0.024074
0 0.098958 0.317130 0.013542 0.025000
0 0.080208 0.631481 0.014583 0.025926
0 0.116927 0.238889 0.014063 0.025926
0 0.044010 0.316667 0.014063 0.024074
0 0.080208 0.289815 0.014583 0.024074
0 0.080208 0.316667 0.014583 0.025926
0 0.080469 0.606019 0.015104 0.023148
0 0.040365 0.081019 0.021354 0.058333
0 0.098958 0.290741 0.013542 0.024074
0 0.044010 0.657870 0.014063 0.025000
0 0.079948 0.657407 0.014063 0.024074
0 0.209635 0.032870 0.020313 0.019444
0 0.059115 0.138889 0.015104 0.024074
0 0.893229 0.034259 0.014583 0.024074
0 0.025521 0.238889 0.015625 0.024074
0 0.641927 0.062037 0.021354 0.024074
0 0.952344 0.079167 0.022396 0.056481
0 0.188281 0.087500 0.135937 0.026852
0 0.026042 0.917130 0.015625 0.021296
0 0.682552 0.062963 0.059896 0.025926
0 0.062760 0.891204 0.018229 0.023148
0 0.008073 0.891204 0.016146 0.023148
0 0.062500 0.212500 0.013542 0.023148
0 0.271615 0.063426 0.020313 0.025000
0 0.973177 0.032870 0.049479 0.025000
0 0.384635 0.975000 0.117188 0.035185
0 0.113021 0.138889 0.015625 0.024074
0 0.007812 0.212963 0.014583 0.025926
0 0.007552 0.185648 0.015104 0.025000
0 0.980990 0.079630 0.025521 0.061111
0 0.007812 0.289352 0.015625 0.026852
0 0.008073 0.631019 0.014063 0.025000
0 0.026562 0.187037 0.017708 0.025926
0 0.639844 0.088426 0.015104 0.023148
0 0.025000 0.139815 0.048958 0.027778
0 0.043490 0.238426 0.014063 0.023148
0 0.946615 0.140278 0.013021 0.021296
0 0.043750 0.186574 0.015625 0.025000
0 0.297135 0.140278 0.016146 0.025000
0 0.098437 0.891667 0.015625 0.022222
0 0.150521 0.137963 0.016667 0.022222
0 0.881771 0.078704 0.023958 0.050000
0 0.109635 0.088889 0.016146 0.027778
0 0.025521 0.264352 0.015625 0.025000
0 0.729427 0.062963 0.034896 0.025926
0 0.062760 0.917593 0.016146 0.022222
0 0.225521 0.139352 0.018750 0.025000
0 0.205990 0.138889 0.015104 0.024074
0 0.043750 0.917130 0.015625 0.021296
0 0.662500 0.979167 0.019792 0.030556
0 0.025781 0.631481 0.016146 0.025926
0 0.883594 0.976852 0.016146 0.025926
0 0.043229 0.213426 0.013542 0.023148
0 0.684896 0.978241 0.017708 0.028704
0 0.866667 0.977315 0.014583 0.025000
0 0.080990 0.917593 0.014063 0.024074
0 0.026042 0.891667 0.015625 0.022222
0 0.043490 0.263889 0.015104 0.024074
0 0.095833 0.139352 0.016667 0.025000
0 0.168750 0.138426 0.017708 0.023148
0 0.025781 0.605093 0.016146 0.023148
0 0.007552 0.316667 0.015104 0.024074
0 0.455469 0.977315 0.017188 0.026852
0 0.261719 0.138889 0.015104 0.025926
0 0.923698 0.191667 0.036979 0.024074
0 0.279427 0.138889 0.017188 0.025926
0 0.243750 0.139352 0.014583 0.025000
0 0.008073 0.578241 0.016146 0.025000
0 0.007292 0.659259 0.014583 0.024074
0 0.988906 0.138426 0.019062 0.021296
0 0.064641 0.239454 0.015104 0.023148
0 0.964279 0.595046 0.008349 0.017389
0 0.196680 0.165944 0.009974 0.020370
0 0.917708 0.470745 0.164583 0.022787
0 0.120042 0.291667 0.016146 0.025926
0 0.009807 0.239352 0.015104 0.025000
0 0.110891 0.062241 0.018229 0.021296
0 0.099719 0.188231 0.018229 0.024074
0 0.508297 0.088907 0.148958 0.025926
0 0.189776 0.062907 0.135417 0.025000
0 0.166865 0.165019 0.044500 0.019444
0 0.124620 0.554176 0.008552 0.017963
0 0.124714 0.163574 0.005646 0.015630
0 0.865888 0.648870 0.056714 0.018241
0 0.974214 0.595653 0.006156 0.017472
0 0.995286 0.499560 0.009427 0.017657
0 0.984852 0.498694 0.008641 0.016704
0 0.975240 0.500042 0.006698 0.015935
0 0.965086 0.499852 0.008641 0.015556
0 0.975333 0.164259 0.007135 0.015648
0 0.046714 0.033824 0.020219 0.020019
