0 0.121094 0.023264 0.011719 0.014583
0 0.560742 0.983333 0.014453 0.022222
0 0.629297 0.983681 0.014063 0.024306
0 0.046680 0.582639 0.012109 0.018056
0 0.577930 0.983333 0.014453 0.022222
0 0.543359 0.982986 0.014063 0.021528
0 0.863477 0.148611 0.026953 0.022222
0 0.672852 0.065972 0.012891 0.018056
0 0.491602 0.982292 0.013672 0.020139
0 0.033008 0.582639 0.011328 0.018056
0 0.526172 0.982292 0.014063 0.021528
0 0.059961 0.582639 0.011328 0.018056
0 0.508984 0.981944 0.014063 0.020833
0 0.066406 0.060764 0.017969 0.043750
0 0.658789 0.065972 0.009766 0.018056
0 0.046680 0.203819 0.011328 0.018750
0 0.595117 0.983681 0.013672 0.021528
0 0.046484 0.224653 0.011719 0.020139
0 0.049219 0.061111 0.017188 0.045833
0 0.060352 0.203819 0.010547 0.018750
0 0.032617 0.204167 0.010547 0.019444
0 0.889062 0.148958 0.024219 0.021528
0 0.060352 0.224653 0.010547 0.021528
0 0.031055 0.060764 0.016016 0.045139
0 0.032617 0.224306 0.010547 0.019444
0 0.115625 0.204861 0.011719 0.018056
0 0.046484 0.184722 0.010937 0.018056
0 0.046484 0.602431 0.011719 0.020139
0 0.033203 0.602431 0.010937 0.020139
0 0.019336 0.582639 0.012109 0.018056
0 0.959375 0.108681 0.012500 0.018750
0 0.115820 0.223611 0.012109 0.018056
0 0.060156 0.184722 0.010156 0.018056
0 0.083203 0.067361 0.012500 0.020833
0 0.032813 0.184375 0.010156 0.017361
0 0.059961 0.602431 0.010547 0.020139
0 0.607422 0.056250 0.027344 0.041667
0 0.645312 0.065972 0.010156 0.016667
0 0.101562 0.204514 0.010937 0.018750
0 0.101562 0.581944 0.011719 0.018056
0 0.018750 0.224306 0.010937 0.018056
0 0.011914 0.060417 0.021484 0.045833
0 0.019141 0.204514 0.011719 0.018750
0 0.019141 0.602431 0.010937 0.018750
0 0.005664 0.582986 0.011328 0.018750
0 0.087891 0.165972 0.010937 0.018056
0 0.019336 0.108681 0.037891 0.021528
0 0.115820 0.185069 0.011328 0.018750
0 0.101367 0.108681 0.014453 0.020139
0 0.006055 0.937500 0.012109 0.016667
0 0.005664 0.204167 0.011328 0.019444
0 0.129102 0.108333 0.010547 0.018056
0 0.612500 0.984028 0.014063 0.022222
0 0.005664 0.602431 0.011328 0.018750
0 0.019531 0.937153 0.011719 0.015972
0 0.047461 0.917708 0.012109 0.017361
0 0.116211 0.108681 0.012109 0.018750
0 0.058984 0.108681 0.012500 0.020139
0 0.421875 0.980903 0.088281 0.028472
0 0.795312 0.059375 0.017969 0.036806
0 0.059961 0.165625 0.010547 0.017361
0 0.005664 0.185069 0.011328 0.018750
0 0.142969 0.108333 0.013281 0.018056
0 0.101367 0.603125 0.011328 0.020139
0 0.871289 0.605903 0.012891 0.017361
0 0.632227 0.066319 0.011328 0.018750
0 0.369336 0.981944 0.016016 0.020833
0 0.019336 0.184722 0.011328 0.018056
0 0.101562 0.185417 0.010937 0.018056
0 0.101172 0.224306 0.010937 0.019444
0 0.116016 0.581250 0.012500 0.018056
0 0.033008 0.937847 0.011328 0.014583
0 0.020117 0.918056 0.012891 0.018056
0 0.073047 0.108681 0.011719 0.020139
0 0.756250 0.067708 0.010156 0.017361
0 0.005664 0.024306 0.011328 0.015278
0 0.033203 0.918056 0.011719 0.018056
0 0.932617 0.024306 0.009766 0.018056
0 0.949609 0.024306 0.016406 0.018056
0 0.086328 0.109028 0.012500 0.020833
0 0.018945 0.562847 0.012109 0.017361
0 0.156445 0.108681 0.012891 0.018750
0 0.045312 0.109028 0.011719 0.019444
0 0.779297 0.047917 0.012500 0.016667
0 0.756055 0.048264 0.011328 0.017361
0 0.767578 0.067014 0.009375 0.017361
0 0.087305 0.562500 0.012109 0.016667
0 0.177539 0.024306 0.013672 0.016667
0 0.990820 0.107639 0.013672 0.016667
0 0.920117 0.024653 0.012109 0.018750
0 0.005664 0.562847 0.011328 0.018750
0 0.927539 0.980903 0.013672 0.020139
0 0.975000 0.107986 0.014063 0.017361
0 0.019336 0.024306 0.011328 0.015278
0 0.743555 0.067708 0.012109 0.017361
0 0.916406 0.605903 0.013281 0.018750
0 0.729492 0.047917 0.013672 0.018056
0 0.005273 0.223611 0.010547 0.018056
0 0.743359 0.048264 0.011719 0.017361
0 0.153516 0.896181 0.034375 0.057639
0 0.115234 0.165972 0.010937 0.018056
0 0.767773 0.047917 0.010547 0.016667
0 0.902539 0.605903 0.012891 0.018750
0 0.033984 0.024306 0.014063 0.015278
0 0.886328 0.605556 0.013281 0.018056
0 0.986328 0.059722 0.019531 0.047222
0 0.060742 0.918056 0.011328 0.018056
0 0.087305 0.602431 0.012109 0.020139
0 0.848242 0.064931 0.014453 0.020139
0 0.059961 0.562847 0.011328 0.015972
0 0.115625 0.147222 0.010156 0.018056
0 0.729883 0.067014 0.012109 0.017361
0 0.856445 0.606250 0.012891 0.018056
0 0.101758 0.562847 0.012109 0.015972
0 0.931836 0.606250 0.012109 0.018056
0 0.160742 0.023958 0.016016 0.015972
0 0.866992 0.057639 0.017578 0.038889
0 0.105078 0.023264 0.015625 0.014583
0 0.833398 0.065278 0.012891 0.019444
0 0.685742 0.065625 0.010547 0.017361
0 0.088086 0.203819 0.010547 0.018750
0 0.006055 0.918056 0.012109 0.018056
0 0.053125 0.024653 0.018750 0.014583
0 0.032813 0.165625 0.010156 0.017361
0 0.139453 0.023958 0.021094 0.015972
0 0.072656 0.023958 0.014063 0.014583
0 0.474219 0.982639 0.013281 0.020833
0 0.032422 0.562500 0.011719 0.016667
0 0.278711 0.109722 0.012109 0.018056
0 0.101562 0.146528 0.010937 0.018056
0 0.046289 0.562500 0.011328 0.016667
0 0.073828 0.918056 0.012500 0.018056
0 0.005469 0.146181 0.010937 0.020139
0 0.073438 0.582639 0.010937 0.018056
0 0.088086 0.917361 0.011328 0.018056
0 0.971289 0.007292 0.012109 0.014583
0 0.073828 0.184722 0.011719 0.018056
0 0.059766 0.146181 0.010156 0.018750
0 0.073438 0.562847 0.011719 0.015972
0 0.088672 0.023264 0.011719 0.013194
0 0.991602 0.007639 0.012109 0.015278
0 0.842969 0.131597 0.010156 0.014583
0 0.954297 0.006944 0.010156 0.013889
0 0.074023 0.224653 0.011328 0.021528
0 0.074023 0.204167 0.011328 0.018056
0 0.087500 0.582639 0.012500 0.018056
0 0.698633 0.065625 0.011328 0.017361
0 0.032617 0.145833 0.011328 0.019444
0 0.073438 0.602778 0.010937 0.020833
0 0.046680 0.145833 0.010547 0.019444
0 0.711523 0.065625 0.012109 0.017361
0 0.088281 0.224306 0.010937 0.020833
0 0.898242 0.981250 0.011328 0.020833
0 0.088086 0.185417 0.011328 0.018056
0 0.475195 0.985069 0.012891 0.020139
0 0.972934 0.587531 0.009000 0.012646
0 0.980990 0.587146 0.005949 0.015486
0 0.987377 0.586885 0.005371 0.013937
0 0.995508 0.586628 0.006242 0.013424
0 0.951631 0.982125 0.008457 0.018889
0 0.104521 0.545583 0.006316 0.012958
0 0.112742 0.546521 0.005914 0.010806
0 0.120396 0.547024 0.007293 0.015549
0 0.342316 0.045361 0.155469 0.018083
0 0.700070 0.047347 0.026172 0.018056
0 0.258125 0.046125 0.012891 0.019444
0 0.516520 0.046444 0.156250 0.018417
0 0.343293 0.066899 0.156641 0.017132
0 0.508824 0.067208 0.165625 0.018917
0 0.258664 0.066667 0.014063 0.018056
0 0.665133 0.046431 0.044883 0.018750
0 0.019084 0.165434 0.010496 0.013993
0 0.084570 0.047528 0.014844 0.015972
0 0.120113 0.129497 0.007039 0.012882
0 0.169922 0.047274 0.155469 0.017188
0 0.170723 0.067111 0.157422 0.018417
0 0.981055 0.025201 0.035547 0.020139
0 0.115996 0.563243 0.011328 0.016667
0 0.941758 0.980903 0.011641 0.020139
0 0.923828 0.449479 0.135937 0.009792
0 0.430793 0.046604 0.011328 0.017361
0 0.075359 0.147014 0.013281 0.018750
0 0.218275 0.110441 0.108113 0.017729
0 0.020453 0.146500 0.012469 0.019444
0 0.912824 0.981250 0.014063 0.020833
0 0.167025 0.129514 0.007668 0.015972
0 0.983332 0.981292 0.025781 0.022917
0 0.841445 0.046708 0.026953 0.017361
0 0.100781 0.917708 0.012500 0.020139
0 0.962023 0.981903 0.010547 0.020833
0 0.116059 0.917535 0.015234 0.022222
0 0.871914 0.626736 0.043359 0.015972
0 0.917316 0.149306 0.026562 0.019444
0 0.633984 0.046833 0.014844 0.016667
0 0.143410 0.129396 0.038164 0.017361
0 0.814320 0.060403 0.019922 0.039583
0 0.005072 0.165934 0.009840 0.015660
0 0.075080 0.167135 0.013684 0.018160
0 0.088355 0.146417 0.010164 0.016139
0 0.104895 0.129181 0.007562 0.010083
0 0.112598 0.128747 0.005320 0.011951
0 0.046826 0.165517 0.010496 0.016160
0 0.973785 0.128764 0.006180 0.010792
0 0.981537 0.128767 0.006723 0.010410
0 0.988588 0.128667 0.005855 0.010986
0 0.996070 0.128569 0.007375 0.011181
0 0.922320 0.188236 0.141797 0.011917
0 0.922152 0.213917 0.141797 0.011917
0 0.922152 0.227354 0.141797 0.011917
0 0.921988 0.239597 0.141797 0.011917
0 0.922152 0.253333 0.141797 0.011917
0 0.922320 0.266174 0.141797 0.011917
0 0.922152 0.279309 0.141797 0.011924
0 0.921988 0.292149 0.141797 0.011924
0 0.922320 0.306781 0.141797 0.011924
0 0.875674 0.319701 0.048574 0.011917
0 0.922156 0.333309 0.141797 0.011924
0 0.921684 0.359590 0.141797 0.011917
0 0.921520 0.372118 0.141797 0.011917
0 0.921438 0.385944 0.141797 0.011917
0 0.921438 0.399049 0.141797 0.011917
0 0.875625 0.411722 0.038672 0.011917
0 0.921609 0.463583 0.141797 0.014806
0 0.972342 0.483399 0.007871 0.011493
0 0.980824 0.483233 0.005531 0.012160
0 0.988041 0.483483 0.006090 0.013660
0 0.995633 0.483566 0.005719 0.014826
