0 0.960723 0.980903 0.010156 0.020139
0 0.996133 0.586979 0.006172 0.014931
0 0.116000 0.917917 0.015234 0.021528
0 0.872031 0.626736 0.042656 0.015972
0 0.112268 0.545090 0.004730 0.012667
0 0.980986 0.483753 0.005293 0.012424
0 0.972713 0.587160 0.007715 0.013264
0 0.980742 0.586823 0.004555 0.012590
0 0.987887 0.586486 0.006195 0.015514
0 0.951414 0.982542 0.007180 0.018139
0 0.112518 0.128698 0.005371 0.011257
0 0.075225 0.167351 0.013309 0.017562
0 0.005660 0.165927 0.008422 0.014313
0 0.088156 0.147743 0.010547 0.017361
0 0.889570 0.148611 0.024219 0.020833
0 0.634352 0.046049 0.014844 0.016667
0 0.664609 0.046875 0.044844 0.018750
0 0.143801 0.129826 0.039023 0.017361
0 0.814539 0.059576 0.019922 0.038889
0 0.119877 0.128681 0.006652 0.013194
0 0.871289 0.606368 0.012891 0.017361
0 0.915148 0.148667 0.026953 0.018750
0 0.116328 0.166389 0.013125 0.018889
0 0.342334 0.047799 0.153301 0.018931
0 0.700113 0.047222 0.026172 0.018056
0 0.104637 0.129583 0.006906 0.012389
0 0.169098 0.048757 0.154688 0.015153
0 0.514059 0.047635 0.153992 0.017493
0 0.257715 0.047917 0.015430 0.019444
0 0.168715 0.067194 0.152805 0.019917
0 0.342875 0.066361 0.153469 0.020611
0 0.115617 0.562278 0.011328 0.015972
0 0.506867 0.066535 0.165234 0.020833
0 0.980168 0.025132 0.035977 0.020139
0 0.973221 0.128934 0.007199 0.011479
0 0.941816 0.981146 0.011758 0.020625
0 0.430223 0.047569 0.011328 0.017361
0 0.218711 0.108333 0.107891 0.020833
0 0.074938 0.147924 0.013281 0.018750
0 0.987926 0.484083 0.005117 0.012639
0 0.020156 0.146597 0.012969 0.020972
0 0.073617 0.185826 0.009352 0.017014
0 0.988570 0.128847 0.007273 0.013653
0 0.982031 0.981486 0.025781 0.022917
0 0.841992 0.046590 0.026953 0.017361
0 0.973367 0.006705 0.011328 0.013410
0 0.104682 0.545778 0.007199 0.011542
0 0.018924 0.165872 0.010793 0.013771
0 0.996369 0.128000 0.007262 0.014583
0 0.257734 0.066667 0.016250 0.018056
0 0.887086 0.606229 0.012109 0.018056
0 0.167426 0.131312 0.005336 0.011875
0 0.127461 0.145833 0.009609 0.015278
0 0.100742 0.917708 0.012422 0.020139
0 0.973195 0.483038 0.007141 0.013229
0 0.925078 0.462778 0.149844 0.017361
0 0.120092 0.545250 0.008098 0.014319
0 0.980820 0.128778 0.006523 0.012639
0 0.088086 0.185417 0.011328 0.018056
0 0.475195 0.985069 0.012891 0.020139
0 0.088281 0.224306 0.010937 0.020833
0 0.898047 0.981250 0.011719 0.020833
0 0.711523 0.065625 0.012109 0.017361
0 0.046680 0.145833 0.010547 0.019444
0 0.843164 0.131250 0.009766 0.013889
0 0.032617 0.145833 0.011328 0.019444
0 0.954492 0.006944 0.009766 0.013889
0 0.073438 0.602778 0.010937 0.020833
0 0.698633 0.065625 0.011328 0.017361
0 0.087500 0.582639 0.012500 0.018056
0 0.074023 0.203819 0.011328 0.017361
0 0.995898 0.482986 0.007422 0.015972
0 0.074023 0.224653 0.011328 0.021528
0 0.991406 0.007639 0.011719 0.015278
0 0.912500 0.980903 0.013281 0.020139
0 0.059961 0.146181 0.009766 0.018750
0 0.073438 0.562847 0.011719 0.015972
0 0.088672 0.023264 0.011719 0.013194
0 0.088086 0.917361 0.011328 0.018056
0 0.005469 0.146181 0.010937 0.020139
0 0.073438 0.582639 0.010937 0.018056
0 0.046289 0.562500 0.011328 0.016667
0 0.073828 0.918056 0.012500 0.018056
0 0.101562 0.146528 0.010937 0.018056
0 0.032813 0.562500 0.011719 0.016667
0 0.278516 0.109722 0.011719 0.018056
0 0.474219 0.982639 0.013281 0.020833
0 0.072461 0.023958 0.013672 0.014583
0 0.139453 0.023958 0.021094 0.015972
0 0.032813 0.165625 0.010156 0.017361
0 0.902539 0.605556 0.012891 0.018056
0 0.866797 0.056944 0.017188 0.037500
0 0.006055 0.918056 0.012109 0.018056
0 0.053320 0.024653 0.018359 0.014583
0 0.931836 0.605903 0.012109 0.018750
0 0.856250 0.606250 0.013281 0.018056
0 0.088086 0.203472 0.010547 0.018056
0 0.916406 0.605903 0.013281 0.018750
0 0.685742 0.065625 0.010547 0.017361
0 0.101758 0.562847 0.012109 0.015972
0 0.105273 0.023264 0.015234 0.014583
0 0.833398 0.064931 0.012891 0.018750
0 0.115625 0.147222 0.010156 0.018056
0 0.160742 0.023958 0.016016 0.015972
0 0.991016 0.107639 0.013281 0.016667
0 0.121094 0.023264 0.011719 0.014583
0 0.975195 0.108333 0.014453 0.018056
0 0.730078 0.067014 0.011719 0.017361
0 0.060742 0.918056 0.011328 0.018056
0 0.087305 0.602431 0.012109 0.020139
0 0.986523 0.059722 0.019141 0.047222
0 0.848437 0.064583 0.014063 0.019444
0 0.060156 0.562847 0.010937 0.015972
0 0.033984 0.023958 0.014063 0.014583
0 0.920117 0.024306 0.012109 0.018056
0 0.153320 0.896181 0.033984 0.057639
0 0.005273 0.223611 0.010547 0.018056
0 0.927539 0.981250 0.013672 0.019444
0 0.743359 0.048264 0.011719 0.017361
0 0.767773 0.047917 0.010547 0.016667
0 0.729492 0.047917 0.013672 0.018056
0 0.083594 0.046181 0.014844 0.015972
0 0.019336 0.024306 0.011328 0.015278
0 0.005664 0.562847 0.011328 0.018750
0 0.743555 0.067708 0.012109 0.017361
0 0.932813 0.023958 0.009375 0.017361
0 0.177539 0.024306 0.013672 0.016667
0 0.087305 0.562500 0.012109 0.016667
0 0.018945 0.562847 0.012109 0.017361
0 0.156445 0.108681 0.012891 0.018750
0 0.756055 0.048264 0.011328 0.017361
0 0.949414 0.024306 0.016016 0.018056
0 0.045312 0.109028 0.011719 0.019444
0 0.086328 0.109028 0.012500 0.020833
0 0.779297 0.047917 0.012500 0.016667
0 0.767578 0.067014 0.009375 0.017361
0 0.033203 0.918056 0.011719 0.018056
0 0.005664 0.024306 0.011328 0.015278
0 0.101172 0.224306 0.010937 0.019444
0 0.020117 0.918056 0.012891 0.018056
0 0.073047 0.109028 0.011719 0.019444
0 0.101562 0.185417 0.010937 0.018056
0 0.033008 0.937847 0.011328 0.014583
0 0.369336 0.981944 0.016016 0.020833
0 0.116016 0.581597 0.012500 0.017361
0 0.019336 0.184722 0.011328 0.018056
0 0.756250 0.067361 0.010156 0.016667
0 0.101367 0.602778 0.011328 0.019444
0 0.632227 0.066319 0.011328 0.018750
0 0.005664 0.185069 0.011328 0.018750
0 0.143164 0.108333 0.012891 0.018056
0 0.421875 0.980903 0.088281 0.028472
0 0.795312 0.059028 0.017969 0.036111
0 0.059766 0.165625 0.010156 0.017361
0 0.047461 0.917708 0.012109 0.017361
0 0.019531 0.937153 0.011719 0.015972
0 0.058984 0.109028 0.012500 0.019444
0 0.612500 0.984028 0.014063 0.022222
0 0.116211 0.108681 0.012109 0.018750
0 0.959375 0.108681 0.012500 0.018750
0 0.101367 0.108681 0.014453 0.020139
0 0.115820 0.185069 0.011328 0.018750
0 0.005469 0.602431 0.010937 0.018750
0 0.006055 0.937500 0.012109 0.016667
0 0.129102 0.108333 0.010547 0.018056
0 0.005664 0.204167 0.011328 0.019444
0 0.019336 0.108681 0.037891 0.021528
0 0.101562 0.204167 0.010937 0.018056
0 0.087891 0.165972 0.010937 0.018056
0 0.019141 0.602431 0.010937 0.018750
0 0.018945 0.204514 0.011328 0.018750
0 0.005664 0.582986 0.011328 0.018750
0 0.011914 0.060417 0.021484 0.045833
0 0.018750 0.224306 0.010937 0.018056
0 0.607617 0.056250 0.026953 0.041667
0 0.645312 0.065972 0.010156 0.016667
0 0.101562 0.582292 0.011719 0.017361
0 0.060156 0.184722 0.010156 0.018056
0 0.083203 0.067014 0.012500 0.020139
0 0.032813 0.184375 0.010156 0.017361
0 0.059961 0.602431 0.010547 0.020139
0 0.115820 0.223611 0.011328 0.018056
0 0.033203 0.602778 0.010937 0.019444
0 0.046484 0.184722 0.010937 0.018056
0 0.019336 0.582639 0.012109 0.018056
0 0.046484 0.602431 0.011719 0.020139
0 0.115430 0.204514 0.011328 0.017361
0 0.032617 0.224306 0.010547 0.019444
0 0.863086 0.148264 0.026172 0.021528
0 0.030859 0.060764 0.016406 0.045139
0 0.060352 0.224653 0.010547 0.021528
0 0.049219 0.061111 0.017188 0.045833
0 0.060352 0.204167 0.010547 0.018056
0 0.032617 0.204167 0.010547 0.019444
0 0.046484 0.224653 0.011719 0.020139
0 0.595313 0.983681 0.013281 0.021528
0 0.046680 0.203819 0.011328 0.018750
0 0.658789 0.065625 0.009766 0.017361
0 0.066406 0.060764 0.017969 0.043750
0 0.508984 0.981944 0.014063 0.020833
0 0.526172 0.982292 0.014063 0.021528
0 0.059961 0.582639 0.011328 0.018056
0 0.491602 0.982292 0.013672 0.020139
0 0.033008 0.582639 0.011328 0.018056
0 0.672852 0.065972 0.012891 0.018056
0 0.578125 0.983333 0.014063 0.022222
0 0.543359 0.982986 0.014063 0.021528
0 0.629297 0.983681 0.014063 0.024306
0 0.560742 0.983333 0.014453 0.022222
0 0.046680 0.582639 0.012109 0.018056
