0 0.674219 0.087037 0.013021 0.020370
0 0.988281 0.009722 0.014063 0.019444
0 0.961458 0.009259 0.014583 0.018519
0 0.181250 0.185648 0.010417 0.019444
0 0.939583 0.008333 0.011458 0.016667
0 0.440365 0.087963 0.016146 0.024074
0 0.026562 0.031481 0.015625 0.020370
0 0.069792 0.032870 0.022917 0.019444
0 0.509635 0.087500 0.151562 0.025000
0 0.079948 0.657407 0.014063 0.024074
0 0.040365 0.081019 0.021354 0.058333
0 0.098958 0.290741 0.013542 0.024074
0 0.080469 0.316667 0.015104 0.025926
0 0.080469 0.606019 0.015104 0.023148
0 0.044010 0.657870 0.014063 0.025000
0 0.044010 0.316667 0.014063 0.024074
0 0.080208 0.289815 0.014583 0.024074
0 0.116927 0.238889 0.014063 0.025926
0 0.117969 0.291204 0.016146 0.025000
0 0.080469 0.631481 0.015104 0.025926
0 0.098958 0.317130 0.013542 0.025000
0 0.117708 0.317593 0.016667 0.024074
0 0.116927 0.264352 0.014063 0.023148
0 0.064062 0.081019 0.021875 0.058333
0 0.080469 0.212500 0.013021 0.023148
0 0.025521 0.316204 0.014583 0.023148
0 0.087500 0.080093 0.023958 0.056481
0 0.098698 0.264352 0.013021 0.025000
0 0.080208 0.263889 0.014583 0.025926
0 0.098958 0.606019 0.015625 0.025000
0 0.025521 0.658333 0.014583 0.024074
0 0.569792 0.978704 0.018750 0.029630
0 0.080729 0.237963 0.014583 0.024074
0 0.546354 0.978241 0.018750 0.028704
0 0.710677 0.087500 0.014063 0.021296
0 0.044010 0.343519 0.015104 0.025926
0 0.043750 0.578241 0.015625 0.021296
0 0.080469 0.579167 0.015104 0.023148
0 0.061719 0.657870 0.015104 0.025000
0 0.061979 0.579167 0.015625 0.021296
0 0.592708 0.978241 0.017708 0.028704
0 0.044010 0.604630 0.015104 0.024074
0 0.062240 0.605093 0.015104 0.023148
0 0.728385 0.087500 0.015104 0.023148
0 0.043750 0.289815 0.014583 0.025926
0 0.098437 0.238426 0.012500 0.025000
0 0.477865 0.976852 0.018229 0.025926
0 0.116406 0.212500 0.013021 0.023148
0 0.098958 0.579167 0.016667 0.023148
0 0.523438 0.977315 0.017708 0.026852
0 0.098958 0.212963 0.013542 0.022222
0 0.116667 0.579167 0.015625 0.023148
0 0.887760 0.192130 0.032813 0.026852
0 0.315365 0.976852 0.019271 0.027778
0 0.044010 0.631944 0.015104 0.026852
0 0.692969 0.087500 0.015104 0.021296
0 0.500781 0.976852 0.018229 0.025926
0 0.852865 0.190741 0.034896 0.027778
0 0.607292 0.075463 0.034375 0.054630
0 0.025521 0.343519 0.014583 0.025926
0 0.062240 0.263426 0.015104 0.025000
0 0.062240 0.289815 0.014063 0.024074
0 0.025781 0.578241 0.017188 0.023148
0 0.025521 0.289815 0.014583 0.025926
0 0.062240 0.631944 0.016146 0.026852
0 0.015885 0.080093 0.026562 0.060185
0 0.615365 0.978704 0.018229 0.027778
0 0.923958 0.191667 0.037500 0.024074
0 0.079687 0.186574 0.013542 0.023148
0 0.078125 0.139352 0.015625 0.023148
0 0.638281 0.979630 0.017188 0.027778
0 0.684896 0.978241 0.017708 0.028704
0 0.662500 0.979167 0.019792 0.030556
0 0.044010 0.917130 0.015104 0.021296
0 0.043490 0.213426 0.013021 0.023148
0 0.116406 0.605556 0.015104 0.024074
0 0.883594 0.977315 0.016146 0.025000
0 0.866667 0.977315 0.014583 0.025000
0 0.025781 0.631481 0.016146 0.025926
0 0.025781 0.604630 0.016146 0.024074
0 0.043490 0.263889 0.015104 0.024074
0 0.026042 0.891667 0.015625 0.022222
0 0.080729 0.918056 0.014583 0.023148
0 0.455469 0.977315 0.017188 0.026852
0 0.007552 0.316667 0.015104 0.024074
0 0.007292 0.659259 0.014583 0.024074
0 0.098437 0.632407 0.014583 0.024074
0 0.745833 0.087963 0.014583 0.022222
0 0.966146 0.138889 0.018750 0.022222
0 0.080469 0.891667 0.014063 0.022222
0 0.097135 0.139352 0.018229 0.025000
0 0.109635 0.088889 0.016146 0.027778
0 0.657552 0.087500 0.014063 0.021296
0 0.044271 0.891204 0.015625 0.023148
0 0.061979 0.316204 0.013542 0.025000
0 0.007552 0.343056 0.015104 0.023148
0 0.152083 0.139352 0.016667 0.023148
0 0.008073 0.604630 0.015104 0.024074
0 0.007812 0.578704 0.015625 0.024074
0 0.025521 0.264352 0.015625 0.025000
0 0.062760 0.917593 0.016146 0.022222
0 0.727865 0.062500 0.038021 0.025000
0 0.440885 0.064815 0.016146 0.024074
0 0.881510 0.079630 0.024479 0.051852
0 0.241927 0.140278 0.016146 0.023148
0 0.043750 0.186574 0.015625 0.025000
0 0.025000 0.139352 0.048958 0.026852
0 0.043490 0.238426 0.014063 0.023148
0 0.098437 0.891667 0.015625 0.022222
0 0.946615 0.140278 0.013021 0.021296
0 0.007812 0.212963 0.014583 0.025926
0 0.007812 0.289352 0.015625 0.026852
0 0.008073 0.631019 0.014063 0.025000
0 0.007552 0.185648 0.015104 0.025000
0 0.026562 0.187037 0.017708 0.025926
0 0.980990 0.079630 0.025521 0.061111
0 0.384635 0.975463 0.117188 0.034259
0 0.223698 0.139815 0.015104 0.022222
0 0.639844 0.088426 0.015104 0.023148
0 0.008073 0.891204 0.016146 0.023148
0 0.973177 0.032870 0.049479 0.025000
0 0.062500 0.212500 0.013542 0.023148
0 0.170313 0.140278 0.015625 0.023148
0 0.114844 0.138889 0.014063 0.024074
0 0.206771 0.140278 0.015625 0.023148
0 0.026042 0.917130 0.015625 0.021296
0 0.062760 0.891204 0.018229 0.023148
0 0.271615 0.063426 0.020313 0.025000
0 0.681510 0.062963 0.057813 0.025926
0 0.952344 0.079167 0.022396 0.056481
0 0.641927 0.062037 0.021354 0.024074
0 0.260937 0.140278 0.014583 0.023148
0 0.893229 0.034259 0.014583 0.024074
0 0.209635 0.032870 0.020313 0.019444
0 0.115625 0.163889 0.012500 0.020370
0 0.133073 0.138889 0.015104 0.024074
0 0.110156 0.062500 0.018229 0.021296
0 0.025260 0.213889 0.015104 0.024074
0 0.926302 0.088426 0.017188 0.025000
0 0.845052 0.621759 0.016146 0.023148
0 0.059635 0.139352 0.016146 0.023148
0 0.157031 0.032870 0.016146 0.019444
0 0.857031 0.079630 0.025521 0.048148
0 0.909375 0.033796 0.014583 0.025000
0 0.803906 0.088426 0.015104 0.021296
0 0.116667 0.633333 0.015625 0.024074
0 0.884635 0.621296 0.017188 0.024074
0 0.422135 0.140278 0.013021 0.021296
0 0.007812 0.263889 0.015625 0.024074
0 0.231250 0.032407 0.015625 0.020370
0 0.903646 0.976852 0.018750 0.024074
0 0.516667 0.062963 0.136458 0.025926
0 0.182292 0.032870 0.028125 0.019444
0 0.188542 0.140741 0.015625 0.022222
0 0.917448 0.062500 0.035937 0.025000
0 0.061979 0.186574 0.013542 0.025000
0 0.917188 0.435185 0.146875 0.018519
0 0.137240 0.033333 0.017188 0.018519
0 0.116667 0.891204 0.014583 0.021296
0 0.863802 0.621759 0.017188 0.023148
0 0.355990 0.087500 0.145313 0.025000
0 0.355469 0.062500 0.145313 0.026852
0 0.804167 0.064352 0.015625 0.023148
0 0.272396 0.088889 0.019792 0.024074
0 0.944792 0.622222 0.017708 0.024074
0 0.908333 0.088426 0.017708 0.025000
0 0.904687 0.620833 0.017708 0.023148
0 0.964063 0.164352 0.010417 0.017593
0 0.117448 0.032407 0.015104 0.018519
0 0.095833 0.031944 0.021875 0.019444
0 0.820312 0.063889 0.014583 0.022222
0 0.008073 0.032407 0.014063 0.020370
0 0.914844 0.277315 0.154688 0.017593
0 0.924219 0.621296 0.017188 0.024074
0 0.008073 0.918519 0.016146 0.020370
0 0.770312 0.088426 0.015625 0.021296
0 0.934115 0.033333 0.023438 0.025926
0 0.115625 0.186574 0.011458 0.023148
0 0.180208 0.862500 0.043750 0.075000
0 0.836198 0.063426 0.015104 0.021296
0 0.770312 0.065278 0.016667 0.023148
0 0.859115 0.311574 0.044271 0.015741
0 0.922396 0.976389 0.013542 0.023148
0 0.819792 0.087500 0.013542 0.021296
0 0.914583 0.241667 0.153125 0.018519
0 0.914583 0.259722 0.155208 0.017593
0 0.990365 0.218056 0.014063 0.021296
0 0.918490 0.382407 0.145313 0.016667
0 0.918490 0.400000 0.145313 0.016667
0 0.914583 0.293519 0.154167 0.016667
0 0.786979 0.089352 0.015625 0.021296
0 0.918229 0.417593 0.145833 0.018519
0 0.114844 0.555556 0.009896 0.018519
0 0.787240 0.064815 0.015104 0.022222
0 0.984635 0.163426 0.008854 0.017593
0 0.970313 0.217593 0.019792 0.020370
0 0.948438 0.976852 0.013542 0.022222
0 0.975781 0.976852 0.032813 0.029630
0 0.934896 0.975463 0.010417 0.023148
0 0.995313 0.163426 0.009375 0.019444
0 0.984953 0.594847 0.008490 0.015083
0 0.046164 0.032495 0.016693 0.022028
0 0.195448 0.166023 0.009510 0.017102
0 0.124896 0.555634 0.009073 0.015898
0 0.964906 0.595500 0.009656 0.015352
0 0.974198 0.595759 0.007167 0.014833
0 0.994391 0.595366 0.008635 0.013528
0 0.963914 0.498130 0.009401 0.017759
0 0.974297 0.499000 0.007833 0.018111
0 0.984388 0.498829 0.009599 0.018454
0 0.994964 0.500569 0.009990 0.015676
0 0.975003 0.165009 0.007026 0.019500
0 0.063945 0.239583 0.016328 0.023148
0 0.189422 0.088662 0.134281 0.026565
0 0.026839 0.238630 0.015625 0.024074
0 0.009062 0.239352 0.017083 0.025000
0 0.989688 0.138889 0.020000 0.020370
0 0.099630 0.188630 0.018229 0.024074
0 0.135396 0.163986 0.009729 0.018324
0 0.188846 0.063444 0.134599 0.023926
0 0.166448 0.166130 0.045229 0.018519
0 0.917969 0.329630 0.146354 0.016667
0 0.914818 0.452778 0.152552 0.016667
0 0.918125 0.474032 0.163750 0.020639
0 0.136797 0.556074 0.009375 0.016667
0 0.342500 0.138426 0.144167 0.025000
0 0.864466 0.648306 0.057422 0.022222
0 0.125680 0.163676 0.006766 0.018389
0 0.858047 0.365741 0.044323 0.014815
