0 0.770312 0.088426 0.015625 0.021296
0 0.836198 0.063426 0.015104 0.021296
0 0.914323 0.241667 0.153646 0.018519
0 0.770312 0.065278 0.016667 0.023148
0 0.922396 0.975926 0.013542 0.024074
0 0.859115 0.311574 0.044271 0.015741
0 0.914062 0.259722 0.154167 0.017593
0 0.008073 0.918519 0.016146 0.020370
0 0.918229 0.400000 0.145833 0.016667
0 0.918229 0.382407 0.145833 0.016667
0 0.918490 0.417593 0.145313 0.018519
0 0.918490 0.329630 0.147396 0.016667
0 0.786979 0.089352 0.015625 0.021296
0 0.787240 0.064815 0.015104 0.022222
0 0.114844 0.555556 0.009896 0.018519
0 0.984375 0.162500 0.009375 0.017593
0 0.975781 0.976389 0.032813 0.030556
0 0.948438 0.976852 0.013542 0.022222
0 0.134896 0.555556 0.009375 0.016667
0 0.935156 0.975926 0.010937 0.024074
0 0.995313 0.163426 0.009375 0.019444
0 0.674219 0.087037 0.013021 0.020370
0 0.988542 0.009722 0.013542 0.019444
0 0.961458 0.009259 0.014583 0.018519
0 0.939583 0.008333 0.011458 0.016667
0 0.026562 0.031481 0.015625 0.020370
0 0.040365 0.081019 0.021354 0.058333
0 0.079948 0.657407 0.014063 0.024074
0 0.098958 0.290741 0.013542 0.024074
0 0.044010 0.657870 0.014063 0.025000
0 0.080208 0.316667 0.014583 0.025926
0 0.044010 0.316667 0.014063 0.024074
0 0.080208 0.289815 0.014583 0.024074
0 0.080469 0.606019 0.015104 0.023148
0 0.116927 0.238889 0.014063 0.025926
0 0.080208 0.631481 0.014583 0.025926
0 0.098958 0.317130 0.013542 0.025000
0 0.117708 0.317593 0.016667 0.024074
0 0.116667 0.264352 0.013542 0.023148
0 0.064062 0.081019 0.021875 0.058333
0 0.087500 0.080093 0.023958 0.056481
0 0.080469 0.212500 0.013021 0.023148
0 0.025521 0.316204 0.014583 0.023148
0 0.098698 0.264352 0.013021 0.025000
0 0.080208 0.263889 0.014583 0.025926
0 0.025521 0.658333 0.014583 0.024074
0 0.569792 0.978704 0.018750 0.029630
0 0.546354 0.978241 0.018750 0.028704
0 0.080729 0.237963 0.014583 0.024074
0 0.710677 0.087500 0.014063 0.021296
0 0.044010 0.343519 0.015104 0.025926
0 0.043490 0.578241 0.015104 0.021296
0 0.061719 0.657870 0.015104 0.025000
0 0.044010 0.604630 0.015104 0.024074
0 0.061979 0.579167 0.015625 0.021296
0 0.592708 0.978241 0.017708 0.028704
0 0.043750 0.289815 0.014583 0.025926
0 0.062240 0.605093 0.015104 0.023148
0 0.728385 0.087500 0.015104 0.023148
0 0.098437 0.238426 0.012500 0.025000
0 0.098958 0.605556 0.016667 0.025926
0 0.477865 0.976852 0.018229 0.025926
0 0.116667 0.212500 0.012500 0.023148
0 0.080208 0.579167 0.014583 0.021296
0 0.523438 0.977315 0.017708 0.026852
0 0.098958 0.212963 0.013542 0.022222
0 0.887760 0.192130 0.032813 0.026852
0 0.098698 0.579630 0.016146 0.022222
0 0.116667 0.579630 0.015625 0.022222
0 0.315365 0.976852 0.019271 0.027778
0 0.044010 0.631944 0.015104 0.026852
0 0.692969 0.087500 0.015104 0.021296
0 0.500781 0.976852 0.018229 0.025926
0 0.607292 0.075000 0.034375 0.053704
0 0.025521 0.343519 0.014583 0.025926
0 0.062240 0.263426 0.015104 0.025000
0 0.025781 0.578241 0.017188 0.023148
0 0.062240 0.289815 0.014063 0.024074
0 0.025521 0.289815 0.014583 0.025926
0 0.062240 0.631944 0.016146 0.026852
0 0.015625 0.080093 0.026042 0.060185
0 0.923698 0.191667 0.036979 0.024074
0 0.615365 0.978704 0.018229 0.027778
0 0.079687 0.186574 0.013542 0.023148
0 0.638281 0.979630 0.017188 0.027778
0 0.116406 0.605556 0.015104 0.024074
0 0.077083 0.140278 0.016667 0.025000
0 0.044271 0.917130 0.015625 0.021296
0 0.662500 0.979167 0.019792 0.030556
0 0.043490 0.213426 0.013021 0.023148
0 0.684896 0.978241 0.017708 0.028704
0 0.883594 0.977315 0.016146 0.025000
0 0.025781 0.631481 0.016146 0.025926
0 0.866667 0.977315 0.014583 0.025000
0 0.025781 0.604630 0.016146 0.024074
0 0.043490 0.263889 0.015104 0.024074
0 0.007552 0.316667 0.015104 0.024074
0 0.455469 0.977315 0.017188 0.026852
0 0.080990 0.917593 0.014063 0.024074
0 0.026042 0.891667 0.015625 0.022222
0 0.966146 0.138889 0.018750 0.022222
0 0.153125 0.138889 0.016667 0.024074
0 0.007292 0.659259 0.014583 0.024074
0 0.095052 0.140278 0.015104 0.025000
0 0.745833 0.087963 0.014583 0.022222
0 0.080469 0.891667 0.014063 0.022222
0 0.657552 0.087500 0.014063 0.021296
0 0.061979 0.316204 0.013542 0.025000
0 0.109635 0.088889 0.016146 0.027778
0 0.044271 0.891204 0.015625 0.023148
0 0.007552 0.343519 0.015104 0.024074
0 0.170573 0.139352 0.014063 0.023148
0 0.008073 0.604630 0.015104 0.024074
0 0.205469 0.140278 0.016146 0.023148
0 0.007812 0.578704 0.015625 0.024074
0 0.025521 0.264352 0.015625 0.025000
0 0.132812 0.139352 0.019792 0.025000
0 0.881510 0.079630 0.024479 0.051852
0 0.098698 0.632407 0.015104 0.024074
0 0.063021 0.917593 0.016667 0.022222
0 0.188021 0.140278 0.015625 0.023148
0 0.025000 0.139815 0.048958 0.027778
0 0.043490 0.238426 0.014063 0.023148
0 0.946615 0.140278 0.013021 0.021296
0 0.026562 0.187037 0.017708 0.025926
0 0.008073 0.631019 0.014063 0.025000
0 0.007812 0.289352 0.015625 0.026852
0 0.980990 0.079630 0.025521 0.061111
0 0.098698 0.891667 0.016146 0.022222
0 0.007552 0.185648 0.015104 0.025000
0 0.007812 0.212963 0.014583 0.025926
0 0.384635 0.975463 0.117188 0.034259
0 0.640104 0.088426 0.015625 0.023148
0 0.973177 0.032870 0.049479 0.025000
0 0.062500 0.212500 0.013542 0.023148
0 0.008073 0.891204 0.016146 0.023148
0 0.026042 0.917130 0.015625 0.021296
0 0.062760 0.891204 0.018229 0.023148
0 0.952604 0.079167 0.021875 0.056481
0 0.641927 0.062037 0.021354 0.024074
0 0.893229 0.034259 0.014583 0.024074
0 0.209635 0.032870 0.020313 0.019444
0 0.112500 0.139352 0.015625 0.025000
0 0.288281 0.138426 0.143229 0.025000
0 0.059115 0.139815 0.015104 0.024074
0 0.926562 0.088426 0.016667 0.025000
0 0.025260 0.213889 0.015104 0.024074
0 0.116667 0.633333 0.015625 0.024074
0 0.857031 0.079630 0.025521 0.048148
0 0.845052 0.621759 0.016146 0.023148
0 0.157031 0.032870 0.016146 0.019444
0 0.909375 0.033796 0.014583 0.025000
0 0.803906 0.088426 0.015104 0.021296
0 0.884635 0.621296 0.017188 0.024074
0 0.903646 0.976852 0.018750 0.024074
0 0.061979 0.186574 0.013542 0.025000
0 0.231250 0.032407 0.015625 0.020370
0 0.007812 0.263889 0.015625 0.024074
0 0.115104 0.163889 0.012500 0.020370
0 0.369010 0.140278 0.014063 0.021296
0 0.987500 0.138889 0.015625 0.020370
0 0.182292 0.032870 0.028125 0.019444
0 0.917448 0.062500 0.035937 0.025000
0 0.137240 0.033333 0.017188 0.018519
0 0.863802 0.621759 0.017188 0.023148
0 0.116667 0.891204 0.014583 0.021296
0 0.804167 0.064352 0.015625 0.023148
0 0.917188 0.435185 0.146875 0.018519
0 0.904687 0.620833 0.017708 0.023148
0 0.944792 0.622222 0.017708 0.024074
0 0.819792 0.087963 0.013542 0.020370
0 0.964583 0.164352 0.010417 0.017593
0 0.069792 0.032870 0.022917 0.019444
0 0.908333 0.088426 0.017708 0.025000
0 0.272656 0.088889 0.019271 0.024074
0 0.117448 0.032407 0.015104 0.018519
0 0.820573 0.063889 0.015104 0.022222
0 0.095573 0.031944 0.021354 0.019444
0 0.008073 0.032407 0.014063 0.020370
0 0.115625 0.186574 0.011458 0.023148
0 0.924479 0.621296 0.017708 0.024074
0 0.914844 0.277315 0.154688 0.017593
0 0.934115 0.033333 0.023438 0.025926
0 0.180469 0.862500 0.044271 0.075000
0 0.974667 0.594440 0.007646 0.014398
0 0.962971 0.594440 0.013943 0.019194
0 0.125234 0.555597 0.007500 0.016657
0 0.125768 0.164296 0.006651 0.015833
0 0.045768 0.032333 0.019318 0.022093
0 0.063672 0.239491 0.016927 0.025278
0 0.860833 0.365741 0.045000 0.014815
0 0.866159 0.648306 0.056536 0.019444
0 0.974536 0.164042 0.007427 0.014213
0 0.852495 0.190861 0.035937 0.021296
0 0.195859 0.166583 0.011979 0.021296
0 0.915078 0.452778 0.153073 0.016667
0 0.914583 0.294806 0.154167 0.016667
0 0.167031 0.167343 0.045521 0.018519
0 0.135477 0.163444 0.010016 0.017630
0 0.188630 0.064843 0.135937 0.022685
0 0.508703 0.089042 0.150521 0.023954
0 0.355099 0.063657 0.144792 0.026852
0 0.356120 0.087694 0.146354 0.025000
0 0.518005 0.063361 0.133156 0.023574
0 0.100396 0.188833 0.018229 0.024074
0 0.111500 0.061898 0.018229 0.021296
0 0.682135 0.062963 0.059063 0.025926
0 0.010250 0.239352 0.015104 0.025000
0 0.026391 0.238889 0.015625 0.024074
0 0.272375 0.062657 0.020313 0.025000
0 0.189214 0.088130 0.135937 0.022444
0 0.045427 0.187167 0.015625 0.025000
0 0.729062 0.063167 0.035104 0.025000
0 0.442484 0.063778 0.016146 0.024074
0 0.118490 0.291667 0.016146 0.025926
0 0.918367 0.472759 0.163266 0.018315
0 0.994115 0.500898 0.008771 0.018389
0 0.984336 0.500097 0.008995 0.020787
0 0.975341 0.499097 0.008995 0.018787
0 0.964659 0.499301 0.010568 0.018380
0 0.994565 0.596838 0.010568 0.019991
0 0.983773 0.595838 0.007422 0.016398
