0 0.088281 0.185069 0.010937 0.018750
0 0.898242 0.981250 0.011328 0.020833
0 0.088281 0.224306 0.010937 0.020833
0 0.073438 0.602778 0.010937 0.020833
0 0.046875 0.145833 0.010156 0.019444
0 0.711719 0.065625 0.012500 0.017361
0 0.087500 0.582639 0.012500 0.018056
0 0.074023 0.204167 0.011328 0.018056
0 0.698633 0.065625 0.012109 0.017361
0 0.074023 0.224653 0.011328 0.021528
0 0.032617 0.145833 0.011328 0.019444
0 0.842773 0.131597 0.010547 0.014583
0 0.953906 0.006944 0.010156 0.013889
0 0.238281 0.109722 0.013281 0.020833
0 0.991602 0.007639 0.012109 0.015278
0 0.088672 0.022569 0.011719 0.013194
0 0.910742 0.981597 0.013672 0.020139
0 0.073633 0.562847 0.011328 0.015972
0 0.059961 0.146181 0.009766 0.018750
0 0.073828 0.184722 0.011719 0.018056
0 0.088086 0.917361 0.011328 0.018056
0 0.971484 0.007292 0.012500 0.014583
0 0.924023 0.936111 0.151172 0.022222
0 0.073438 0.582639 0.010937 0.018056
0 0.099805 0.109722 0.012891 0.019444
0 0.005469 0.146181 0.010937 0.020139
0 0.073828 0.918056 0.012500 0.018056
0 0.101562 0.146528 0.010937 0.018056
0 0.086133 0.109722 0.012109 0.019444
0 0.685352 0.065972 0.010547 0.018056
0 0.046289 0.562500 0.011328 0.016667
0 0.867188 0.240625 0.033594 0.011806
0 0.224219 0.109375 0.012500 0.020139
0 0.072461 0.023611 0.013672 0.013889
0 0.474219 0.982292 0.013281 0.021528
0 0.052930 0.023611 0.018359 0.013889
0 0.139648 0.022917 0.020703 0.015278
0 0.032422 0.562500 0.011719 0.016667
0 0.032813 0.165625 0.010156 0.017361
0 0.115430 0.147222 0.010547 0.018056
0 0.088086 0.203819 0.010547 0.018750
0 0.833594 0.065278 0.013281 0.019444
0 0.006055 0.918056 0.012109 0.018056
0 0.866992 0.057639 0.017578 0.038889
0 0.101758 0.562847 0.012109 0.015972
0 0.856250 0.606250 0.013281 0.018056
0 0.729883 0.067014 0.012109 0.017361
0 0.121094 0.022917 0.011719 0.013889
0 0.105469 0.022569 0.015625 0.014583
0 0.034375 0.023611 0.014063 0.013889
0 0.931836 0.606250 0.012109 0.018056
0 0.160742 0.022917 0.016016 0.015278
0 0.886328 0.605556 0.013281 0.018056
0 0.087305 0.602431 0.012109 0.020139
0 0.059961 0.562847 0.011328 0.015972
0 0.060742 0.918056 0.011328 0.018056
0 0.986328 0.060417 0.020313 0.048611
0 0.848242 0.064931 0.014453 0.020139
0 0.902539 0.605903 0.012891 0.018750
0 0.767773 0.047917 0.010547 0.016667
0 0.005273 0.223611 0.010547 0.018056
0 0.743359 0.048264 0.011719 0.017361
0 0.916406 0.605903 0.013281 0.018750
0 0.153320 0.896528 0.033984 0.056944
0 0.019922 0.023611 0.010937 0.015278
0 0.743555 0.067708 0.012109 0.017361
0 0.083594 0.046181 0.014844 0.015972
0 0.729492 0.047917 0.013672 0.018056
0 0.005859 0.562847 0.011719 0.018750
0 0.975000 0.107986 0.014063 0.017361
0 0.087305 0.562500 0.012109 0.016667
0 0.990820 0.107639 0.013672 0.016667
0 0.767578 0.067014 0.009375 0.017361
0 0.177734 0.023611 0.013281 0.016667
0 0.920117 0.024653 0.012109 0.018750
0 0.927539 0.981250 0.013672 0.019444
0 0.700781 0.046875 0.026562 0.017361
0 0.756055 0.048264 0.011328 0.017361
0 0.358594 0.110069 0.011719 0.017361
0 0.779297 0.047917 0.012500 0.016667
0 0.298242 0.108333 0.106641 0.022222
0 0.045508 0.109375 0.012109 0.018750
0 0.019141 0.563194 0.011719 0.018056
0 0.006055 0.023264 0.011328 0.014583
0 0.210742 0.109375 0.012109 0.020139
0 0.059180 0.109375 0.011328 0.018750
0 0.033008 0.918056 0.011328 0.018056
0 0.949609 0.024306 0.016406 0.018056
0 0.756250 0.067708 0.010156 0.017361
0 0.932617 0.024306 0.009766 0.018056
0 0.072852 0.109722 0.012109 0.019444
0 0.369336 0.981944 0.016016 0.020833
0 0.033008 0.938194 0.011328 0.015278
0 0.101562 0.185069 0.010937 0.018750
0 0.020117 0.918056 0.012891 0.018056
0 0.813477 0.060069 0.019922 0.039583
0 0.116016 0.581597 0.012500 0.017361
0 0.101367 0.603125 0.011328 0.020139
0 0.019531 0.184722 0.010937 0.018056
0 0.632227 0.066319 0.011328 0.018750
0 0.871289 0.606250 0.012891 0.018056
0 0.101172 0.224306 0.010937 0.019444
0 0.183789 0.109028 0.011328 0.020833
0 0.005664 0.185069 0.011328 0.018750
0 0.169727 0.109028 0.013672 0.020833
0 0.196875 0.109028 0.012500 0.020833
0 0.664648 0.047222 0.045703 0.019444
0 0.421875 0.980903 0.088281 0.028472
0 0.059961 0.165625 0.010547 0.017361
0 0.795312 0.059722 0.017969 0.037500
0 0.612500 0.984028 0.014063 0.022222
0 0.047461 0.917708 0.012109 0.017361
0 0.005664 0.602431 0.011328 0.018750
0 0.006055 0.937500 0.012109 0.016667
0 0.019531 0.937153 0.011719 0.015972
0 0.019336 0.108681 0.037891 0.021528
0 0.005664 0.204167 0.011328 0.019444
0 0.113867 0.109375 0.012891 0.018750
0 0.115820 0.185069 0.011328 0.018750
0 0.645312 0.065972 0.010156 0.016667
0 0.087891 0.165972 0.010937 0.018056
0 0.005859 0.582986 0.011719 0.018750
0 0.019141 0.602431 0.010937 0.018750
0 0.019141 0.204514 0.011719 0.018750
0 0.011914 0.060069 0.021484 0.046528
0 0.060352 0.184722 0.010547 0.018056
0 0.018750 0.224306 0.010937 0.018056
0 0.101562 0.581944 0.011719 0.018056
0 0.083008 0.067014 0.012109 0.020139
0 0.059961 0.602431 0.010547 0.020139
0 0.115625 0.223611 0.011719 0.018056
0 0.032813 0.184375 0.010156 0.017361
0 0.607422 0.056597 0.027344 0.042361
0 0.019531 0.582639 0.011719 0.018056
0 0.127344 0.109028 0.012500 0.018056
0 0.033203 0.602778 0.010937 0.019444
0 0.959375 0.108681 0.012500 0.018750
0 0.658789 0.066319 0.009766 0.017361
0 0.142383 0.109028 0.014453 0.019444
0 0.046680 0.602431 0.011328 0.020139
0 0.115625 0.204861 0.011719 0.018056
0 0.046484 0.184722 0.010937 0.018056
0 0.156445 0.109028 0.011328 0.019444
0 0.032617 0.224653 0.010547 0.020139
0 0.060352 0.224653 0.010547 0.021528
0 0.060352 0.204167 0.010547 0.018056
0 0.032617 0.204167 0.010547 0.019444
0 0.031055 0.060764 0.016016 0.045139
0 0.046484 0.224653 0.011719 0.020139
0 0.049219 0.061111 0.017188 0.045833
0 0.672656 0.066319 0.011719 0.017361
0 0.916016 0.149306 0.026562 0.019444
0 0.888867 0.148958 0.024609 0.021528
0 0.595313 0.983681 0.013281 0.021528
0 0.046680 0.203819 0.011328 0.018750
0 0.508984 0.981944 0.014063 0.020833
0 0.066602 0.060764 0.017578 0.043750
0 0.526172 0.982292 0.014063 0.021528
0 0.033203 0.582639 0.011719 0.018056
0 0.491602 0.982292 0.013672 0.020139
0 0.863086 0.148611 0.026172 0.022222
0 0.059961 0.582639 0.011328 0.018056
0 0.543359 0.982986 0.014063 0.021528
0 0.578125 0.983333 0.014063 0.022222
0 0.046484 0.582639 0.011719 0.018056
0 0.629297 0.983681 0.014063 0.024306
0 0.560742 0.983333 0.014453 0.022222
0 0.870898 0.278125 0.036328 0.013194
0 0.981271 0.128167 0.006152 0.011250
0 0.841303 0.046528 0.024504 0.016667
0 0.506953 0.066181 0.165234 0.020833
0 0.981230 0.025160 0.034492 0.020139
0 0.941699 0.980903 0.011523 0.020139
0 0.115500 0.561806 0.011719 0.016667
0 0.143379 0.128819 0.039102 0.017361
0 0.102918 0.205069 0.010938 0.018056
0 0.633984 0.047444 0.014844 0.016667
0 0.257832 0.047569 0.016445 0.018750
0 0.116500 0.166646 0.011719 0.018056
0 0.342016 0.047417 0.152531 0.018028
0 0.170594 0.066444 0.157422 0.016278
0 0.343414 0.066646 0.152938 0.019764
0 0.168078 0.049215 0.152516 0.018014
0 0.513686 0.046344 0.153879 0.018382
0 0.952320 0.981250 0.010547 0.020139
0 0.117031 0.919424 0.010937 0.014583
0 0.872109 0.626736 0.049531 0.015972
0 0.101992 0.917708 0.014922 0.020139
0 0.075457 0.147083 0.013281 0.018750
0 0.020273 0.146771 0.013203 0.021319
0 0.258027 0.066319 0.017617 0.017361
0 0.429660 0.047271 0.011328 0.017361
0 0.167973 0.130556 0.010937 0.015972
0 0.973623 0.128924 0.006520 0.011417
0 0.988025 0.128333 0.007926 0.012597
0 0.996344 0.128840 0.006047 0.010917
0 0.922113 0.187951 0.141797 0.011917
0 0.921828 0.200882 0.141797 0.011917
0 0.921453 0.213812 0.141797 0.011917
0 0.921359 0.226917 0.141797 0.011917
0 0.922180 0.254042 0.141797 0.011917
0 0.921633 0.293104 0.141797 0.011917
0 0.921305 0.306899 0.141797 0.011924
0 0.921766 0.320382 0.141797 0.011917
0 0.921484 0.333653 0.141797 0.011917
0 0.921418 0.344979 0.141797 0.011917
0 0.921230 0.372188 0.141797 0.011917
0 0.921230 0.386299 0.141797 0.011917
0 0.921137 0.399063 0.141797 0.011917
0 0.921004 0.412375 0.141797 0.011917
0 0.921285 0.424806 0.141797 0.011917
0 0.921285 0.437229 0.141797 0.011917
0 0.921473 0.448986 0.141797 0.011917
0 0.925240 0.461878 0.149520 0.015285
0 0.973545 0.483899 0.006535 0.012646
0 0.980633 0.483382 0.004164 0.012181
0 0.988145 0.483292 0.005484 0.011806
0 0.996105 0.483243 0.007063 0.012278
0 0.972645 0.585431 0.007789 0.014750
0 0.979840 0.585733 0.005586 0.012340
0 0.987037 0.586785 0.006434 0.012639
0 0.995078 0.586333 0.007281 0.014153
0 0.961865 0.983948 0.007871 0.016924
0 0.983670 0.982691 0.029184 0.027590
0 0.104643 0.127417 0.007715 0.013264
0 0.112104 0.129212 0.006449 0.012812
0 0.119502 0.128990 0.006832 0.012368
0 0.087693 0.145962 0.008980 0.017090
0 0.074984 0.166538 0.014672 0.019563
0 0.046666 0.164781 0.008418 0.015285
0 0.020549 0.165788 0.009824 0.014271
0 0.005182 0.165545 0.010363 0.013993
0 0.104539 0.544733 0.009484 0.014618
0 0.112762 0.545969 0.006195 0.012590
0 0.120412 0.544733 0.007840 0.013715
