0 0.980229 0.127906 0.005574 0.012049
0 0.980971 0.482875 0.005152 0.010667
0 0.973350 0.483816 0.006137 0.012549
0 0.921043 0.449632 0.141797 0.009958
0 0.921664 0.437410 0.141797 0.011917
0 0.102340 0.165323 0.012703 0.017563
0 0.087873 0.146569 0.009176 0.016931
0 0.119910 0.128503 0.007055 0.009660
0 0.112641 0.128750 0.006633 0.011153
0 0.105301 0.128757 0.006492 0.011667
0 0.005879 0.166323 0.010859 0.015826
0 0.019721 0.165160 0.011270 0.016986
0 0.047164 0.166038 0.009352 0.015951
0 0.074891 0.166375 0.014172 0.019653
0 0.119484 0.545302 0.005367 0.012146
0 0.112320 0.545087 0.006039 0.010187
0 0.104451 0.545142 0.007871 0.010951
0 0.116479 0.918056 0.011129 0.019111
0 0.951197 0.982688 0.007676 0.018583
0 0.996053 0.586410 0.006707 0.012583
0 0.988855 0.586625 0.006711 0.012792
0 0.981262 0.586462 0.006281 0.013771
0 0.973943 0.585163 0.006527 0.013549
0 0.995543 0.483125 0.006352 0.011917
0 0.988240 0.483819 0.005855 0.012042
0 0.921664 0.424278 0.141797 0.011917
0 0.921516 0.411007 0.141797 0.011917
0 0.921371 0.398521 0.141797 0.011917
0 0.921664 0.385514 0.141797 0.011917
0 0.921371 0.372507 0.141797 0.011917
0 0.921898 0.345826 0.141797 0.011917
0 0.921262 0.332424 0.141797 0.011917
0 0.921699 0.319792 0.141797 0.011917
0 0.921699 0.306583 0.141797 0.011917
0 0.922027 0.292979 0.141797 0.011917
0 0.921078 0.254271 0.141797 0.011917
0 0.921516 0.227517 0.141797 0.011924
0 0.921078 0.213729 0.141797 0.011917
0 0.921809 0.186934 0.141797 0.011924
0 0.995420 0.127323 0.006887 0.012826
0 0.987826 0.128101 0.005465 0.013993
0 0.972850 0.126934 0.008090 0.015160
0 0.142383 0.109028 0.014453 0.019444
0 0.658789 0.066319 0.009766 0.017361
0 0.046680 0.602431 0.011328 0.020139
0 0.115625 0.204861 0.011719 0.018056
0 0.046484 0.184722 0.010937 0.018056
0 0.156445 0.109028 0.011328 0.019444
0 0.032617 0.224653 0.010547 0.020139
0 0.060352 0.224653 0.010547 0.021528
0 0.060352 0.204167 0.010547 0.018056
0 0.032617 0.204167 0.010547 0.019444
0 0.031055 0.060764 0.016016 0.045139
0 0.046484 0.224653 0.011719 0.020139
0 0.049219 0.061111 0.017188 0.045833
0 0.672656 0.066319 0.011719 0.017361
0 0.916016 0.149306 0.026562 0.019444
0 0.888867 0.148958 0.024609 0.021528
0 0.595313 0.983681 0.013281 0.021528
0 0.046680 0.203819 0.011328 0.018750
0 0.508984 0.981944 0.014063 0.020833
0 0.066602 0.060764 0.017578 0.043750
0 0.526172 0.982292 0.014063 0.021528
0 0.033203 0.582639 0.011719 0.018056
0 0.491602 0.982292 0.013672 0.020139
0 0.863086 0.148611 0.026172 0.022222
0 0.059961 0.582639 0.011328 0.018056
0 0.543359 0.982986 0.014063 0.021528
0 0.578125 0.983333 0.014063 0.022222
0 0.046484 0.582639 0.011719 0.018056
0 0.629297 0.983681 0.014063 0.024306
0 0.560742 0.983333 0.014453 0.022222
0 0.778125 0.065278 0.012500 0.020833
0 0.088281 0.185069 0.010937 0.018750
0 0.923047 0.463889 0.147656 0.016667
0 0.898242 0.981250 0.011328 0.020833
0 0.088281 0.224306 0.010937 0.020833
0 0.073438 0.602778 0.010937 0.020833
0 0.711719 0.065625 0.012500 0.017361
0 0.046875 0.145833 0.010156 0.019444
0 0.087500 0.582639 0.012500 0.018056
0 0.074023 0.204167 0.011328 0.018056
0 0.698633 0.065625 0.012109 0.017361
0 0.074023 0.224653 0.011328 0.021528
0 0.238281 0.109028 0.013281 0.020833
0 0.842773 0.131597 0.010547 0.014583
0 0.953906 0.006944 0.010156 0.013889
0 0.991602 0.007639 0.012109 0.015278
0 0.088672 0.022569 0.011719 0.013194
0 0.073633 0.562847 0.011328 0.015972
0 0.910547 0.981597 0.014063 0.020139
0 0.059961 0.146181 0.009766 0.018750
0 0.073828 0.184722 0.011719 0.018056
0 0.982227 0.980903 0.026172 0.022917
0 0.088086 0.917361 0.011328 0.018056
0 0.971484 0.007292 0.012500 0.014583
0 0.073438 0.582639 0.010937 0.018056
0 0.074609 0.146181 0.013281 0.018750
0 0.429492 0.047569 0.011328 0.017361
0 0.099805 0.109722 0.012891 0.019444
0 0.005469 0.146181 0.010937 0.020139
0 0.073828 0.918056 0.012500 0.018056
0 0.101562 0.146528 0.010937 0.018056
0 0.086133 0.109722 0.012109 0.019444
0 0.685352 0.065972 0.010547 0.018056
0 0.046289 0.562500 0.011328 0.016667
0 0.867188 0.240625 0.033594 0.011806
0 0.224219 0.109375 0.012500 0.020139
0 0.072461 0.023611 0.013672 0.013889
0 0.474219 0.982639 0.013281 0.020833
0 0.052930 0.023611 0.018359 0.013889
0 0.139648 0.022917 0.020703 0.015278
0 0.921094 0.200347 0.142969 0.014583
0 0.032422 0.562500 0.011719 0.016667
0 0.032813 0.165625 0.010156 0.017361
0 0.506445 0.065278 0.165234 0.020833
0 0.115430 0.147222 0.010547 0.018056
0 0.088086 0.203819 0.010547 0.018750
0 0.833594 0.065278 0.013281 0.019444
0 0.006055 0.918056 0.012109 0.018056
0 0.866992 0.057639 0.017578 0.038889
0 0.101758 0.562847 0.012109 0.015972
0 0.856250 0.606250 0.013281 0.018056
0 0.729883 0.067014 0.012109 0.017361
0 0.121094 0.022917 0.011719 0.013889
0 0.105469 0.022569 0.015625 0.014583
0 0.034375 0.023611 0.014063 0.013889
0 0.931836 0.606250 0.012109 0.018056
0 0.160742 0.022917 0.016016 0.015278
0 0.087305 0.602431 0.012109 0.020139
0 0.886328 0.605556 0.013281 0.018056
0 0.059961 0.562847 0.011328 0.015972
0 0.060742 0.918056 0.011328 0.018056
0 0.986328 0.060417 0.020313 0.048611
0 0.848242 0.064931 0.014453 0.020139
0 0.902539 0.605903 0.012891 0.018750
0 0.767773 0.047917 0.010547 0.016667
0 0.005273 0.223611 0.010547 0.018056
0 0.743359 0.048264 0.011719 0.017361
0 0.916406 0.605903 0.013281 0.018750
0 0.019922 0.023611 0.010937 0.015278
0 0.743555 0.067708 0.012109 0.017361
0 0.153320 0.896528 0.033984 0.056944
0 0.083594 0.046181 0.014844 0.015972
0 0.729492 0.047917 0.013672 0.018056
0 0.005859 0.562847 0.011719 0.018750
0 0.975000 0.107986 0.014063 0.017361
0 0.087305 0.562500 0.012109 0.016667
0 0.990820 0.107639 0.013672 0.016667
0 0.767578 0.067014 0.009375 0.017361
0 0.177734 0.023611 0.013281 0.016667
0 0.920117 0.024653 0.012109 0.018750
0 0.927539 0.981250 0.013672 0.019444
0 0.756055 0.048264 0.011328 0.017361
0 0.298047 0.108333 0.107031 0.022222
0 0.358594 0.110069 0.011719 0.017361
0 0.779297 0.047917 0.012500 0.016667
0 0.045508 0.109375 0.012109 0.018750
0 0.019141 0.563194 0.011719 0.018056
0 0.006055 0.023264 0.011328 0.014583
0 0.210742 0.109375 0.012109 0.020139
0 0.059180 0.109375 0.011328 0.018750
0 0.033008 0.918056 0.011328 0.018056
0 0.949609 0.024306 0.016406 0.018056
0 0.756250 0.067708 0.010156 0.017361
0 0.932617 0.024306 0.009766 0.018056
0 0.072852 0.109722 0.012109 0.019444
0 0.032813 0.938194 0.010937 0.015278
0 0.020117 0.918056 0.012891 0.018056
0 0.101562 0.185069 0.010937 0.018750
0 0.813477 0.060069 0.019922 0.039583
0 0.369336 0.981944 0.016016 0.020833
0 0.116016 0.581597 0.012500 0.017361
0 0.101367 0.603125 0.011328 0.020139
0 0.019531 0.184722 0.010937 0.018056
0 0.632227 0.066319 0.011328 0.018750
0 0.871289 0.606250 0.012891 0.018056
0 0.183789 0.109375 0.011328 0.020139
0 0.101172 0.224306 0.010937 0.019444
0 0.197070 0.109028 0.012109 0.020833
0 0.169727 0.109028 0.013672 0.020833
0 0.005664 0.185069 0.011328 0.018750
0 0.664648 0.047222 0.045703 0.019444
0 0.421875 0.980903 0.088281 0.028472
0 0.059961 0.165625 0.010547 0.017361
0 0.795312 0.059722 0.017969 0.037500
0 0.047461 0.917708 0.012109 0.017361
0 0.612500 0.984028 0.014063 0.022222
0 0.005664 0.602431 0.011328 0.018750
0 0.006055 0.937500 0.012109 0.016667
0 0.019531 0.937153 0.011719 0.015972
0 0.019336 0.108681 0.037891 0.021528
0 0.005664 0.204167 0.011328 0.019444
0 0.113867 0.109375 0.012891 0.018750
0 0.115820 0.185069 0.011328 0.018750
0 0.645312 0.065972 0.010156 0.016667
0 0.087891 0.165972 0.010937 0.018056
0 0.005859 0.582986 0.011719 0.018750
0 0.019141 0.602431 0.010937 0.018750
0 0.019141 0.204514 0.011719 0.018750
0 0.011914 0.060069 0.021484 0.046528
0 0.018750 0.224306 0.010937 0.018056
0 0.060352 0.184722 0.010547 0.018056
0 0.101562 0.581944 0.011719 0.018056
0 0.083008 0.067014 0.012109 0.020139
0 0.101562 0.204167 0.010937 0.018056
0 0.059961 0.602431 0.010547 0.020139
0 0.115625 0.223611 0.011719 0.018056
0 0.032813 0.184375 0.010156 0.017361
0 0.607422 0.056597 0.027344 0.042361
0 0.019531 0.582986 0.011719 0.017361
0 0.127344 0.109028 0.012500 0.018056
0 0.033203 0.602778 0.010937 0.019444
0 0.959375 0.108681 0.012500 0.018750
0 0.258207 0.066319 0.014453 0.017361
0 0.167824 0.130882 0.010937 0.015972
0 0.116004 0.562028 0.011719 0.016667
0 0.143582 0.129660 0.036484 0.017361
0 0.941660 0.980903 0.011445 0.020139
0 0.980273 0.023958 0.037109 0.020139
0 0.513576 0.047045 0.155270 0.017701
0 0.633984 0.047132 0.014844 0.016667
0 0.257719 0.046875 0.015828 0.018750
0 0.700402 0.046875 0.026562 0.017361
0 0.116715 0.166347 0.011719 0.018056
0 0.342580 0.047743 0.152340 0.018403
0 0.169055 0.066948 0.154391 0.016382
0 0.344734 0.066319 0.155469 0.019444
0 0.168914 0.047962 0.153422 0.017729
0 0.869766 0.278799 0.036328 0.013194
0 0.873324 0.626062 0.042883 0.015972
0 0.960465 0.981354 0.010547 0.020139
0 0.102344 0.917708 0.015625 0.020139
0 0.033789 0.145569 0.011328 0.019444
0 0.841027 0.047479 0.026172 0.017361
0 0.020945 0.146090 0.011328 0.019444
