0 0.698438 0.065625 0.011719 0.017361
0 0.629297 0.983681 0.014063 0.024306
0 0.560742 0.983333 0.014453 0.022222
0 0.543359 0.982986 0.014063 0.021528
0 0.046484 0.582639 0.011719 0.018056
0 0.578125 0.983333 0.014063 0.022222
0 0.059961 0.582639 0.011328 0.018056
0 0.491602 0.982292 0.013672 0.020139
0 0.033203 0.582986 0.011719 0.017361
0 0.863086 0.148611 0.026172 0.022222
0 0.508984 0.981944 0.014063 0.020833
0 0.526172 0.982292 0.014063 0.021528
0 0.066406 0.061111 0.017969 0.043056
0 0.595313 0.983681 0.013281 0.021528
0 0.672656 0.066319 0.011719 0.017361
0 0.046680 0.203819 0.011328 0.018750
0 0.888867 0.148958 0.024609 0.021528
0 0.916016 0.149306 0.026562 0.019444
0 0.049219 0.061458 0.017188 0.045139
0 0.046484 0.224653 0.011719 0.020139
0 0.032617 0.204167 0.010547 0.019444
0 0.030859 0.061111 0.016406 0.044444
0 0.060352 0.224653 0.010547 0.021528
0 0.060352 0.204167 0.010547 0.018056
0 0.032617 0.224306 0.010547 0.019444
0 0.658594 0.066319 0.009375 0.017361
0 0.156445 0.109028 0.011328 0.019444
0 0.046680 0.602431 0.011328 0.020139
0 0.019531 0.582986 0.011719 0.017361
0 0.033203 0.602778 0.010937 0.019444
0 0.115430 0.204514 0.011328 0.017361
0 0.046484 0.184722 0.010937 0.018056
0 0.959375 0.108681 0.012500 0.018750
0 0.142383 0.108681 0.014453 0.018750
0 0.127344 0.109028 0.012500 0.018056
0 0.059961 0.602431 0.010547 0.020139
0 0.607617 0.056250 0.026953 0.041667
0 0.011914 0.060417 0.021484 0.045833
0 0.115625 0.223611 0.011719 0.018056
0 0.101562 0.582292 0.011719 0.017361
0 0.032813 0.184375 0.010156 0.017361
0 0.018750 0.224306 0.010937 0.018056
0 0.005859 0.582986 0.011719 0.018750
0 0.019141 0.602431 0.010937 0.018750
0 0.645312 0.065972 0.010156 0.016667
0 0.019336 0.108681 0.037891 0.021528
0 0.019141 0.204514 0.011719 0.018750
0 0.101562 0.204167 0.010937 0.018056
0 0.087891 0.165972 0.010937 0.018056
0 0.083008 0.067014 0.012109 0.020139
0 0.060352 0.184722 0.010547 0.018056
0 0.005664 0.204167 0.011328 0.019444
0 0.005469 0.602431 0.010937 0.018750
0 0.006055 0.937500 0.012109 0.016667
0 0.019531 0.937153 0.011719 0.015972
0 0.113867 0.109375 0.012891 0.018750
0 0.115820 0.185069 0.011328 0.018750
0 0.059961 0.165625 0.010547 0.017361
0 0.169727 0.109028 0.013672 0.020833
0 0.421875 0.980556 0.088281 0.027778
0 0.664648 0.046875 0.045703 0.018750
0 0.047461 0.917708 0.012109 0.017361
0 0.183789 0.109375 0.011328 0.020139
0 0.197070 0.109375 0.012109 0.020139
0 0.005664 0.185069 0.011328 0.018750
0 0.612500 0.984028 0.014063 0.022222
0 0.871289 0.605903 0.012891 0.017361
0 0.632227 0.066319 0.011328 0.018750
0 0.369336 0.981944 0.015234 0.020833
0 0.101172 0.224306 0.010937 0.019444
0 0.019531 0.184722 0.010937 0.018056
0 0.101367 0.602778 0.011328 0.019444
0 0.756250 0.067361 0.010156 0.016667
0 0.813477 0.059722 0.019922 0.038889
0 0.032813 0.938194 0.010937 0.015278
0 0.116016 0.581250 0.012500 0.016667
0 0.101562 0.185069 0.010937 0.018750
0 0.019531 0.023611 0.011719 0.015278
0 0.072852 0.109375 0.012109 0.018750
0 0.020117 0.918056 0.012891 0.018056
0 0.059180 0.109375 0.011328 0.018750
0 0.005859 0.023958 0.010937 0.014583
0 0.210742 0.109375 0.012109 0.020139
0 0.949609 0.023958 0.016406 0.018750
0 0.034375 0.023958 0.013281 0.014583
0 0.779297 0.047917 0.012500 0.016667
0 0.045508 0.109375 0.012109 0.018750
0 0.033008 0.918056 0.011328 0.018056
0 0.756055 0.048264 0.011328 0.017361
0 0.932617 0.023958 0.009766 0.017361
0 0.767578 0.067014 0.009375 0.017361
0 0.298242 0.108333 0.106641 0.022222
0 0.019141 0.562847 0.011719 0.017361
0 0.177734 0.023958 0.013281 0.015972
0 0.436523 0.533681 0.032422 0.018750
0 0.087305 0.562500 0.012109 0.016667
0 0.920117 0.024306 0.012109 0.018056
0 0.083594 0.046181 0.014844 0.015972
0 0.743555 0.067708 0.012109 0.017361
0 0.358594 0.110069 0.011719 0.017361
0 0.005859 0.562847 0.011719 0.018750
0 0.729492 0.047917 0.013672 0.018056
0 0.975000 0.107986 0.014063 0.017361
0 0.743359 0.048264 0.011719 0.017361
0 0.153320 0.896528 0.033984 0.056944
0 0.005273 0.223611 0.010547 0.018056
0 0.927344 0.981250 0.013281 0.019444
0 0.767578 0.047917 0.010156 0.016667
0 0.916406 0.605903 0.013281 0.018750
0 0.848242 0.064931 0.014453 0.020139
0 0.986133 0.060417 0.019922 0.048611
0 0.921484 0.385069 0.140625 0.014583
0 0.902539 0.605556 0.012891 0.018056
0 0.059961 0.562847 0.011328 0.015972
0 0.105273 0.022917 0.015234 0.013889
0 0.121094 0.022917 0.011719 0.013889
0 0.160742 0.022917 0.016016 0.015278
0 0.087305 0.602431 0.012109 0.020139
0 0.856445 0.606597 0.012891 0.017361
0 0.886328 0.605556 0.013281 0.018056
0 0.981250 0.024306 0.037500 0.019444
0 0.060156 0.917708 0.010156 0.017361
0 0.729883 0.067014 0.012109 0.017361
0 0.931836 0.606250 0.012109 0.018056
0 0.072461 0.023264 0.014453 0.014583
0 0.101758 0.562847 0.012109 0.015972
0 0.866992 0.057639 0.017578 0.038889
0 0.833398 0.065278 0.012891 0.019444
0 0.925781 0.332292 0.134375 0.014583
0 0.088086 0.203819 0.010547 0.018750
0 0.924414 0.252431 0.137109 0.014583
0 0.115430 0.147222 0.010547 0.018056
0 0.006055 0.918056 0.012109 0.018056
0 0.139648 0.022917 0.020703 0.015278
0 0.032813 0.165625 0.010156 0.017361
0 0.921484 0.398958 0.141406 0.014583
0 0.926172 0.305903 0.133594 0.014583
0 0.921094 0.200347 0.142969 0.014583
0 0.052930 0.023958 0.017578 0.014583
0 0.032422 0.562500 0.011719 0.016667
0 0.685352 0.065972 0.010547 0.018056
0 0.867383 0.240278 0.033203 0.011111
0 0.926172 0.292361 0.134375 0.013889
0 0.474219 0.982639 0.013281 0.020833
0 0.224219 0.109375 0.012500 0.020139
0 0.922461 0.227083 0.141016 0.013889
0 0.086133 0.109722 0.012109 0.019444
0 0.101562 0.146528 0.010937 0.018056
0 0.921484 0.213542 0.142969 0.014583
0 0.922266 0.370486 0.139844 0.015972
0 0.046289 0.562500 0.011328 0.016667
0 0.073828 0.917708 0.012500 0.017361
0 0.919922 0.187500 0.142969 0.016667
0 0.089063 0.022569 0.011719 0.013194
0 0.099805 0.110069 0.012891 0.018750
0 0.562695 0.533681 0.030859 0.018750
0 0.429492 0.047569 0.011328 0.017361
0 0.088086 0.917361 0.011328 0.018056
0 0.005469 0.146181 0.010937 0.020139
0 0.557617 0.416667 0.008203 0.015278
0 0.073438 0.582639 0.010937 0.018056
0 0.074609 0.146181 0.013281 0.018750
0 0.075195 0.184375 0.010547 0.018750
0 0.910742 0.981597 0.013672 0.020139
0 0.073633 0.562847 0.011328 0.015972
0 0.925000 0.345833 0.135937 0.015278
0 0.528320 0.533681 0.031641 0.018750
0 0.059961 0.146181 0.009766 0.018750
0 0.842969 0.131597 0.010156 0.014583
0 0.238281 0.109375 0.013281 0.020139
0 0.992383 0.007292 0.011328 0.014583
0 0.074023 0.224653 0.011328 0.021528
0 0.074023 0.203819 0.011328 0.017361
0 0.971289 0.006944 0.011328 0.013889
0 0.087500 0.582639 0.012500 0.018056
0 0.711523 0.065625 0.012109 0.017361
0 0.073438 0.602778 0.010937 0.020833
0 0.046875 0.145833 0.010156 0.019444
0 0.088281 0.224306 0.010937 0.020833
0 0.897852 0.981250 0.011328 0.020833
0 0.475000 0.985069 0.012500 0.020139
0 0.088281 0.185417 0.010937 0.018056
0 0.923047 0.463889 0.147656 0.016667
0 0.574775 0.417139 0.010582 0.019153
0 0.258527 0.046896 0.013281 0.018750
0 0.991973 0.108944 0.015977 0.016667
0 0.700344 0.046875 0.026562 0.017361
0 0.633984 0.046653 0.014844 0.015972
0 0.794809 0.059375 0.017969 0.036806
0 0.169316 0.065892 0.154102 0.018215
0 0.116230 0.166354 0.013711 0.018819
0 0.341812 0.048986 0.152625 0.016861
0 0.167801 0.049052 0.155469 0.016340
0 0.342379 0.066726 0.152820 0.019188
0 0.513373 0.047865 0.153410 0.017118
0 0.115801 0.562153 0.013711 0.015972
0 0.142363 0.128819 0.037070 0.017361
0 0.507801 0.067083 0.165234 0.020833
0 0.941387 0.980903 0.010898 0.020139
0 0.167090 0.130639 0.010547 0.015278
0 0.258398 0.065868 0.014063 0.017361
0 0.020117 0.146215 0.012891 0.020208
0 0.841051 0.046875 0.026562 0.017361
0 0.101113 0.917361 0.013164 0.019444
0 0.033324 0.146333 0.011328 0.019444
0 0.871937 0.277778 0.039062 0.012500
0 0.983490 0.982583 0.026355 0.020833
0 0.484340 0.509479 0.123742 0.016667
0 0.871582 0.626736 0.044648 0.015972
0 0.116133 0.918382 0.014844 0.020833
0 0.973439 0.128944 0.006285 0.010736
0 0.980705 0.128361 0.004652 0.011611
0 0.988504 0.128146 0.005227 0.011764
0 0.995893 0.128944 0.005473 0.011611
0 0.921734 0.412028 0.141797 0.011917
0 0.921734 0.424844 0.141797 0.011924
0 0.921734 0.437660 0.141797 0.011917
0 0.921480 0.449354 0.141797 0.011917
0 0.973080 0.483299 0.008082 0.012778
0 0.980754 0.483726 0.004656 0.013049
0 0.989287 0.484021 0.005551 0.014806
0 0.995502 0.484094 0.006223 0.014368
0 0.973652 0.587476 0.006898 0.012257
0 0.981305 0.587306 0.006898 0.012597
0 0.988437 0.585708 0.006047 0.010750
0 0.995760 0.586802 0.005949 0.011590
0 0.961889 0.982580 0.010230 0.017438
0 0.951480 0.981760 0.007766 0.016563
0 0.105039 0.545205 0.005906 0.009937
0 0.112473 0.545674 0.003797 0.009556
0 0.120195 0.546188 0.006906 0.009653
0 0.105084 0.129125 0.005574 0.010250
0 0.112125 0.128872 0.006227 0.010076
0 0.118734 0.129542 0.006047 0.010750
0 0.088037 0.146170 0.010004 0.017132
0 0.075086 0.166483 0.013961 0.018146
0 0.101664 0.165684 0.010617 0.015674
0 0.046963 0.165323 0.009809 0.013799
0 0.018844 0.164497 0.010727 0.014674
0 0.005328 0.166135 0.008961 0.013437
