0 0.863477 0.148611 0.026953 0.022222
0 0.560742 0.983333 0.014453 0.022222
0 0.629297 0.983681 0.014063 0.024306
0 0.046680 0.582639 0.012109 0.018056
0 0.578125 0.983333 0.014063 0.022222
0 0.543359 0.982986 0.014063 0.021528
0 0.672852 0.065972 0.012891 0.018056
0 0.491602 0.982292 0.013672 0.020139
0 0.033008 0.582639 0.011328 0.018056
0 0.526172 0.982292 0.014063 0.021528
0 0.059961 0.582639 0.011328 0.018056
0 0.508984 0.981944 0.014063 0.020833
0 0.066406 0.060764 0.017969 0.043750
0 0.658789 0.065972 0.009766 0.018056
0 0.046680 0.203819 0.011328 0.018750
0 0.595313 0.983681 0.013281 0.021528
0 0.046484 0.224653 0.011719 0.020139
0 0.049219 0.061111 0.017188 0.045833
0 0.060352 0.203819 0.010547 0.018750
0 0.032617 0.204167 0.010547 0.019444
0 0.889062 0.148958 0.024219 0.021528
0 0.060352 0.224653 0.010547 0.021528
0 0.031055 0.060764 0.016016 0.045139
0 0.032617 0.224306 0.010547 0.019444
0 0.115625 0.204861 0.011719 0.018056
0 0.046484 0.184722 0.010937 0.018056
0 0.046484 0.602431 0.011719 0.020139
0 0.916016 0.149306 0.026562 0.019444
0 0.019336 0.582639 0.012109 0.018056
0 0.033203 0.602431 0.010937 0.020139
0 0.959375 0.108681 0.012500 0.018750
0 0.116016 0.223611 0.011719 0.018056
0 0.060156 0.184722 0.010156 0.018056
0 0.083203 0.067361 0.012500 0.020833
0 0.032813 0.184375 0.010156 0.017361
0 0.059961 0.602431 0.010547 0.020139
0 0.607422 0.056250 0.027344 0.041667
0 0.645312 0.065972 0.010156 0.016667
0 0.101367 0.581944 0.012109 0.018056
0 0.018750 0.224306 0.010937 0.018056
0 0.011914 0.060417 0.021484 0.045833
0 0.019141 0.204514 0.011719 0.018750
0 0.019141 0.602431 0.010937 0.018750
0 0.005664 0.582986 0.011328 0.018750
0 0.087891 0.165972 0.010937 0.018056
0 0.019336 0.108681 0.037891 0.021528
0 0.115820 0.185069 0.011328 0.018750
0 0.101367 0.108681 0.014453 0.020139
0 0.006055 0.937500 0.012109 0.016667
0 0.005664 0.204167 0.011328 0.019444
0 0.129102 0.108333 0.010547 0.018056
0 0.019531 0.937153 0.011719 0.015972
0 0.005664 0.602431 0.011328 0.018750
0 0.115820 0.580903 0.012109 0.017361
0 0.116211 0.108681 0.012109 0.018750
0 0.047461 0.917708 0.012109 0.017361
0 0.612500 0.984028 0.014063 0.022222
0 0.058984 0.108681 0.012500 0.020139
0 0.421875 0.980903 0.088281 0.028472
0 0.795312 0.059375 0.017969 0.036806
0 0.059961 0.165625 0.010547 0.017361
0 0.143164 0.108333 0.012891 0.018056
0 0.005664 0.185069 0.011328 0.018750
0 0.101367 0.602778 0.011328 0.019444
0 0.871289 0.605903 0.012891 0.017361
0 0.632227 0.066319 0.011328 0.018750
0 0.369336 0.981944 0.016016 0.020833
0 0.019336 0.184722 0.011328 0.018056
0 0.101562 0.185417 0.010937 0.018056
0 0.101172 0.224306 0.010937 0.019444
0 0.813477 0.060069 0.019922 0.039583
0 0.033008 0.937847 0.011328 0.014583
0 0.020117 0.918056 0.012891 0.018056
0 0.073047 0.108681 0.011719 0.020139
0 0.756250 0.067708 0.010156 0.017361
0 0.005664 0.024306 0.011328 0.015278
0 0.932617 0.024306 0.009766 0.018056
0 0.033203 0.918056 0.011719 0.018056
0 0.949609 0.024306 0.016406 0.018056
0 0.086328 0.109028 0.012500 0.020833
0 0.018945 0.562847 0.012109 0.017361
0 0.156445 0.108681 0.012891 0.018750
0 0.779297 0.047917 0.012500 0.016667
0 0.045312 0.109028 0.011719 0.019444
0 0.756055 0.048264 0.011328 0.017361
0 0.767578 0.067014 0.009375 0.017361
0 0.177539 0.024306 0.013672 0.016667
0 0.087305 0.562500 0.012109 0.016667
0 0.920117 0.024653 0.012109 0.018750
0 0.005664 0.562847 0.011328 0.018750
0 0.975000 0.107986 0.014063 0.017361
0 0.019336 0.024306 0.011328 0.015278
0 0.083594 0.046181 0.014844 0.015972
0 0.743555 0.067708 0.012109 0.017361
0 0.927344 0.981250 0.013281 0.019444
0 0.729492 0.047917 0.013672 0.018056
0 0.916406 0.605903 0.013281 0.018750
0 0.005273 0.223611 0.010547 0.018056
0 0.153320 0.896181 0.033984 0.057639
0 0.743359 0.048264 0.011719 0.017361
0 0.767773 0.047917 0.010547 0.016667
0 0.902539 0.605903 0.012891 0.018750
0 0.033984 0.024306 0.014063 0.015278
0 0.886328 0.605556 0.013281 0.018056
0 0.986328 0.059722 0.019531 0.047222
0 0.060742 0.918056 0.011328 0.018056
0 0.059961 0.562847 0.011328 0.015972
0 0.087305 0.602431 0.012109 0.020139
0 0.101758 0.562500 0.012109 0.016667
0 0.121094 0.023264 0.011719 0.014583
0 0.729883 0.067014 0.012109 0.017361
0 0.115625 0.147222 0.010156 0.018056
0 0.856445 0.606250 0.012891 0.018056
0 0.167969 0.049306 0.155469 0.020833
0 0.931836 0.606250 0.012109 0.018056
0 0.160742 0.023958 0.016016 0.015972
0 0.866992 0.057639 0.017578 0.038889
0 0.105078 0.023264 0.015625 0.014583
0 0.168555 0.064236 0.157422 0.021528
0 0.685742 0.065625 0.010547 0.017361
0 0.088086 0.203819 0.010547 0.018750
0 0.006055 0.918056 0.012109 0.018056
0 0.053125 0.024653 0.018750 0.014583
0 0.032813 0.165625 0.010156 0.017361
0 0.139453 0.023958 0.021094 0.015972
0 0.072656 0.023958 0.014063 0.014583
0 0.032422 0.562500 0.011719 0.016667
0 0.474219 0.982639 0.013281 0.020833
0 0.278711 0.109722 0.012109 0.018056
0 0.101562 0.146528 0.010937 0.018056
0 0.046484 0.562500 0.011719 0.016667
0 0.073828 0.918056 0.012500 0.018056
0 0.005469 0.146181 0.010937 0.020139
0 0.073438 0.582639 0.010937 0.018056
0 0.088086 0.917361 0.011328 0.018056
0 0.073828 0.184722 0.011719 0.018056
0 0.059766 0.146181 0.010156 0.018750
0 0.073438 0.562847 0.011719 0.015972
0 0.982227 0.980903 0.026172 0.022917
0 0.910547 0.981597 0.014063 0.020139
0 0.088672 0.023264 0.011719 0.013194
0 0.842969 0.131597 0.010156 0.014583
0 0.954297 0.006944 0.010156 0.013889
0 0.074023 0.224653 0.011328 0.021528
0 0.074023 0.204167 0.011328 0.018056
0 0.087500 0.582639 0.012500 0.018056
0 0.995703 0.482986 0.007812 0.015972
0 0.698633 0.065625 0.011328 0.017361
0 0.046680 0.145833 0.010547 0.019444
0 0.073438 0.602778 0.010937 0.020833
0 0.711523 0.065625 0.012109 0.017361
0 0.088281 0.224306 0.010937 0.020833
0 0.898047 0.981250 0.011719 0.020833
0 0.088086 0.185417 0.011328 0.018056
0 0.475195 0.985069 0.012891 0.020139
0 0.664766 0.047347 0.044914 0.018028
0 0.992180 0.108042 0.013672 0.016667
0 0.116602 0.166493 0.013672 0.019097
0 0.342025 0.047899 0.153293 0.020521
0 0.848242 0.066562 0.014453 0.020139
0 0.105004 0.129587 0.006180 0.011424
0 0.700148 0.047653 0.025641 0.018056
0 0.924711 0.385521 0.135547 0.011736
0 0.258641 0.047396 0.012891 0.019444
0 0.515547 0.047889 0.156250 0.016472
0 0.924980 0.357639 0.136328 0.015278
0 0.996176 0.129892 0.005914 0.010951
0 0.988033 0.128538 0.006098 0.010188
0 0.980834 0.129191 0.004270 0.010410
0 0.973639 0.128486 0.006340 0.010083
0 0.921937 0.253795 0.141797 0.012174
0 0.921691 0.240861 0.141797 0.011917
0 0.922066 0.267611 0.141797 0.011917
0 0.344070 0.066313 0.156641 0.018486
0 0.834176 0.066403 0.012891 0.019444
0 0.924703 0.398701 0.135156 0.013403
0 0.921758 0.293729 0.141797 0.011917
0 0.506918 0.066538 0.165234 0.018313
0 0.980184 0.025125 0.038164 0.020139
0 0.867785 0.345229 0.030859 0.010486
0 0.115699 0.562132 0.010937 0.016667
0 0.925000 0.372743 0.135937 0.014306
0 0.941484 0.980521 0.011875 0.019375
0 0.924752 0.463247 0.147840 0.015174
0 0.921379 0.213556 0.142539 0.013611
0 0.921426 0.227153 0.142070 0.013750
0 0.430625 0.047236 0.011328 0.017361
0 0.074883 0.146944 0.013828 0.020278
0 0.217455 0.108632 0.107355 0.020833
0 0.020293 0.146285 0.013242 0.020347
0 0.988328 0.483604 0.004180 0.011181
0 0.921922 0.280354 0.141797 0.011917
0 0.971945 0.006708 0.012109 0.013417
0 0.841676 0.045993 0.026953 0.017361
0 0.875729 0.320243 0.049238 0.011028
0 0.981520 0.483274 0.005609 0.013882
0 0.987572 0.586719 0.005793 0.011271
0 0.980633 0.586816 0.005031 0.010299
0 0.973363 0.586330 0.008195 0.012437
0 0.952336 0.981597 0.008891 0.016681
0 0.119857 0.546184 0.006645 0.014743
0 0.112508 0.545750 0.005000 0.009972
0 0.046391 0.165382 0.009172 0.013681
0 0.019006 0.166260 0.012543 0.012937
0 0.006119 0.166212 0.008902 0.014340
0 0.074633 0.166965 0.014695 0.017569
0 0.101012 0.165385 0.010203 0.013604
0 0.087779 0.146191 0.009660 0.015229
0 0.119516 0.128878 0.005789 0.013174
0 0.167096 0.130938 0.007652 0.015278
0 0.990727 0.006861 0.012109 0.013722
0 0.258980 0.066146 0.014063 0.018056
0 0.921850 0.331167 0.141223 0.013681
0 0.033566 0.146021 0.011328 0.019444
0 0.920898 0.186840 0.142578 0.015347
0 0.101582 0.919167 0.014102 0.017222
0 0.974281 0.483479 0.006141 0.012514
0 0.104980 0.545156 0.006125 0.011896
0 0.882002 0.412670 0.048184 0.009660
0 0.963314 0.981517 0.010590 0.016688
0 0.115619 0.918108 0.012324 0.019257
0 0.872578 0.626736 0.044141 0.015972
0 0.995820 0.586319 0.006797 0.014861
0 0.102480 0.204792 0.012773 0.019306
0 0.112660 0.128681 0.006055 0.015069
0 0.143453 0.129660 0.036953 0.017361
0 0.634551 0.046208 0.014844 0.016667
0 0.922070 0.306611 0.141797 0.014028
