0 0.119684 0.129497 0.006453 0.011618
0 0.171316 0.066111 0.157422 0.015833
0 0.991750 0.109000 0.015312 0.016667
0 0.344258 0.067660 0.156641 0.018847
0 0.513373 0.046736 0.153723 0.018194
0 0.506785 0.066181 0.165234 0.020833
0 0.142187 0.128819 0.036719 0.017361
0 0.116062 0.562479 0.011328 0.016667
0 0.981070 0.024187 0.037859 0.020139
0 0.941543 0.980903 0.011211 0.020139
0 0.973002 0.128434 0.007324 0.012049
0 0.980764 0.129309 0.006449 0.011854
0 0.988197 0.128531 0.006449 0.011854
0 0.995686 0.127267 0.005684 0.011660
0 0.924814 0.461566 0.150371 0.014618
0 0.972793 0.483479 0.007461 0.014444
0 0.980869 0.484066 0.005668 0.013604
0 0.988240 0.484153 0.006801 0.014778
0 0.996279 0.483594 0.007441 0.013993
0 0.972516 0.584552 0.011562 0.017326
0 0.981047 0.586115 0.006070 0.013285
0 0.987305 0.585667 0.006703 0.014139
0 0.996033 0.585878 0.005691 0.013715
0 0.872482 0.626910 0.043379 0.015736
0 0.951695 0.980962 0.008656 0.016840
0 0.961289 0.980816 0.009719 0.016549
0 0.104758 0.545424 0.007102 0.013361
0 0.112230 0.545788 0.006695 0.012049
0 0.343258 0.047424 0.155078 0.019986
0 0.116223 0.166472 0.012914 0.018056
0 0.257711 0.047812 0.014406 0.018750
0 0.033652 0.146486 0.011328 0.019444
0 0.813898 0.059722 0.019922 0.038889
0 0.664551 0.046875 0.044727 0.018750
0 0.795176 0.059028 0.017695 0.036111
0 0.634363 0.047007 0.014844 0.016667
0 0.102340 0.205799 0.013195 0.018056
0 0.841359 0.046764 0.026562 0.017361
0 0.257906 0.065194 0.014797 0.017361
0 0.021072 0.147132 0.011520 0.019444
0 0.075555 0.147187 0.013281 0.018750
0 0.119537 0.545639 0.006449 0.013500
0 0.105068 0.128698 0.007270 0.012632
0 0.112336 0.128625 0.005797 0.011611
0 0.170051 0.048899 0.156250 0.014604
0 0.087881 0.146264 0.009473 0.016694
0 0.074451 0.166917 0.014918 0.018931
0 0.100836 0.165313 0.011430 0.017694
0 0.005713 0.165521 0.009207 0.014431
0 0.019953 0.164927 0.011711 0.014965
0 0.047461 0.166066 0.011648 0.014965
0 0.700207 0.047472 0.026172 0.018056
0 0.073633 0.185069 0.011328 0.017361
0 0.046484 0.582639 0.011719 0.018056
0 0.560742 0.983333 0.014453 0.022222
0 0.629297 0.983681 0.014063 0.024306
0 0.543359 0.982986 0.014063 0.021528
0 0.578125 0.983333 0.014063 0.022222
0 0.672852 0.065972 0.012891 0.018056
0 0.059961 0.582639 0.011328 0.018056
0 0.033008 0.582639 0.011328 0.018056
0 0.491602 0.982292 0.013672 0.020139
0 0.526172 0.982292 0.014063 0.021528
0 0.508984 0.981944 0.014063 0.020833
0 0.066602 0.060417 0.017578 0.043056
0 0.658789 0.065972 0.009766 0.018056
0 0.595313 0.983681 0.013281 0.021528
0 0.046680 0.203819 0.011328 0.018750
0 0.046484 0.224653 0.011719 0.020139
0 0.049219 0.061111 0.017188 0.045833
0 0.032617 0.204167 0.010547 0.019444
0 0.030859 0.060764 0.016406 0.045139
0 0.060352 0.204167 0.010547 0.018056
0 0.060352 0.224653 0.010547 0.021528
0 0.032617 0.224306 0.010547 0.019444
0 0.863281 0.148264 0.026562 0.021528
0 0.019336 0.582639 0.012109 0.018056
0 0.115625 0.204514 0.011719 0.017361
0 0.046680 0.602431 0.011328 0.020139
0 0.046484 0.184722 0.010937 0.018056
0 0.033203 0.602778 0.010937 0.019444
0 0.115625 0.223611 0.011719 0.018056
0 0.059961 0.602431 0.010547 0.020139
0 0.645312 0.065972 0.010156 0.016667
0 0.607422 0.056250 0.027344 0.041667
0 0.032813 0.184375 0.010156 0.017361
0 0.101562 0.582292 0.011719 0.017361
0 0.060156 0.184722 0.010156 0.018056
0 0.005664 0.582986 0.011328 0.018750
0 0.019141 0.602431 0.010937 0.018750
0 0.011914 0.060417 0.021484 0.045833
0 0.018750 0.224306 0.010937 0.018056
0 0.083008 0.067014 0.012109 0.020139
0 0.019336 0.108681 0.037891 0.021528
0 0.019141 0.204514 0.011719 0.018750
0 0.087891 0.165972 0.010937 0.018056
0 0.888672 0.148611 0.024219 0.020833
0 0.182422 0.108681 0.013281 0.020139
0 0.005469 0.602431 0.010937 0.018750
0 0.005664 0.204167 0.011328 0.019444
0 0.006055 0.937500 0.012109 0.016667
0 0.019531 0.937153 0.011719 0.015972
0 0.959375 0.108681 0.012500 0.018750
0 0.047461 0.917708 0.012109 0.017361
0 0.115820 0.185069 0.011328 0.018750
0 0.612500 0.984028 0.014063 0.022222
0 0.421875 0.980903 0.088281 0.028472
0 0.059766 0.165625 0.010156 0.017361
0 0.197266 0.109375 0.014063 0.020139
0 0.005664 0.185069 0.011328 0.018750
0 0.632227 0.066319 0.011328 0.018750
0 0.116016 0.581597 0.012500 0.017361
0 0.101367 0.602778 0.011328 0.019444
0 0.115430 0.109722 0.013672 0.019444
0 0.059766 0.108681 0.010937 0.018750
0 0.756250 0.067361 0.010156 0.016667
0 0.019531 0.184722 0.010937 0.018056
0 0.156055 0.109028 0.012109 0.019444
0 0.101172 0.109375 0.011719 0.018750
0 0.168359 0.109028 0.010937 0.019444
0 0.020117 0.918056 0.012891 0.018056
0 0.369336 0.981944 0.015234 0.020833
0 0.101172 0.224306 0.010937 0.019444
0 0.045898 0.108681 0.012891 0.018750
0 0.101562 0.185417 0.010937 0.018056
0 0.032617 0.937847 0.011328 0.014583
0 0.005664 0.024306 0.011328 0.015278
0 0.767578 0.067014 0.009375 0.017361
0 0.177734 0.023958 0.013281 0.017361
0 0.779297 0.047917 0.012500 0.016667
0 0.018945 0.562847 0.012109 0.017361
0 0.756055 0.048264 0.011328 0.017361
0 0.949414 0.024306 0.016016 0.018056
0 0.033008 0.918056 0.011328 0.018056
0 0.141992 0.109375 0.014453 0.018750
0 0.916211 0.148958 0.026953 0.018750
0 0.128516 0.109722 0.010937 0.018056
0 0.932813 0.023958 0.009375 0.017361
0 0.087500 0.562500 0.011719 0.016667
0 0.005664 0.562847 0.011328 0.018750
0 0.743555 0.067708 0.012109 0.017361
0 0.083594 0.046181 0.014844 0.015972
0 0.019336 0.024306 0.011328 0.015278
0 0.258203 0.108333 0.105469 0.022222
0 0.767773 0.047917 0.010547 0.016667
0 0.729492 0.047917 0.013672 0.018056
0 0.743359 0.048264 0.011719 0.017361
0 0.153320 0.896181 0.033984 0.056250
0 0.074023 0.109375 0.013672 0.020139
0 0.920117 0.024306 0.012109 0.018056
0 0.005273 0.223611 0.010547 0.018056
0 0.033984 0.023958 0.014063 0.014583
0 0.060742 0.918056 0.011328 0.018056
0 0.059961 0.562847 0.011328 0.015972
0 0.848437 0.064583 0.014063 0.019444
0 0.087305 0.602431 0.012109 0.020139
0 0.871289 0.605903 0.012891 0.017361
0 0.986523 0.059722 0.019141 0.047222
0 0.927539 0.980903 0.013672 0.020139
0 0.975195 0.108333 0.014453 0.018056
0 0.730078 0.067014 0.011719 0.017361
0 0.121094 0.023264 0.011719 0.014583
0 0.160742 0.023958 0.016016 0.015972
0 0.318555 0.109722 0.010547 0.016667
0 0.833398 0.064931 0.012891 0.018750
0 0.101758 0.562847 0.012109 0.015972
0 0.105273 0.023264 0.015234 0.014583
0 0.006055 0.918056 0.012109 0.018056
0 0.115430 0.147222 0.009766 0.018056
0 0.088086 0.203819 0.010547 0.018750
0 0.685547 0.065625 0.010937 0.017361
0 0.053125 0.024653 0.018750 0.014583
0 0.866797 0.056944 0.017188 0.037500
0 0.139453 0.023958 0.021094 0.015972
0 0.032813 0.165625 0.010156 0.017361
0 0.072656 0.023958 0.014063 0.014583
0 0.931641 0.605903 0.012500 0.018750
0 0.032422 0.562500 0.011719 0.016667
0 0.474219 0.982639 0.013281 0.020833
0 0.916406 0.605903 0.013281 0.018750
0 0.046289 0.562500 0.011328 0.016667
0 0.856250 0.606250 0.013281 0.016667
0 0.101758 0.146528 0.010547 0.018056
0 0.886328 0.605556 0.013281 0.018056
0 0.074023 0.918056 0.012891 0.018056
0 0.699023 0.676042 0.048828 0.028472
0 0.902539 0.605556 0.012891 0.018056
0 0.429492 0.047569 0.011328 0.017361
0 0.073438 0.582639 0.010937 0.018056
0 0.165820 0.129514 0.009766 0.015972
0 0.087891 0.917361 0.010937 0.018056
0 0.005469 0.146181 0.010937 0.020139
0 0.073828 0.562847 0.011719 0.017361
0 0.695117 0.738194 0.051172 0.030556
0 0.088672 0.023264 0.011719 0.013194
0 0.982031 0.980903 0.025781 0.022917
0 0.059961 0.146181 0.009766 0.018750
0 0.760938 0.675694 0.049219 0.031944
0 0.912500 0.980903 0.013281 0.020139
0 0.971289 0.007292 0.011328 0.014583
0 0.087695 0.109028 0.012109 0.019444
0 0.991406 0.007639 0.011719 0.015278
0 0.074023 0.224653 0.011328 0.021528
0 0.103516 0.917361 0.017969 0.019444
0 0.074023 0.204167 0.011328 0.018056
0 0.698633 0.065625 0.011328 0.017361
0 0.888867 0.605556 0.012109 0.018056
0 0.073438 0.602778 0.010937 0.020833
0 0.046875 0.145833 0.010156 0.019444
0 0.954492 0.006944 0.009766 0.013889
0 0.843164 0.131250 0.009766 0.013889
0 0.087500 0.582639 0.012500 0.018056
0 0.765039 0.738194 0.050391 0.030556
0 0.711523 0.065625 0.012109 0.017361
0 0.088281 0.224306 0.010937 0.020833
0 0.898438 0.981250 0.011719 0.020833
0 0.115625 0.915972 0.014063 0.020833
0 0.475195 0.985069 0.012891 0.020139
0 0.088086 0.185417 0.011328 0.018056
