0 0.069792 0.033333 0.022917 0.020370
0 0.079948 0.657407 0.014063 0.024074
0 0.080469 0.606019 0.015104 0.023148
0 0.098958 0.290741 0.013542 0.024074
0 0.044010 0.657870 0.014063 0.025000
0 0.040365 0.081481 0.021354 0.057407
0 0.080208 0.316667 0.014583 0.025926
0 0.044010 0.316667 0.014063 0.024074
0 0.080208 0.289815 0.014583 0.024074
0 0.080208 0.631481 0.014583 0.025926
0 0.116927 0.238889 0.014063 0.025926
0 0.117969 0.291204 0.016146 0.025000
0 0.098698 0.317130 0.013021 0.025000
0 0.087760 0.080093 0.024479 0.056481
0 0.064062 0.081019 0.021875 0.056481
0 0.117708 0.317593 0.016667 0.024074
0 0.116667 0.264352 0.013542 0.023148
0 0.098437 0.606019 0.014583 0.025000
0 0.080469 0.212963 0.013021 0.022222
0 0.025521 0.316204 0.014583 0.023148
0 0.098698 0.264352 0.013021 0.025000
0 0.080208 0.264352 0.014583 0.025000
0 0.025260 0.658333 0.014063 0.024074
0 0.569792 0.978704 0.018750 0.029630
0 0.546354 0.978241 0.018750 0.028704
0 0.080729 0.237963 0.014583 0.024074
0 0.061719 0.657870 0.015104 0.025000
0 0.044010 0.343519 0.015104 0.025926
0 0.044010 0.605093 0.015104 0.023148
0 0.043490 0.578241 0.015104 0.021296
0 0.098437 0.579630 0.015625 0.022222
0 0.062240 0.605093 0.015104 0.023148
0 0.592708 0.978241 0.017708 0.028704
0 0.061979 0.579167 0.015625 0.021296
0 0.080208 0.579167 0.014583 0.021296
0 0.043750 0.289815 0.014583 0.025926
0 0.098437 0.238426 0.012500 0.025000
0 0.477865 0.977315 0.018229 0.025000
0 0.523438 0.977315 0.017708 0.026852
0 0.887500 0.192130 0.033333 0.026852
0 0.728385 0.087963 0.015104 0.022222
0 0.116667 0.212500 0.012500 0.023148
0 0.098958 0.212963 0.013542 0.022222
0 0.044010 0.631944 0.015104 0.025000
0 0.116667 0.579630 0.015625 0.022222
0 0.315365 0.976852 0.019271 0.027778
0 0.692969 0.087963 0.018229 0.022222
0 0.852604 0.190741 0.035417 0.027778
0 0.501042 0.976852 0.017708 0.025926
0 0.025781 0.578241 0.017188 0.023148
0 0.025521 0.343519 0.014583 0.025926
0 0.025521 0.289815 0.014583 0.025926
0 0.061979 0.631944 0.015625 0.026852
0 0.062240 0.263426 0.015104 0.025000
0 0.710677 0.087963 0.014063 0.022222
0 0.061979 0.289815 0.013542 0.024074
0 0.638281 0.979167 0.017188 0.026852
0 0.615365 0.978704 0.018229 0.027778
0 0.095052 0.139815 0.016146 0.024074
0 0.170313 0.139815 0.018750 0.024074
0 0.043490 0.213426 0.013021 0.023148
0 0.078125 0.139352 0.014583 0.023148
0 0.015885 0.080093 0.026562 0.060185
0 0.025781 0.604630 0.016146 0.022222
0 0.025781 0.631481 0.016146 0.025926
0 0.607292 0.075000 0.034375 0.053704
0 0.662500 0.978704 0.019792 0.029630
0 0.044271 0.917130 0.015625 0.021296
0 0.923958 0.191667 0.037500 0.024074
0 0.684896 0.978241 0.017708 0.028704
0 0.079687 0.186574 0.013542 0.023148
0 0.866667 0.977315 0.014583 0.025000
0 0.883594 0.977315 0.016146 0.025000
0 0.043490 0.263889 0.015104 0.024074
0 0.026042 0.891667 0.015625 0.022222
0 0.007552 0.316667 0.015104 0.024074
0 0.080990 0.918056 0.014063 0.023148
0 0.189062 0.139815 0.014583 0.022222
0 0.206510 0.139815 0.014063 0.022222
0 0.080729 0.891667 0.013542 0.022222
0 0.455208 0.977778 0.016667 0.025926
0 0.007292 0.659259 0.014583 0.024074
0 0.966146 0.139352 0.018750 0.021296
0 0.044271 0.891204 0.015625 0.023148
0 0.109635 0.089352 0.016146 0.026852
0 0.008073 0.604630 0.015104 0.024074
0 0.007552 0.343056 0.015104 0.023148
0 0.007812 0.578704 0.015625 0.024074
0 0.098437 0.632407 0.014583 0.024074
0 0.116406 0.605556 0.015104 0.024074
0 0.025521 0.264352 0.015625 0.025000
0 0.745573 0.088426 0.014063 0.021296
0 0.098698 0.891667 0.015104 0.022222
0 0.881510 0.079167 0.023438 0.050926
0 0.044010 0.186574 0.015104 0.025000
0 0.061979 0.316204 0.013542 0.025000
0 0.151042 0.139815 0.017708 0.024074
0 0.946615 0.140278 0.013021 0.021296
0 0.063021 0.917593 0.016667 0.022222
0 0.062760 0.238426 0.015104 0.023148
0 0.657552 0.087500 0.014063 0.021296
0 0.043490 0.238426 0.014063 0.023148
0 0.025000 0.139815 0.048958 0.025926
0 0.384635 0.975463 0.117188 0.034259
0 0.008073 0.212500 0.015104 0.025000
0 0.007812 0.289352 0.015625 0.026852
0 0.225000 0.140741 0.017708 0.022222
0 0.980990 0.079630 0.025521 0.061111
0 0.008073 0.891204 0.016146 0.023148
0 0.008073 0.631019 0.014063 0.025000
0 0.026042 0.917130 0.015625 0.021296
0 0.062760 0.891204 0.018229 0.023148
0 0.972917 0.032870 0.050000 0.025000
0 0.062500 0.212963 0.013542 0.022222
0 0.682292 0.063426 0.059375 0.025000
0 0.639844 0.088426 0.015104 0.023148
0 0.440885 0.064352 0.016146 0.023148
0 0.628125 0.731944 0.041667 0.025000
0 0.110417 0.062963 0.018750 0.020370
0 0.952604 0.079167 0.021875 0.056481
0 0.209635 0.032870 0.020313 0.019444
0 0.581771 0.731944 0.041667 0.025000
0 0.594792 0.612037 0.108333 0.024074
0 0.893229 0.033796 0.014583 0.023148
0 0.926302 0.088426 0.017188 0.025000
0 0.116667 0.891204 0.014583 0.021296
0 0.112500 0.140278 0.015625 0.023148
0 0.845052 0.622222 0.016146 0.022222
0 0.157031 0.032407 0.016146 0.018519
0 0.059375 0.139352 0.015625 0.023148
0 0.803646 0.088426 0.014583 0.021296
0 0.025260 0.213426 0.014063 0.023148
0 0.641667 0.062037 0.020833 0.022222
0 0.007812 0.263889 0.015625 0.024074
0 0.903646 0.976852 0.018750 0.024074
0 0.231250 0.032870 0.015625 0.019444
0 0.182292 0.032870 0.028125 0.019444
0 0.114844 0.164352 0.011979 0.019444
0 0.857292 0.078704 0.025000 0.046296
0 0.917708 0.062963 0.036458 0.024074
0 0.116927 0.633333 0.015104 0.024074
0 0.584896 0.506944 0.129167 0.025000
0 0.137240 0.032870 0.017188 0.019444
0 0.909375 0.033796 0.014583 0.025000
0 0.584896 0.533796 0.128125 0.025000
0 0.884375 0.621296 0.016667 0.024074
0 0.061979 0.186574 0.013542 0.023148
0 0.945052 0.621759 0.017188 0.025000
0 0.804167 0.063889 0.015625 0.022222
0 0.864062 0.621759 0.017708 0.023148
0 0.585417 0.560648 0.128125 0.025000
0 0.131250 0.140741 0.015625 0.022222
0 0.908073 0.087963 0.017188 0.024074
0 0.562760 0.336111 0.086979 0.022222
0 0.272656 0.088889 0.019271 0.024074
0 0.856510 0.311574 0.041146 0.015741
0 0.878125 0.329630 0.068750 0.016667
0 0.964323 0.164352 0.009896 0.017593
0 0.904687 0.620833 0.017708 0.023148
0 0.562760 0.311574 0.086979 0.021296
0 0.571615 0.372222 0.103646 0.022222
0 0.117448 0.032407 0.015104 0.018519
0 0.590104 0.284722 0.106250 0.021296
0 0.819531 0.087500 0.013021 0.021296
0 0.820312 0.063426 0.014583 0.021296
0 0.509896 0.087500 0.151042 0.023148
0 0.590365 0.262037 0.106771 0.022222
0 0.571615 0.398148 0.102604 0.022222
0 0.585156 0.479167 0.128646 0.025000
0 0.924479 0.621296 0.017708 0.024074
0 0.095833 0.031944 0.021875 0.019444
0 0.770312 0.088426 0.015625 0.021296
0 0.571875 0.423611 0.102083 0.023148
0 0.180208 0.862037 0.043750 0.074074
0 0.008073 0.918519 0.016146 0.020370
0 0.922396 0.976389 0.013542 0.023148
0 0.770312 0.065278 0.016667 0.023148
0 0.570573 0.448611 0.100521 0.021296
0 0.994792 0.593981 0.009375 0.017593
0 0.115625 0.186111 0.011458 0.022222
0 0.934896 0.033333 0.022917 0.024074
0 0.787240 0.089352 0.015104 0.021296
0 0.595313 0.586111 0.109375 0.022222
0 0.918229 0.277315 0.161458 0.017593
0 0.836198 0.063426 0.015104 0.021296
0 0.917708 0.259722 0.161458 0.017593
0 0.787240 0.064815 0.015104 0.022222
0 0.970833 0.217593 0.021875 0.020370
0 0.948438 0.976852 0.013542 0.022222
0 0.975521 0.976389 0.032292 0.028704
0 0.984635 0.162963 0.008854 0.016667
0 0.637500 0.424074 0.018750 0.025926
0 0.134896 0.555556 0.009375 0.016667
0 0.935156 0.975926 0.010937 0.024074
0 0.114844 0.556019 0.009896 0.017593
0 0.645052 0.202778 0.013021 0.020370
0 0.995313 0.162963 0.009375 0.018519
0 0.674740 0.087500 0.013021 0.021296
0 0.622396 0.203704 0.010417 0.018519
0 0.988802 0.009722 0.014063 0.019444
0 0.939583 0.007870 0.011458 0.015741
0 0.960938 0.009259 0.014583 0.018519
0 0.124974 0.556528 0.009406 0.019185
0 0.126331 0.164315 0.007589 0.017981
0 0.045776 0.031819 0.017458 0.019083
0 0.026638 0.032880 0.015828 0.019278
0 0.584018 0.235352 0.131682 0.030759
0 0.196484 0.165759 0.012760 0.020370
0 0.188214 0.063324 0.133365 0.023870
0 0.009594 0.031833 0.014063 0.020370
0 0.355500 0.088019 0.143750 0.025000
0 0.166797 0.165741 0.046094 0.018519
0 0.355091 0.063009 0.143568 0.023981
0 0.100099 0.189324 0.018229 0.023148
0 0.518693 0.062167 0.136458 0.024074
0 0.137396 0.165185 0.009896 0.019444
0 0.989654 0.138435 0.020693 0.020370
0 0.271760 0.063426 0.020313 0.025000
0 0.188630 0.088648 0.134302 0.023630
0 0.026839 0.238370 0.015625 0.024074
0 0.009539 0.239611 0.016266 0.025000
0 0.729552 0.062963 0.034896 0.025926
0 0.027229 0.188139 0.016667 0.025000
0 0.008625 0.187194 0.016667 0.025000
0 0.916724 0.471921 0.161979 0.021620
0 0.966354 0.594583 0.010417 0.017593
0 0.594792 0.637694 0.108333 0.020370
0 0.990109 0.217130 0.017708 0.019444
0 0.984271 0.593981 0.008854 0.017593
0 0.916859 0.294907 0.161979 0.018519
0 0.918516 0.241764 0.162969 0.015898
0 0.974740 0.165130 0.006323 0.017315
0 0.865971 0.649079 0.059766 0.019861
0 0.975857 0.595204 0.004911 0.015648
