0 0.102016 0.205569 0.013406 0.018056
0 0.115332 0.581049 0.012109 0.017361
0 0.986613 0.059722 0.019531 0.047222
0 0.116270 0.166215 0.013008 0.018542
0 0.928051 0.982000 0.013281 0.019444
0 0.120029 0.129319 0.004605 0.009931
0 0.634281 0.046569 0.014844 0.016667
0 0.664355 0.046875 0.044336 0.018750
0 0.142031 0.128819 0.035625 0.017361
0 0.920613 0.227882 0.142187 0.012569
0 0.972613 0.586285 0.008656 0.011903
0 0.981064 0.586431 0.005309 0.012194
0 0.921387 0.280035 0.141602 0.013542
0 0.218535 0.108333 0.108242 0.020833
0 0.020078 0.146354 0.012812 0.020486
0 0.988039 0.483229 0.005703 0.014097
0 0.961439 0.982628 0.009637 0.015285
0 0.951621 0.982139 0.007687 0.014750
0 0.112275 0.545000 0.005645 0.011792
0 0.104371 0.545566 0.006773 0.010910
0 0.005648 0.166684 0.008992 0.014368
0 0.019201 0.165531 0.010277 0.017257
0 0.046635 0.165094 0.009316 0.017549
0 0.074699 0.166597 0.013664 0.018431
0 0.100822 0.165403 0.008785 0.016125
0 0.112584 0.128451 0.004910 0.012764
0 0.972281 0.006410 0.012109 0.012819
0 0.996590 0.127597 0.006820 0.014583
0 0.912316 0.981597 0.014063 0.020139
0 0.988465 0.128306 0.008203 0.015278
0 0.840793 0.046500 0.026953 0.017361
0 0.088156 0.146812 0.010547 0.017361
0 0.343996 0.047580 0.155469 0.020438
0 0.992027 0.006125 0.012109 0.012250
0 0.921680 0.254618 0.142578 0.012986
0 0.103672 0.128653 0.010547 0.015972
0 0.700328 0.047403 0.026172 0.018056
0 0.924805 0.385646 0.135547 0.013472
0 0.981828 0.128708 0.005234 0.011944
0 0.169613 0.048392 0.155469 0.014562
0 0.257910 0.047917 0.015820 0.019444
0 0.513588 0.047868 0.153918 0.018236
0 0.168555 0.066806 0.157422 0.019028
0 0.924918 0.358542 0.136328 0.012569
0 0.344465 0.067191 0.156641 0.019368
0 0.924609 0.398625 0.135156 0.013472
0 0.921680 0.293542 0.141797 0.014306
0 0.507305 0.066472 0.165234 0.018861
0 0.978727 0.025979 0.037930 0.020139
0 0.922070 0.307188 0.141797 0.012569
0 0.866938 0.345549 0.030859 0.013194
0 0.115336 0.561806 0.010937 0.016667
0 0.923988 0.371788 0.135937 0.013507
0 0.941348 0.981910 0.011602 0.018125
0 0.925437 0.462708 0.149125 0.015972
0 0.921680 0.267257 0.143359 0.012708
0 0.921801 0.241139 0.142969 0.013611
0 0.921168 0.214514 0.142969 0.013750
0 0.875416 0.320017 0.049207 0.010368
0 0.981037 0.484118 0.005355 0.014958
0 0.973275 0.482858 0.007980 0.015549
0 0.995639 0.586358 0.005551 0.014660
0 0.988902 0.586139 0.006125 0.014222
0 0.257559 0.066667 0.015898 0.018056
0 0.922000 0.332149 0.141703 0.012493
0 0.166406 0.130729 0.008906 0.013542
0 0.920898 0.187819 0.142578 0.013750
0 0.102098 0.918486 0.013086 0.020139
0 0.974006 0.128337 0.008684 0.013326
0 0.119893 0.545840 0.006621 0.015278
0 0.877943 0.412243 0.040363 0.009403
0 0.982789 0.983215 0.021875 0.020833
0 0.116453 0.917618 0.015234 0.021528
0 0.871152 0.626736 0.043477 0.015972
0 0.156445 0.108681 0.012891 0.018750
0 0.018945 0.562847 0.012109 0.017361
0 0.086328 0.109028 0.012500 0.020833
0 0.949609 0.024306 0.016406 0.018056
0 0.033203 0.918056 0.011719 0.018056
0 0.932617 0.024306 0.009766 0.018056
0 0.005664 0.024306 0.011328 0.015278
0 0.756250 0.067708 0.010156 0.017361
0 0.073047 0.108681 0.011719 0.020139
0 0.020117 0.918056 0.012891 0.018056
0 0.033008 0.937847 0.011328 0.014583
0 0.813477 0.060069 0.019922 0.039583
0 0.101172 0.224306 0.010937 0.019444
0 0.101562 0.185417 0.010937 0.018056
0 0.019336 0.184722 0.011328 0.018056
0 0.369336 0.981944 0.016016 0.020833
0 0.632227 0.066319 0.011328 0.018750
0 0.871289 0.605903 0.012891 0.017361
0 0.101367 0.602778 0.011328 0.019444
0 0.005664 0.185069 0.011328 0.018750
0 0.143164 0.108333 0.012891 0.018056
0 0.059961 0.165625 0.010547 0.017361
0 0.795312 0.059375 0.017969 0.036806
0 0.421875 0.980903 0.088281 0.028472
0 0.058984 0.108681 0.012500 0.020139
0 0.612500 0.984028 0.014063 0.022222
0 0.047461 0.917708 0.012109 0.017361
0 0.116211 0.108681 0.012109 0.018750
0 0.005664 0.602431 0.011328 0.018750
0 0.019531 0.937153 0.011719 0.015972
0 0.129102 0.108333 0.010547 0.018056
0 0.005664 0.204167 0.011328 0.019444
0 0.006055 0.937500 0.012109 0.016667
0 0.101367 0.108681 0.014453 0.020139
0 0.115820 0.185069 0.011328 0.018750
0 0.019336 0.108681 0.037891 0.021528
0 0.087891 0.165972 0.010937 0.018056
0 0.005664 0.582986 0.011328 0.018750
0 0.019141 0.602431 0.010937 0.018750
0 0.019141 0.204514 0.011719 0.018750
0 0.011914 0.060417 0.021484 0.045833
0 0.018750 0.224306 0.010937 0.018056
0 0.101367 0.581944 0.012109 0.018056
0 0.645312 0.065972 0.010156 0.016667
0 0.607422 0.056250 0.027344 0.041667
0 0.059961 0.602431 0.010547 0.020139
0 0.032813 0.184375 0.010156 0.017361
0 0.083203 0.067361 0.012500 0.020833
0 0.060156 0.184722 0.010156 0.018056
0 0.116016 0.223611 0.011719 0.018056
0 0.959375 0.108681 0.012500 0.018750
0 0.033203 0.602431 0.010937 0.020139
0 0.019336 0.582639 0.012109 0.018056
0 0.916016 0.149306 0.026562 0.019444
0 0.046484 0.602431 0.011719 0.020139
0 0.046484 0.184722 0.010937 0.018056
0 0.115625 0.204861 0.011719 0.018056
0 0.032617 0.224306 0.010547 0.019444
0 0.031055 0.060764 0.016016 0.045139
0 0.060352 0.224653 0.010547 0.021528
0 0.889062 0.148958 0.024219 0.021528
0 0.032617 0.204167 0.010547 0.019444
0 0.060352 0.203819 0.010547 0.018750
0 0.049219 0.061111 0.017188 0.045833
0 0.756055 0.048264 0.011328 0.017361
0 0.046484 0.224653 0.011719 0.020139
0 0.595313 0.983681 0.013281 0.021528
0 0.066406 0.060764 0.017969 0.043750
0 0.658789 0.065972 0.009766 0.018056
0 0.046680 0.203819 0.011328 0.018750
0 0.778125 0.065278 0.012500 0.020833
0 0.088086 0.185417 0.011328 0.018056
0 0.898047 0.981250 0.011719 0.020833
0 0.088281 0.224306 0.010937 0.020833
0 0.711523 0.065625 0.012109 0.017361
0 0.073438 0.602778 0.010937 0.020833
0 0.046680 0.145833 0.010547 0.019444
0 0.032617 0.145833 0.011328 0.019444
0 0.698633 0.065625 0.011328 0.017361
0 0.995703 0.482986 0.007812 0.015972
0 0.087500 0.582639 0.012500 0.018056
0 0.074023 0.204167 0.011328 0.018056
0 0.767578 0.067014 0.009375 0.017361
0 0.177539 0.024306 0.013672 0.016667
0 0.087305 0.562500 0.012109 0.016667
0 0.990820 0.107639 0.013672 0.016667
0 0.920117 0.024653 0.012109 0.018750
0 0.005664 0.562847 0.011328 0.018750
0 0.975000 0.107986 0.014063 0.017361
0 0.019336 0.024306 0.011328 0.015278
0 0.083594 0.046181 0.014844 0.015972
0 0.743555 0.067708 0.012109 0.017361
0 0.729492 0.047917 0.013672 0.018056
0 0.916406 0.605903 0.013281 0.018750
0 0.005273 0.223611 0.010547 0.018056
0 0.153320 0.896181 0.033984 0.057639
0 0.743359 0.048264 0.011719 0.017361
0 0.767773 0.047917 0.010547 0.016667
0 0.902539 0.605903 0.012891 0.018750
0 0.033984 0.024306 0.014063 0.015278
0 0.886328 0.605556 0.013281 0.018056
0 0.060742 0.918056 0.011328 0.018056
0 0.848242 0.064931 0.014453 0.020139
0 0.059961 0.562847 0.011328 0.015972
0 0.087305 0.602431 0.012109 0.020139
0 0.101758 0.562500 0.012109 0.016667
0 0.121094 0.023264 0.011719 0.014583
0 0.729883 0.067014 0.012109 0.017361
0 0.115625 0.147222 0.010156 0.018056
0 0.856445 0.606250 0.012891 0.018056
0 0.931836 0.606250 0.012109 0.018056
0 0.160742 0.023958 0.016016 0.015972
0 0.866992 0.057639 0.017578 0.038889
0 0.105078 0.023264 0.015625 0.014583
0 0.833398 0.065278 0.012891 0.019444
0 0.685742 0.065625 0.010547 0.017361
0 0.088086 0.203819 0.010547 0.018750
0 0.006055 0.918056 0.012109 0.018056
0 0.053125 0.024653 0.018750 0.014583
0 0.032813 0.165625 0.010156 0.017361
0 0.139453 0.023958 0.021094 0.015972
0 0.072656 0.023958 0.014063 0.014583
0 0.032422 0.562500 0.011719 0.016667
0 0.474219 0.982639 0.013281 0.020833
0 0.278711 0.109722 0.012109 0.018056
0 0.101562 0.146528 0.010937 0.018056
0 0.046484 0.562500 0.011719 0.016667
0 0.073828 0.918056 0.012500 0.018056
0 0.429492 0.047569 0.011328 0.017361
0 0.005469 0.146181 0.010937 0.020139
0 0.073438 0.582639 0.010937 0.018056
0 0.074609 0.146181 0.013281 0.018750
0 0.088086 0.917361 0.011328 0.018056
0 0.073828 0.184722 0.011719 0.018056
0 0.059766 0.146181 0.010156 0.018750
0 0.073438 0.562847 0.011719 0.015972
0 0.088672 0.023264 0.011719 0.013194
0 0.842969 0.131597 0.010156 0.014583
0 0.954297 0.006944 0.010156 0.013889
0 0.074023 0.224653 0.011328 0.021528
0 0.508984 0.981944 0.014063 0.020833
0 0.059961 0.582639 0.011328 0.018056
0 0.526172 0.982292 0.014063 0.021528
0 0.033008 0.582639 0.011328 0.018056
0 0.491602 0.982292 0.013672 0.020139
0 0.672852 0.065972 0.012891 0.018056
0 0.863477 0.148611 0.026953 0.022222
0 0.543359 0.982986 0.014063 0.021528
0 0.578125 0.983333 0.014063 0.022222
0 0.046680 0.582639 0.012109 0.018056
0 0.629297 0.983681 0.014063 0.024306
0 0.560742 0.983333 0.014453 0.022222
0 0.045312 0.109028 0.011719 0.019444
0 0.779297 0.047917 0.012500 0.016667
