0 0.043750 0.222222 0.013542 0.022222
0 0.627083 0.980556 0.016667 0.027778
0 0.061719 0.584259 0.015104 0.022222
0 0.847135 0.199537 0.035937 0.028704
0 0.117448 0.636574 0.017188 0.025000
0 0.190365 0.145833 0.015104 0.025000
0 0.025781 0.299537 0.014063 0.025000
0 0.098958 0.609722 0.015625 0.025000
0 0.007812 0.610185 0.015625 0.022222
0 0.026042 0.726852 0.015625 0.020370
0 0.917448 0.200000 0.035937 0.024074
0 0.518229 0.088426 0.139583 0.026852
0 0.008073 0.584259 0.016146 0.025926
0 0.007552 0.194907 0.015104 0.025000
0 0.008333 0.273148 0.014583 0.024074
0 0.007812 0.298148 0.015625 0.027778
0 0.080208 0.194907 0.012500 0.023148
0 0.608854 0.077315 0.035417 0.056481
0 0.819271 0.173611 0.011458 0.019444
0 0.115104 0.756481 0.006250 0.016667
0 0.026042 0.609722 0.017708 0.019444
0 0.197135 0.173148 0.008854 0.020370
0 0.115625 0.172222 0.010417 0.020370
0 0.984375 0.171759 0.009375 0.015741
0 0.026042 0.145370 0.050000 0.027778
0 0.124740 0.756481 0.007812 0.016667
0 0.124479 0.560648 0.007292 0.017593
0 0.134635 0.172222 0.009896 0.020370
0 0.974479 0.172222 0.008333 0.014815
0 0.070833 0.904630 0.141667 0.025926
0 0.135156 0.560185 0.007812 0.016667
0 0.938021 0.009722 0.011458 0.019444
0 0.193490 0.212963 0.088021 0.018519
0 0.124740 0.172685 0.007812 0.017593
0 0.060417 0.146296 0.015625 0.025926
0 0.236979 0.033333 0.016667 0.018519
0 0.098958 0.170833 0.018750 0.021296
0 0.871615 0.689352 0.066146 0.017593
0 0.944792 0.976389 0.013542 0.026852
0 0.008073 0.146759 0.013021 0.021296
0 0.042448 0.728241 0.018229 0.021296
0 0.534896 0.977315 0.017708 0.025000
0 0.846615 0.978241 0.014063 0.023148
0 0.641667 0.089815 0.014583 0.024074
0 0.044010 0.610648 0.015104 0.023148
0 0.117708 0.585185 0.016667 0.022222
0 0.062500 0.195370 0.013542 0.024074
0 0.080990 0.700463 0.013021 0.023148
0 0.043750 0.584259 0.015625 0.022222
0 0.177344 0.871759 0.030729 0.056481
0 0.080208 0.584722 0.015625 0.021296
0 0.490104 0.977315 0.018750 0.023148
0 0.994792 0.172222 0.009375 0.016667
0 0.988802 0.145370 0.019271 0.022222
0 0.117969 0.610185 0.019271 0.025926
0 0.063021 0.247222 0.015625 0.024074
0 0.134896 0.756481 0.007292 0.016667
0 0.097135 0.145833 0.016146 0.025000
0 0.062240 0.325463 0.013021 0.025000
0 0.116406 0.194444 0.010937 0.022222
0 0.025521 0.222222 0.015625 0.024074
0 0.964583 0.172685 0.009375 0.015741
0 0.115104 0.561111 0.009375 0.018519
0 0.062500 0.662500 0.015625 0.028704
0 0.105990 0.756944 0.009896 0.017593
0 0.154688 0.145370 0.016667 0.025926
0 0.879948 0.977778 0.014063 0.024074
0 0.080469 0.662037 0.014063 0.027778
0 0.863021 0.977778 0.015625 0.024074
0 0.080469 0.326389 0.015104 0.025000
0 0.098698 0.585185 0.016146 0.022222
0 0.078906 0.145833 0.017188 0.025000
0 0.025781 0.662963 0.014063 0.029630
0 0.134375 0.145833 0.018750 0.026852
0 0.518750 0.062500 0.138542 0.026852
0 0.063281 0.700463 0.017188 0.025000
0 0.044271 0.352778 0.015625 0.025926
0 0.008073 0.663426 0.016146 0.030556
0 0.099219 0.221296 0.014063 0.022222
0 0.043750 0.247685 0.013542 0.023148
0 0.114583 0.145833 0.016667 0.026852
0 0.080729 0.247222 0.014583 0.024074
0 0.747656 0.088889 0.014063 0.022222
0 0.117448 0.248148 0.014063 0.025926
0 0.080469 0.610185 0.015104 0.022222
0 0.558333 0.977778 0.018750 0.027778
0 0.008594 0.221759 0.014063 0.025000
0 0.580729 0.979167 0.018750 0.030556
0 0.044271 0.700926 0.014583 0.025926
0 0.025521 0.636111 0.016667 0.024074
0 0.676562 0.087963 0.012500 0.022222
0 0.672917 0.981019 0.016667 0.028704
0 0.117969 0.326389 0.017188 0.023148
0 0.044010 0.662500 0.014063 0.028704
0 0.099219 0.701389 0.014063 0.023148
0 0.694792 0.088426 0.017708 0.023148
0 0.711979 0.088889 0.013542 0.022222
0 0.466146 0.978241 0.017708 0.026852
0 0.173177 0.145370 0.015104 0.025926
0 0.441667 0.064815 0.015625 0.024074
0 0.730208 0.088889 0.014583 0.022222
0 0.062500 0.299074 0.013542 0.024074
0 0.044010 0.273148 0.015104 0.024074
0 0.604167 0.979630 0.020833 0.031481
0 0.025521 0.325463 0.015625 0.023148
0 0.116927 0.221759 0.013021 0.023148
0 0.441927 0.088426 0.016146 0.025000
0 0.080729 0.299074 0.014583 0.024074
0 0.117188 0.701389 0.014583 0.023148
0 0.512760 0.977315 0.017188 0.025000
0 0.099479 0.299537 0.013542 0.025000
0 0.007812 0.325463 0.015625 0.023148
0 0.063281 0.726852 0.016146 0.020370
0 0.044271 0.298611 0.014583 0.025000
0 0.098437 0.247685 0.012500 0.025000
0 0.380729 0.147222 0.013542 0.020370
0 0.044010 0.636574 0.015104 0.025000
0 0.062240 0.610648 0.015104 0.021296
0 0.946354 0.146296 0.013542 0.022222
0 0.044531 0.726852 0.015104 0.020370
0 0.044010 0.325926 0.014063 0.024074
0 0.118229 0.300463 0.017708 0.025000
0 0.080469 0.727315 0.014063 0.023148
0 0.327344 0.978241 0.021354 0.025000
0 0.062760 0.272685 0.015104 0.025000
0 0.080469 0.635648 0.015104 0.025000
0 0.396875 0.976389 0.116667 0.034259
0 0.116927 0.273611 0.014063 0.023148
0 0.080469 0.272685 0.015104 0.025000
0 0.207552 0.145833 0.017188 0.025000
0 0.098698 0.325926 0.013021 0.025926
0 0.062240 0.636111 0.016146 0.025926
0 0.062500 0.221759 0.013542 0.023148
0 0.098698 0.273611 0.013021 0.025000
0 0.016406 0.081944 0.026562 0.062037
0 0.070573 0.830556 0.141146 0.027778
0 0.650260 0.981019 0.017188 0.028704
0 0.967708 0.145833 0.019792 0.023148
0 0.098958 0.635648 0.015625 0.025000
0 0.008333 0.727778 0.016667 0.020370
0 0.894271 0.034259 0.013542 0.022222
0 0.008073 0.352315 0.015104 0.023148
0 0.659115 0.088426 0.013021 0.021296
0 0.080469 0.221296 0.013021 0.022222
0 0.025781 0.584259 0.017188 0.024074
0 0.026042 0.700926 0.014583 0.025926
0 0.008594 0.635648 0.014063 0.025000
0 0.025521 0.352315 0.014583 0.026852
0 0.008333 0.700463 0.016667 0.026852
0 0.112885 0.061259 0.018750 0.021296
0 0.644224 0.065144 0.018750 0.018250
0 0.914714 0.601361 0.151198 0.015056
0 0.838068 0.063056 0.016667 0.018796
0 0.356063 0.090250 0.144437 0.025463
0 0.882510 0.200000 0.032292 0.027778
0 0.914771 0.619819 0.154240 0.015917
0 0.045786 0.194407 0.017188 0.025000
0 0.027292 0.195370 0.019167 0.025926
0 0.110323 0.091134 0.016479 0.027676
0 0.909349 0.251153 0.156510 0.015269
0 0.913620 0.882870 0.152969 0.015741
0 0.863698 0.900463 0.049271 0.013889
0 0.914161 0.513421 0.153969 0.016102
0 0.915451 0.742361 0.152745 0.016389
0 0.070052 0.860972 0.140104 0.026852
0 0.910339 0.338889 0.161302 0.018519
0 0.963771 0.008690 0.014583 0.017380
0 0.295547 0.145370 0.152656 0.024074
0 0.914122 0.654630 0.151859 0.016667
0 0.914701 0.303079 0.152120 0.016620
0 0.877630 0.813426 0.077135 0.012037
0 0.856172 0.795833 0.052969 0.013889
0 0.865984 0.427713 0.071198 0.016667
0 0.913909 0.495778 0.152182 0.013963
0 0.167578 0.173611 0.046094 0.017593
0 0.913906 0.531481 0.152396 0.018519
0 0.928693 0.087856 0.017333 0.022620
0 0.862891 0.848611 0.047656 0.013889
0 0.914013 0.479389 0.152807 0.015667
0 0.864974 0.760648 0.051823 0.013889
0 0.910945 0.087514 0.015849 0.021639
0 0.878359 0.831019 0.078594 0.013889
0 0.911094 0.409194 0.161979 0.022222
0 0.875365 0.866204 0.073646 0.013889
0 0.909896 0.356648 0.161458 0.015407
0 0.914289 0.920486 0.171422 0.020880
0 0.909227 0.443796 0.160536 0.018519
0 0.847500 0.463278 0.036667 0.018519
0 0.883828 0.777778 0.090156 0.012963
0 0.909964 0.267981 0.159656 0.015889
0 0.870781 0.549074 0.065104 0.016667
0 0.097464 0.032810 0.023375 0.018176
0 0.119130 0.033889 0.015094 0.017741
0 0.140070 0.032806 0.020453 0.019907
0 0.161375 0.033241 0.015823 0.019037
0 0.186818 0.033889 0.026781 0.017741
0 0.214695 0.033028 0.018745 0.015148
0 0.771898 0.090269 0.016005 0.021667
0 0.788810 0.090106 0.015641 0.021991
0 0.805180 0.090431 0.015276 0.020694
0 0.820911 0.088977 0.012552 0.017787
0 0.919102 0.063833 0.036755 0.024833
0 0.909365 0.373375 0.161417 0.014028
0 0.899167 0.976315 0.016625 0.020944
0 0.919049 0.977250 0.015151 0.023574
0 0.932307 0.977065 0.009260 0.020204
0 0.975552 0.978745 0.039354 0.027306
0 0.070721 0.925255 0.141443 0.011639
0 0.027857 0.034579 0.019234 0.018102
0 0.047091 0.034574 0.016214 0.014074
0 0.070680 0.033889 0.023370 0.019481
0 0.010510 0.034912 0.013958 0.017435
0 0.071448 0.804630 0.141146 0.027778
0 0.356495 0.063750 0.145240 0.025093
0 0.189680 0.063366 0.135328 0.023398
0 0.064375 0.080741 0.021875 0.061111
0 0.088542 0.080241 0.023958 0.061111
0 0.934115 0.033796 0.023438 0.025000
0 0.041615 0.079435 0.021354 0.061111
0 0.805990 0.066944 0.017188 0.024630
0 0.910885 0.320514 0.159167 0.015269
0 0.983917 0.080361 0.025521 0.062963
0 0.272927 0.062583 0.018750 0.024074
0 0.821354 0.066898 0.013542 0.024537
0 0.684328 0.063097 0.059260 0.022306
0 0.189062 0.088824 0.137500 0.025926
0 0.885693 0.079519 0.023958 0.054630
0 0.010047 0.248722 0.017448 0.024074
0 0.974799 0.033704 0.050401 0.025926
0 0.909883 0.285810 0.160964 0.017269
0 0.772396 0.066944 0.016667 0.022778
0 0.954167 0.077870 0.021875 0.053889
0 0.026953 0.248148 0.016146 0.024074
0 0.859091 0.077435 0.024516 0.048593
0 0.988229 0.009338 0.014583 0.018676
0 0.789062 0.066111 0.015625 0.022963
0 0.910948 0.033889 0.013542 0.025926
0 0.025479 0.273648 0.015625 0.025926
0 0.914086 0.637856 0.152870 0.015954
0 0.732568 0.062333 0.035937 0.025926
0 0.099740 0.195926 0.019271 0.027037
0 0.272448 0.089120 0.019479 0.025926
