0 0.005469 0.146181 0.010937 0.020139
0 0.073438 0.582639 0.010937 0.018056
0 0.099805 0.109722 0.012891 0.019444
0 0.910547 0.981597 0.014063 0.021528
0 0.088086 0.917361 0.011328 0.018056
0 0.971289 0.007292 0.012109 0.014583
0 0.059961 0.145833 0.009766 0.019444
0 0.073438 0.563194 0.011719 0.016667
0 0.073828 0.184722 0.011719 0.018056
0 0.088672 0.022569 0.011719 0.013194
0 0.991602 0.007639 0.012109 0.015278
0 0.238281 0.109375 0.013281 0.020139
0 0.954102 0.006944 0.010547 0.013889
0 0.842773 0.131597 0.010547 0.014583
0 0.087500 0.582639 0.012500 0.018056
0 0.032617 0.145833 0.011328 0.019444
0 0.074023 0.204167 0.011328 0.018056
0 0.074023 0.224653 0.011328 0.021528
0 0.698633 0.065625 0.012109 0.017361
0 0.046875 0.145833 0.010156 0.019444
0 0.073438 0.602778 0.010937 0.020833
0 0.711719 0.065625 0.012500 0.017361
0 0.088281 0.224306 0.010937 0.020833
0 0.088281 0.185069 0.010937 0.018750
0 0.898242 0.981597 0.011328 0.021528
0 0.475195 0.985069 0.012891 0.020139
0 0.923047 0.463889 0.147656 0.016667
0 0.560742 0.983333 0.014453 0.022222
0 0.629297 0.983681 0.014063 0.024306
0 0.046484 0.582639 0.011719 0.018056
0 0.578125 0.983333 0.014063 0.022222
0 0.543359 0.982986 0.014063 0.021528
0 0.059961 0.582639 0.011328 0.018056
0 0.491602 0.982292 0.013672 0.020139
0 0.033203 0.582639 0.011719 0.018056
0 0.862891 0.148958 0.025781 0.022917
0 0.526172 0.982292 0.014063 0.021528
0 0.508984 0.981944 0.014063 0.020833
0 0.066406 0.060764 0.017969 0.043750
0 0.595313 0.983681 0.013281 0.021528
0 0.046680 0.203819 0.011328 0.018750
0 0.672656 0.066319 0.011719 0.017361
0 0.916211 0.149306 0.026953 0.019444
0 0.888867 0.148958 0.024609 0.021528
0 0.049219 0.060764 0.017188 0.046528
0 0.046484 0.224653 0.011719 0.020139
0 0.030859 0.060764 0.016406 0.045139
0 0.032617 0.204167 0.010547 0.019444
0 0.060352 0.224653 0.010547 0.021528
0 0.060352 0.203819 0.010547 0.018750
0 0.032617 0.224306 0.010547 0.019444
0 0.046484 0.184722 0.010937 0.018056
0 0.658789 0.066319 0.009766 0.017361
0 0.156445 0.109028 0.011328 0.019444
0 0.046484 0.602431 0.011719 0.020139
0 0.115625 0.204514 0.011719 0.018750
0 0.959375 0.108681 0.012500 0.018750
0 0.033203 0.602778 0.010937 0.019444
0 0.019531 0.582639 0.011719 0.018056
0 0.142383 0.109028 0.014453 0.019444
0 0.059961 0.602431 0.010547 0.020139
0 0.115625 0.223611 0.011719 0.018056
0 0.127344 0.109028 0.012500 0.018056
0 0.032813 0.184375 0.010156 0.017361
0 0.607617 0.056597 0.026953 0.042361
0 0.101562 0.581944 0.011719 0.018056
0 0.018750 0.224306 0.010937 0.018056
0 0.060352 0.184722 0.010547 0.018056
0 0.011914 0.060069 0.021484 0.046528
0 0.083008 0.067014 0.012109 0.020139
0 0.019141 0.602431 0.010937 0.018750
0 0.005859 0.582986 0.011719 0.018750
0 0.019141 0.204514 0.011719 0.018750
0 0.087891 0.165972 0.010937 0.018056
0 0.645312 0.065972 0.010156 0.016667
0 0.115820 0.185069 0.011328 0.018750
0 0.005664 0.204167 0.011328 0.019444
0 0.019336 0.108681 0.037891 0.021528
0 0.019531 0.937153 0.011719 0.015972
0 0.005664 0.602431 0.011328 0.018750
0 0.612500 0.984028 0.014063 0.022222
0 0.006055 0.937500 0.012109 0.016667
0 0.113867 0.109375 0.012891 0.018750
0 0.047461 0.917708 0.012109 0.017361
0 0.421875 0.980903 0.088281 0.028472
0 0.059961 0.165625 0.010547 0.017361
0 0.795312 0.059375 0.017969 0.036806
0 0.664844 0.047222 0.045312 0.019444
0 0.101172 0.224306 0.010937 0.019444
0 0.005664 0.185069 0.011328 0.018750
0 0.633984 0.045833 0.014844 0.016667
0 0.196875 0.109028 0.012500 0.020833
0 0.169727 0.109028 0.013672 0.020833
0 0.101367 0.603125 0.011328 0.020139
0 0.183789 0.109028 0.011328 0.020833
0 0.632227 0.066319 0.011328 0.018750
0 0.871289 0.606250 0.012891 0.018056
0 0.019531 0.184722 0.010937 0.018056
0 0.101562 0.185069 0.010937 0.018750
0 0.020117 0.918056 0.012891 0.018056
0 0.116016 0.581597 0.012500 0.017361
0 0.033008 0.938194 0.011328 0.015278
0 0.369336 0.981944 0.016016 0.020833
0 0.072852 0.109722 0.012109 0.019444
0 0.756250 0.067708 0.010156 0.017361
0 0.932617 0.024306 0.009766 0.018056
0 0.949609 0.024306 0.016406 0.018056
0 0.059180 0.109375 0.011328 0.018750
0 0.033008 0.918056 0.011328 0.018056
0 0.358594 0.110069 0.011719 0.017361
0 0.210742 0.109375 0.012109 0.020139
0 0.019141 0.563194 0.011719 0.018056
0 0.045508 0.109375 0.012109 0.018750
0 0.006055 0.023264 0.011328 0.014583
0 0.298242 0.108333 0.106641 0.022222
0 0.779297 0.047917 0.012500 0.016667
0 0.087305 0.562500 0.012109 0.016667
0 0.700781 0.046875 0.026562 0.017361
0 0.756055 0.048264 0.011328 0.017361
0 0.920117 0.024653 0.012109 0.018750
0 0.767578 0.067014 0.009375 0.017361
0 0.177734 0.023611 0.013281 0.016667
0 0.990820 0.107639 0.013672 0.016667
0 0.005859 0.562847 0.011719 0.018750
0 0.975000 0.107986 0.014063 0.017361
0 0.729492 0.047917 0.013672 0.018056
0 0.743555 0.067708 0.012109 0.017361
0 0.005273 0.223611 0.010547 0.018056
0 0.083594 0.046181 0.014844 0.015972
0 0.927539 0.981250 0.013672 0.019444
0 0.743359 0.048264 0.011719 0.017361
0 0.019922 0.023611 0.010937 0.015278
0 0.153320 0.896181 0.033984 0.057639
0 0.916406 0.605903 0.013281 0.018750
0 0.767773 0.047917 0.010547 0.016667
0 0.059961 0.562847 0.011328 0.015972
0 0.986328 0.060069 0.020313 0.049306
0 0.848242 0.064931 0.014453 0.020139
0 0.087305 0.602431 0.012109 0.020139
0 0.902539 0.605903 0.012891 0.018750
0 0.060742 0.918056 0.011328 0.018056
0 0.160742 0.022917 0.016016 0.015278
0 0.886328 0.605556 0.013281 0.018056
0 0.101758 0.562847 0.012109 0.015972
0 0.121094 0.022569 0.011719 0.014583
0 0.931836 0.606250 0.012109 0.018056
0 0.034375 0.023611 0.014063 0.013889
0 0.729883 0.067014 0.012109 0.017361
0 0.105469 0.022569 0.015625 0.014583
0 0.866992 0.057639 0.018359 0.038889
0 0.856250 0.606250 0.013281 0.018056
0 0.006055 0.918056 0.012109 0.018056
0 0.115430 0.147222 0.010547 0.018056
0 0.088086 0.203819 0.010547 0.018750
0 0.833594 0.065278 0.013281 0.019444
0 0.032422 0.562500 0.011719 0.016667
0 0.032813 0.165625 0.010156 0.017361
0 0.139648 0.022917 0.020703 0.015278
0 0.053320 0.023958 0.018359 0.014583
0 0.474219 0.982292 0.013281 0.021528
0 0.867188 0.240625 0.033594 0.011806
0 0.072461 0.023611 0.013672 0.013889
0 0.685352 0.065972 0.010547 0.018056
0 0.046289 0.562500 0.011328 0.016667
0 0.101562 0.146528 0.010937 0.018056
0 0.224219 0.109375 0.012500 0.020139
0 0.086133 0.109722 0.012109 0.019444
0 0.074023 0.918056 0.012891 0.018056
0 0.429492 0.047569 0.011328 0.017361
0 0.020158 0.147181 0.012973 0.019444
0 0.868566 0.278347 0.032422 0.013194
0 0.116418 0.919042 0.010937 0.014583
0 0.872729 0.626090 0.042199 0.016667
0 0.101953 0.917708 0.014844 0.020139
0 0.168566 0.130333 0.009820 0.017361
0 0.841484 0.046007 0.026953 0.017361
0 0.983242 0.980903 0.026172 0.022917
0 0.075621 0.146632 0.013281 0.018750
0 0.257863 0.065806 0.014453 0.018056
0 0.941527 0.981153 0.012734 0.020139
0 0.142805 0.129826 0.038359 0.017361
0 0.116133 0.561806 0.012734 0.016667
0 0.981203 0.024569 0.033203 0.020833
0 0.506773 0.066250 0.165234 0.020833
0 0.513490 0.047559 0.152707 0.019562
0 0.343414 0.065097 0.155469 0.020139
0 0.169244 0.047962 0.153855 0.017174
0 0.168846 0.066993 0.155043 0.018514
0 0.343414 0.048122 0.154688 0.017354
0 0.115801 0.166319 0.012852 0.018750
0 0.257910 0.047569 0.016602 0.018750
0 0.814660 0.058264 0.019922 0.039583
0 0.103207 0.204965 0.010937 0.018750
0 0.921020 0.447507 0.141797 0.011917
0 0.921293 0.436819 0.141797 0.011917
0 0.921121 0.423882 0.141797 0.011917
0 0.921293 0.411236 0.141797 0.011917
0 0.921293 0.398896 0.141797 0.011917
0 0.921121 0.385049 0.141797 0.011917
0 0.921629 0.344118 0.141797 0.011917
0 0.920953 0.371507 0.141797 0.011917
0 0.921324 0.332493 0.141797 0.011917
0 0.922207 0.319681 0.141797 0.011917
0 0.921703 0.307312 0.141797 0.011917
0 0.921703 0.293146 0.141797 0.011917
0 0.921301 0.253104 0.141797 0.011917
0 0.921691 0.227250 0.141797 0.011917
0 0.921816 0.214434 0.141797 0.011924
0 0.921691 0.200493 0.141797 0.011917
0 0.921566 0.186778 0.141797 0.011917
0 0.962387 0.983528 0.011070 0.015306
0 0.995662 0.585830 0.007215 0.012632
0 0.988010 0.587090 0.005902 0.012431
0 0.980357 0.585149 0.006121 0.012826
0 0.972641 0.585521 0.008047 0.015611
0 0.995439 0.482625 0.005668 0.011083
0 0.105129 0.128889 0.005430 0.009000
0 0.112562 0.128413 0.004586 0.010674
0 0.119467 0.128514 0.005324 0.009375
0 0.973521 0.128604 0.006801 0.008528
0 0.981166 0.129167 0.004902 0.008528
0 0.988941 0.128983 0.006430 0.009840
0 0.996557 0.128795 0.005746 0.010965
0 0.987928 0.483045 0.006520 0.011924
0 0.951275 0.982149 0.006777 0.017313
0 0.980182 0.484302 0.004629 0.011757
0 0.018428 0.165476 0.011762 0.013715
0 0.006096 0.164802 0.008855 0.013715
0 0.047082 0.165372 0.011695 0.014771
0 0.075063 0.166247 0.012352 0.018854
0 0.101187 0.165372 0.011258 0.015549
0 0.087906 0.146135 0.008961 0.016715
0 0.119035 0.545049 0.006703 0.011694
0 0.111570 0.544149 0.004680 0.011243
0 0.104361 0.545497 0.009738 0.013937
0 0.972820 0.482840 0.006852 0.012375
