0 0.112055 0.544882 0.004820 0.012264
0 0.087531 0.144948 0.008406 0.017132
0 0.101748 0.165184 0.010582 0.014951
0 0.075438 0.167535 0.013508 0.016958
0 0.005053 0.165917 0.009402 0.015347
0 0.019480 0.166111 0.011586 0.015736
0 0.112055 0.128618 0.006281 0.012667
0 0.119607 0.129622 0.005152 0.010910
0 0.973719 0.128517 0.006406 0.012576
0 0.981404 0.128788 0.005551 0.012035
0 0.988264 0.128569 0.004879 0.010736
0 0.995340 0.128302 0.006344 0.012146
0 0.973408 0.483962 0.007082 0.013938
0 0.980488 0.483958 0.005312 0.013042
0 0.987635 0.483514 0.006449 0.014389
0 0.996063 0.484410 0.007875 0.015292
0 0.972785 0.584760 0.009070 0.013021
0 0.980982 0.586604 0.004699 0.014375
0 0.987814 0.585149 0.006121 0.011465
0 0.995467 0.585635 0.006777 0.012049
0 0.699023 0.676042 0.048828 0.028472
0 0.695117 0.738194 0.051172 0.030556
0 0.760938 0.675694 0.049219 0.031944
0 0.765039 0.738194 0.050391 0.030556
0 0.951920 0.982986 0.006574 0.018889
0 0.105158 0.544128 0.006520 0.013771
0 0.169383 0.048882 0.156250 0.017347
0 0.169232 0.067177 0.155363 0.017868
0 0.104820 0.128743 0.007383 0.014375
0 0.143445 0.131160 0.037187 0.017361
0 0.115090 0.562410 0.011328 0.016667
0 0.980547 0.024861 0.035781 0.020139
0 0.941719 0.980903 0.011562 0.020139
0 0.167285 0.130035 0.009766 0.015972
0 0.074863 0.147757 0.013281 0.018750
0 0.020273 0.146424 0.013203 0.020625
0 0.983547 0.981354 0.025781 0.022917
0 0.840555 0.046201 0.026562 0.017361
0 0.972137 0.006538 0.011328 0.013076
0 0.100957 0.917361 0.012852 0.019444
0 0.887113 0.605819 0.012109 0.018056
0 0.872383 0.626736 0.047422 0.015972
0 0.961098 0.980681 0.010547 0.020139
0 0.115625 0.917792 0.014063 0.020833
0 0.925475 0.462438 0.149051 0.018056
0 0.664605 0.047083 0.044617 0.018333
0 0.115937 0.166076 0.012344 0.018264
0 0.987031 0.059722 0.019141 0.047222
0 0.700336 0.047417 0.026172 0.018056
0 0.119754 0.545806 0.005859 0.010750
0 0.073438 0.602778 0.010937 0.020833
0 0.088086 0.185417 0.011328 0.018056
0 0.475195 0.985069 0.012891 0.020139
0 0.898438 0.981250 0.011719 0.020833
0 0.088281 0.224306 0.010937 0.020833
0 0.711523 0.065625 0.012109 0.017361
0 0.087500 0.582639 0.012500 0.018056
0 0.843164 0.131250 0.009766 0.013889
0 0.954492 0.006944 0.009766 0.013889
0 0.046484 0.582639 0.011719 0.018056
0 0.560742 0.983333 0.014453 0.022222
0 0.629297 0.983681 0.014063 0.024306
0 0.543359 0.982986 0.014063 0.021528
0 0.578125 0.983333 0.014063 0.022222
0 0.672852 0.065972 0.012891 0.018056
0 0.059961 0.582639 0.011328 0.018056
0 0.033008 0.582639 0.011328 0.018056
0 0.491602 0.982292 0.013672 0.020139
0 0.526172 0.982292 0.014063 0.021528
0 0.508984 0.981944 0.014063 0.020833
0 0.066602 0.060417 0.017578 0.043056
0 0.658789 0.065972 0.009766 0.018056
0 0.595313 0.983681 0.013281 0.021528
0 0.046680 0.203819 0.011328 0.018750
0 0.046484 0.224653 0.011719 0.020139
0 0.049219 0.061111 0.017188 0.045833
0 0.032617 0.204167 0.010547 0.019444
0 0.030859 0.060764 0.016406 0.045139
0 0.060352 0.204167 0.010547 0.018056
0 0.060352 0.224653 0.010547 0.021528
0 0.032617 0.224306 0.010547 0.019444
0 0.863281 0.148264 0.026562 0.021528
0 0.019336 0.582639 0.012109 0.018056
0 0.115625 0.204514 0.011719 0.017361
0 0.046680 0.602431 0.011328 0.020139
0 0.046484 0.184722 0.010937 0.018056
0 0.033203 0.602778 0.010937 0.019444
0 0.115625 0.223611 0.011719 0.018056
0 0.059961 0.602431 0.010547 0.020139
0 0.645312 0.065972 0.010156 0.016667
0 0.607422 0.056250 0.027344 0.041667
0 0.032813 0.184375 0.010156 0.017361
0 0.101562 0.582292 0.011719 0.017361
0 0.060156 0.184722 0.010156 0.018056
0 0.005664 0.582986 0.011328 0.018750
0 0.019141 0.602431 0.010937 0.018750
0 0.011914 0.060417 0.021484 0.045833
0 0.018750 0.224306 0.010937 0.018056
0 0.083008 0.067014 0.012109 0.020139
0 0.019336 0.108681 0.037891 0.021528
0 0.101562 0.204167 0.010937 0.018056
0 0.019141 0.204514 0.011719 0.018750
0 0.087891 0.165972 0.010937 0.018056
0 0.888672 0.148611 0.024219 0.020833
0 0.182422 0.108681 0.013281 0.020139
0 0.005469 0.602431 0.010937 0.018750
0 0.005664 0.204167 0.011328 0.019444
0 0.006055 0.937500 0.012109 0.016667
0 0.019531 0.937153 0.011719 0.015972
0 0.959375 0.108681 0.012500 0.018750
0 0.047461 0.917708 0.012109 0.017361
0 0.115820 0.185069 0.011328 0.018750
0 0.612500 0.984028 0.014063 0.022222
0 0.421875 0.980903 0.088281 0.028472
0 0.633984 0.045833 0.014844 0.016667
0 0.795312 0.059028 0.017969 0.036111
0 0.059766 0.165625 0.010156 0.017361
0 0.197266 0.109375 0.014063 0.020139
0 0.005664 0.185069 0.011328 0.018750
0 0.632227 0.066319 0.011328 0.018750
0 0.116016 0.581597 0.012500 0.017361
0 0.101367 0.602778 0.011328 0.019444
0 0.115430 0.109722 0.013672 0.019444
0 0.059766 0.108681 0.010937 0.018750
0 0.756250 0.067361 0.010156 0.016667
0 0.019531 0.184722 0.010937 0.018056
0 0.156055 0.109028 0.012109 0.019444
0 0.101172 0.109375 0.011719 0.018750
0 0.168359 0.109028 0.010937 0.019444
0 0.020117 0.918056 0.012891 0.018056
0 0.369336 0.981944 0.015234 0.020833
0 0.101172 0.224306 0.010937 0.019444
0 0.813477 0.059722 0.019922 0.038889
0 0.045898 0.108681 0.012891 0.018750
0 0.101562 0.185417 0.010937 0.018056
0 0.032617 0.937847 0.011328 0.014583
0 0.005664 0.024306 0.011328 0.015278
0 0.767578 0.067014 0.009375 0.017361
0 0.177734 0.023958 0.013281 0.017361
0 0.779297 0.047917 0.012500 0.016667
0 0.018945 0.562847 0.012109 0.017361
0 0.756055 0.048264 0.011328 0.017361
0 0.949414 0.024306 0.016016 0.018056
0 0.033008 0.918056 0.011328 0.018056
0 0.141992 0.109375 0.014453 0.018750
0 0.916211 0.148958 0.026953 0.018750
0 0.128516 0.109722 0.010937 0.018056
0 0.932813 0.023958 0.009375 0.017361
0 0.087500 0.562500 0.011719 0.016667
0 0.005664 0.562847 0.011328 0.018750
0 0.743555 0.067708 0.012109 0.017361
0 0.083594 0.046181 0.014844 0.015972
0 0.019336 0.024306 0.011328 0.015278
0 0.258203 0.108333 0.105469 0.022222
0 0.767773 0.047917 0.010547 0.016667
0 0.729492 0.047917 0.013672 0.018056
0 0.743359 0.048264 0.011719 0.017361
0 0.153320 0.896181 0.033984 0.056250
0 0.256445 0.048264 0.012891 0.018750
0 0.074023 0.109375 0.013672 0.020139
0 0.341992 0.046528 0.155078 0.022222
0 0.920117 0.024306 0.012109 0.018056
0 0.005273 0.223611 0.010547 0.018056
0 0.033984 0.023958 0.014063 0.014583
0 0.060742 0.918056 0.011328 0.018056
0 0.059961 0.562847 0.011328 0.015972
0 0.848437 0.064583 0.014063 0.019444
0 0.087305 0.602431 0.012109 0.020139
0 0.871289 0.605903 0.012891 0.017361
0 0.927539 0.980903 0.013672 0.020139
0 0.975195 0.108333 0.014453 0.018056
0 0.730078 0.067014 0.011719 0.017361
0 0.121094 0.023264 0.011719 0.014583
0 0.160742 0.023958 0.016016 0.015972
0 0.318555 0.109722 0.010547 0.016667
0 0.990820 0.107639 0.013672 0.016667
0 0.341602 0.065625 0.156641 0.021528
0 0.833398 0.064931 0.012891 0.018750
0 0.513281 0.046875 0.156250 0.021528
0 0.101758 0.562847 0.012109 0.015972
0 0.105273 0.023264 0.015234 0.014583
0 0.006055 0.918056 0.012109 0.018056
0 0.115430 0.147222 0.009766 0.018056
0 0.088086 0.203819 0.010547 0.018750
0 0.685547 0.065625 0.010937 0.017361
0 0.053125 0.024653 0.018750 0.014583
0 0.866797 0.056944 0.017188 0.037500
0 0.506445 0.065278 0.165234 0.020833
0 0.139453 0.023958 0.021094 0.015972
0 0.032813 0.165625 0.010156 0.017361
0 0.072656 0.023958 0.014063 0.014583
0 0.931641 0.605903 0.012500 0.018750
0 0.032422 0.562500 0.011719 0.016667
0 0.474219 0.982639 0.013281 0.020833
0 0.916406 0.605903 0.013281 0.018750
0 0.046289 0.562500 0.011328 0.016667
0 0.856250 0.606250 0.013281 0.016667
0 0.101758 0.146528 0.010547 0.018056
0 0.074023 0.918056 0.012891 0.018056
0 0.902539 0.605556 0.012891 0.018056
0 0.429492 0.047569 0.011328 0.017361
0 0.073438 0.582639 0.010937 0.018056
0 0.087891 0.917361 0.010937 0.018056
0 0.005469 0.146181 0.010937 0.020139
0 0.073828 0.562847 0.011719 0.017361
0 0.073633 0.185069 0.011328 0.017361
0 0.088672 0.023264 0.011719 0.013194
0 0.256445 0.066319 0.013672 0.017361
0 0.059961 0.146181 0.009766 0.018750
0 0.912500 0.980903 0.013281 0.020139
0 0.087695 0.109028 0.012109 0.019444
0 0.991406 0.007639 0.011719 0.015278
0 0.074023 0.224653 0.011328 0.021528
0 0.074023 0.204167 0.011328 0.018056
0 0.698633 0.065625 0.011328 0.017361
0 0.032617 0.145833 0.011328 0.019444
0 0.046875 0.145833 0.010156 0.019444
