0 0.142695 0.128819 0.037734 0.017361
0 0.167717 0.130208 0.008316 0.015972
0 0.257637 0.066319 0.016836 0.017361
0 0.020273 0.146111 0.013203 0.020000
0 0.075262 0.146618 0.013281 0.018750
0 0.841727 0.046292 0.026172 0.017361
0 0.101699 0.917708 0.014336 0.020139
0 0.961426 0.980903 0.010547 0.020139
0 0.872508 0.626736 0.040703 0.015972
0 0.869875 0.279944 0.036328 0.013194
0 0.980191 0.025972 0.038672 0.020139
0 0.117098 0.166576 0.011719 0.018056
0 0.074393 0.166490 0.014941 0.018743
0 0.088436 0.146972 0.010207 0.014806
0 0.996346 0.587205 0.006520 0.013438
0 0.951537 0.981851 0.006895 0.017465
0 0.105104 0.128302 0.006832 0.008424
0 0.116826 0.918017 0.013410 0.016687
0 0.112531 0.128705 0.004828 0.008910
0 0.119842 0.129069 0.005238 0.011097
0 0.101949 0.165479 0.011758 0.015236
0 0.167633 0.048215 0.152391 0.016569
0 0.342949 0.065115 0.151914 0.018521
0 0.257344 0.047569 0.015469 0.018750
0 0.047119 0.164774 0.009105 0.013424
0 0.924414 0.253458 0.137109 0.013472
0 0.633984 0.047944 0.014844 0.016667
0 0.922266 0.384813 0.140234 0.014583
0 0.169100 0.068625 0.153051 0.019417
0 0.342104 0.048021 0.152824 0.017431
0 0.923047 0.462313 0.147656 0.016667
0 0.921555 0.292969 0.141797 0.011924
0 0.921574 0.226792 0.141797 0.011917
0 0.921324 0.213972 0.141797 0.011917
0 0.921449 0.200708 0.141797 0.011917
0 0.921195 0.188118 0.141797 0.011917
0 0.996076 0.128660 0.005855 0.013014
0 0.988117 0.129635 0.005914 0.012576
0 0.980676 0.128819 0.004695 0.010514
0 0.973055 0.128389 0.006648 0.011167
0 0.921555 0.306569 0.141797 0.011917
0 0.515430 0.047476 0.157031 0.017313
0 0.019949 0.165698 0.011187 0.014521
0 0.005803 0.165837 0.010395 0.014951
0 0.104822 0.545712 0.008246 0.014368
0 0.112703 0.544771 0.004734 0.011611
0 0.119971 0.544771 0.004410 0.010167
0 0.921555 0.319007 0.141797 0.011917
0 0.921117 0.333000 0.141797 0.011917
0 0.921445 0.345632 0.141797 0.011917
0 0.921902 0.412146 0.141797 0.011917
0 0.922156 0.425184 0.141797 0.011924
0 0.921398 0.437778 0.141797 0.011917
0 0.921648 0.448462 0.141797 0.008979
0 0.973236 0.484531 0.006848 0.013299
0 0.981529 0.484910 0.005363 0.014306
0 0.988480 0.484847 0.006562 0.014681
0 0.996594 0.484344 0.006281 0.013674
0 0.973859 0.586531 0.009352 0.013438
0 0.981559 0.587375 0.006047 0.014444
0 0.989447 0.586868 0.006707 0.014778
0 0.507461 0.067687 0.167266 0.020833
0 0.941777 0.980903 0.011680 0.020139
0 0.115789 0.561806 0.011719 0.016667
0 0.115625 0.223611 0.011719 0.018056
0 0.088281 0.185069 0.010937 0.018750
0 0.898242 0.981250 0.011328 0.020833
0 0.088281 0.224306 0.010937 0.020833
0 0.073438 0.602778 0.010937 0.020833
0 0.046875 0.145833 0.010156 0.019444
0 0.711719 0.065625 0.012500 0.017361
0 0.087500 0.582639 0.012500 0.018056
0 0.074023 0.204167 0.011328 0.018056
0 0.698633 0.065625 0.012109 0.017361
0 0.074023 0.224653 0.011328 0.021528
0 0.032617 0.145833 0.011328 0.019444
0 0.842773 0.131597 0.010547 0.014583
0 0.953906 0.006944 0.010156 0.013889
0 0.238281 0.109722 0.013281 0.020833
0 0.991602 0.007639 0.012109 0.015278
0 0.088672 0.022569 0.011719 0.013194
0 0.910742 0.981597 0.013672 0.020139
0 0.073633 0.562847 0.011328 0.015972
0 0.059961 0.146181 0.009766 0.018750
0 0.073828 0.184722 0.011719 0.018056
0 0.088086 0.917361 0.011328 0.018056
0 0.982227 0.980903 0.026172 0.022917
0 0.971484 0.007292 0.012500 0.014583
0 0.073438 0.582639 0.010937 0.018056
0 0.429492 0.047569 0.011328 0.017361
0 0.099805 0.109722 0.012891 0.019444
0 0.005469 0.146181 0.010937 0.020139
0 0.922656 0.370486 0.139844 0.015972
0 0.073828 0.918056 0.012500 0.018056
0 0.101562 0.146528 0.010937 0.018056
0 0.086133 0.109722 0.012109 0.019444
0 0.685352 0.065972 0.010547 0.018056
0 0.046289 0.562500 0.011328 0.016667
0 0.867188 0.240625 0.033594 0.011806
0 0.224219 0.109375 0.012500 0.020139
0 0.072461 0.023611 0.013672 0.013889
0 0.474219 0.982292 0.013281 0.021528
0 0.052930 0.023611 0.018359 0.013889
0 0.139648 0.022917 0.020703 0.015278
0 0.032422 0.562500 0.011719 0.016667
0 0.921484 0.398958 0.141406 0.014583
0 0.032813 0.165625 0.010156 0.017361
0 0.115430 0.147222 0.010547 0.018056
0 0.088086 0.203819 0.010547 0.018750
0 0.833594 0.065278 0.013281 0.019444
0 0.006055 0.918056 0.012109 0.018056
0 0.866992 0.057639 0.017578 0.038889
0 0.101758 0.562847 0.012109 0.015972
0 0.856250 0.606250 0.013281 0.018056
0 0.729883 0.067014 0.012109 0.017361
0 0.121094 0.022917 0.011719 0.013889
0 0.105469 0.022569 0.015625 0.014583
0 0.034375 0.023611 0.014063 0.013889
0 0.931836 0.606250 0.012109 0.018056
0 0.160742 0.022917 0.016016 0.015278
0 0.886328 0.605556 0.013281 0.018056
0 0.087305 0.602431 0.012109 0.020139
0 0.059961 0.562847 0.011328 0.015972
0 0.060742 0.918056 0.011328 0.018056
0 0.986328 0.060417 0.020313 0.048611
0 0.848242 0.064931 0.014453 0.020139
0 0.902539 0.605903 0.012891 0.018750
0 0.767773 0.047917 0.010547 0.016667
0 0.005273 0.223611 0.010547 0.018056
0 0.743359 0.048264 0.011719 0.017361
0 0.916406 0.605903 0.013281 0.018750
0 0.153320 0.896528 0.033984 0.056944
0 0.019922 0.023611 0.010937 0.015278
0 0.743555 0.067708 0.012109 0.017361
0 0.083594 0.046181 0.014844 0.015972
0 0.729492 0.047917 0.013672 0.018056
0 0.005859 0.562847 0.011719 0.018750
0 0.975000 0.107986 0.014063 0.017361
0 0.087305 0.562500 0.012109 0.016667
0 0.990820 0.107639 0.013672 0.016667
0 0.767578 0.067014 0.009375 0.017361
0 0.177734 0.023611 0.013281 0.016667
0 0.920117 0.024653 0.012109 0.018750
0 0.927539 0.981250 0.013672 0.019444
0 0.700781 0.046875 0.026562 0.017361
0 0.756055 0.048264 0.011328 0.017361
0 0.358594 0.110069 0.011719 0.017361
0 0.779297 0.047917 0.012500 0.016667
0 0.298242 0.108333 0.106641 0.022222
0 0.045508 0.109375 0.012109 0.018750
0 0.019141 0.563194 0.011719 0.018056
0 0.006055 0.023264 0.011328 0.014583
0 0.210742 0.109375 0.012109 0.020139
0 0.059180 0.109375 0.011328 0.018750
0 0.033008 0.918056 0.011328 0.018056
0 0.949609 0.024306 0.016406 0.018056
0 0.756250 0.067708 0.010156 0.017361
0 0.932617 0.024306 0.009766 0.018056
0 0.072852 0.109722 0.012109 0.019444
0 0.369336 0.981944 0.016016 0.020833
0 0.033008 0.938194 0.011328 0.015278
0 0.101562 0.185069 0.010937 0.018750
0 0.020117 0.918056 0.012891 0.018056
0 0.813477 0.060069 0.019922 0.039583
0 0.116016 0.581597 0.012500 0.017361
0 0.101367 0.603125 0.011328 0.020139
0 0.019531 0.184722 0.010937 0.018056
0 0.632227 0.066319 0.011328 0.018750
0 0.871289 0.606250 0.012891 0.018056
0 0.101172 0.224306 0.010937 0.019444
0 0.183789 0.109028 0.011328 0.020833
0 0.005664 0.185069 0.011328 0.018750
0 0.169727 0.109028 0.013672 0.020833
0 0.196875 0.109028 0.012500 0.020833
0 0.664648 0.047222 0.045703 0.019444
0 0.421875 0.980903 0.088281 0.028472
0 0.059961 0.165625 0.010547 0.017361
0 0.795312 0.059722 0.017969 0.037500
0 0.612500 0.984028 0.014063 0.022222
0 0.047461 0.917708 0.012109 0.017361
0 0.005664 0.602431 0.011328 0.018750
0 0.006055 0.937500 0.012109 0.016667
0 0.019531 0.937153 0.011719 0.015972
0 0.019336 0.108681 0.037891 0.021528
0 0.005664 0.204167 0.011328 0.019444
0 0.113867 0.109375 0.012891 0.018750
0 0.115820 0.185069 0.011328 0.018750
0 0.645312 0.065972 0.010156 0.016667
0 0.087891 0.165972 0.010937 0.018056
0 0.005859 0.582986 0.011719 0.018750
0 0.019141 0.602431 0.010937 0.018750
0 0.019141 0.204514 0.011719 0.018750
0 0.011914 0.060069 0.021484 0.046528
0 0.060352 0.184722 0.010547 0.018056
0 0.018750 0.224306 0.010937 0.018056
0 0.101562 0.581944 0.011719 0.018056
0 0.083008 0.067014 0.012109 0.020139
0 0.101562 0.204167 0.010937 0.018056
0 0.059961 0.602431 0.010547 0.020139
0 0.032813 0.184375 0.010156 0.017361
0 0.607422 0.056597 0.027344 0.042361
0 0.019531 0.582639 0.011719 0.018056
0 0.127344 0.109028 0.012500 0.018056
0 0.033203 0.602778 0.010937 0.019444
0 0.959375 0.108681 0.012500 0.018750
0 0.658789 0.066319 0.009766 0.017361
0 0.142383 0.109028 0.014453 0.019444
0 0.046680 0.602431 0.011328 0.020139
0 0.115625 0.204861 0.011719 0.018056
0 0.046484 0.184722 0.010937 0.018056
0 0.156445 0.109028 0.011328 0.019444
0 0.032617 0.224653 0.010547 0.020139
0 0.060352 0.224653 0.010547 0.021528
0 0.060352 0.204167 0.010547 0.018056
0 0.032617 0.204167 0.010547 0.019444
0 0.031055 0.060764 0.016016 0.045139
0 0.046484 0.224653 0.011719 0.020139
0 0.049219 0.061111 0.017188 0.045833
0 0.672656 0.066319 0.011719 0.017361
0 0.916016 0.149306 0.026562 0.019444
0 0.888867 0.148958 0.024609 0.021528
0 0.595313 0.983681 0.013281 0.021528
0 0.046680 0.203819 0.011328 0.018750
0 0.508984 0.981944 0.014063 0.020833
0 0.066602 0.060764 0.017578 0.043750
0 0.526172 0.982292 0.014063 0.021528
0 0.033203 0.582639 0.011719 0.018056
0 0.491602 0.982292 0.013672 0.020139
0 0.863086 0.148611 0.026172 0.022222
0 0.059961 0.582639 0.011328 0.018056
0 0.543359 0.982986 0.014063 0.021528
0 0.578125 0.983333 0.014063 0.022222
0 0.046484 0.582639 0.011719 0.018056
0 0.629297 0.983681 0.014063 0.024306
0 0.560742 0.983333 0.014453 0.022222
