0 0.019801 0.165111 0.010867 0.014931
0 0.005773 0.165365 0.011547 0.017937
0 0.047217 0.166240 0.010230 0.014424
0 0.101604 0.165951 0.010543 0.014903
0 0.074902 0.166795 0.014180 0.018840
0 0.087217 0.146556 0.008699 0.015556
0 0.119516 0.128694 0.006000 0.011542
0 0.112387 0.128882 0.006000 0.011417
0 0.105367 0.128378 0.006352 0.012424
0 0.119240 0.545687 0.007551 0.011681
0 0.112324 0.544802 0.004727 0.012174
0 0.104879 0.544361 0.007195 0.014556
0 0.951877 0.981472 0.007551 0.017444
0 0.996057 0.585087 0.007215 0.009910
0 0.988295 0.585767 0.006121 0.011660
0 0.981244 0.586642 0.005793 0.011076
0 0.973482 0.586156 0.007543 0.013215
0 0.996336 0.482833 0.007211 0.015514
0 0.988053 0.483736 0.006574 0.014611
0 0.981160 0.482049 0.005945 0.013944
0 0.973508 0.483174 0.008852 0.013042
0 0.995893 0.128059 0.005715 0.013646
0 0.988586 0.128205 0.007430 0.012479
0 0.981318 0.128274 0.006121 0.012049
0 0.972623 0.128059 0.009637 0.014229
0 0.924693 0.462090 0.150613 0.018750
0 0.872695 0.626736 0.046797 0.015972
0 0.960977 0.980854 0.010547 0.020833
0 0.343008 0.047264 0.155078 0.020139
0 0.700102 0.046549 0.025125 0.018056
0 0.342943 0.064931 0.153254 0.020139
0 0.514340 0.047184 0.157422 0.016868
0 0.991957 0.108764 0.013672 0.016667
0 0.143566 0.128986 0.037969 0.017361
0 0.115750 0.562500 0.011719 0.016667
0 0.980027 0.024465 0.036445 0.020139
0 0.664766 0.046875 0.045156 0.018750
0 0.634078 0.047174 0.014844 0.016667
0 0.941836 0.980903 0.011797 0.020139
0 0.167074 0.130208 0.008117 0.015972
0 0.020568 0.146583 0.011684 0.019444
0 0.982902 0.981250 0.026172 0.023611
0 0.972328 0.006872 0.011328 0.013743
0 0.595313 0.983681 0.013281 0.021528
0 0.046680 0.203819 0.011328 0.018750
0 0.508984 0.981944 0.014063 0.020833
0 0.658789 0.065972 0.009766 0.018056
0 0.525977 0.982292 0.013672 0.021528
0 0.491602 0.982292 0.013672 0.020139
0 0.066406 0.060764 0.017969 0.043750
0 0.033203 0.582639 0.011719 0.018056
0 0.672852 0.065972 0.012891 0.018056
0 0.543359 0.982986 0.014063 0.021528
0 0.578125 0.983333 0.014063 0.022222
0 0.059961 0.582639 0.011328 0.018056
0 0.560742 0.983333 0.014453 0.022222
0 0.629297 0.983681 0.014063 0.024306
0 0.046484 0.582639 0.011719 0.018056
0 0.059961 0.146181 0.009766 0.018750
0 0.073828 0.184722 0.011719 0.018056
0 0.088672 0.022569 0.011719 0.013194
0 0.087891 0.917361 0.010937 0.018056
0 0.760547 0.675694 0.050000 0.031944
0 0.074609 0.146181 0.013281 0.018750
0 0.256250 0.066319 0.014063 0.017361
0 0.073438 0.582639 0.010937 0.018056
0 0.695117 0.738194 0.051172 0.030556
0 0.429492 0.047917 0.011328 0.018056
0 0.073828 0.917708 0.012500 0.018750
0 0.886328 0.605556 0.013281 0.018056
0 0.902539 0.605556 0.012891 0.018056
0 0.005469 0.146181 0.010937 0.020139
0 0.711523 0.065625 0.012109 0.017361
0 0.778125 0.065278 0.012500 0.019444
0 0.475195 0.985069 0.012891 0.020139
0 0.088086 0.185069 0.011328 0.018750
0 0.898438 0.981597 0.011719 0.021528
0 0.104688 0.917708 0.020313 0.020139
0 0.046484 0.938542 0.010937 0.014583
0 0.088281 0.224306 0.010937 0.020833
0 0.765039 0.738194 0.050391 0.030556
0 0.843164 0.131250 0.009766 0.013889
0 0.073438 0.602778 0.010937 0.020833
0 0.954492 0.006944 0.009766 0.013889
0 0.046680 0.145833 0.010547 0.019444
0 0.888867 0.605556 0.012109 0.018056
0 0.087500 0.582639 0.012500 0.018056
0 0.074023 0.204167 0.011328 0.018056
0 0.032617 0.145833 0.011328 0.019444
0 0.698633 0.065625 0.011328 0.017361
0 0.074023 0.224653 0.011328 0.021528
0 0.238281 0.109375 0.013281 0.021528
0 0.991406 0.007639 0.011719 0.015278
0 0.842969 0.046875 0.025781 0.017361
0 0.073633 0.563194 0.011328 0.016667
0 0.856250 0.606597 0.013281 0.017361
0 0.699023 0.676042 0.049609 0.029861
0 0.224219 0.109375 0.012500 0.020139
0 0.101562 0.146528 0.010937 0.018056
0 0.046289 0.562500 0.011328 0.016667
0 0.916406 0.605903 0.013281 0.018750
0 0.072461 0.023611 0.013672 0.013889
0 0.474219 0.982292 0.013281 0.021528
0 0.931641 0.605903 0.012500 0.018750
0 0.053125 0.023958 0.018750 0.014583
0 0.032422 0.562500 0.011719 0.016667
0 0.139648 0.022917 0.020703 0.015278
0 0.032813 0.165625 0.010156 0.017361
0 0.506445 0.065278 0.165234 0.020833
0 0.866797 0.056944 0.017188 0.037500
0 0.685547 0.065972 0.010937 0.018056
0 0.088086 0.203472 0.010547 0.018056
0 0.085938 0.109722 0.011719 0.019444
0 0.115625 0.147222 0.010156 0.018056
0 0.101758 0.562847 0.012109 0.015972
0 0.836914 0.046181 0.021484 0.015972
0 0.006055 0.918056 0.012109 0.018056
0 0.833398 0.065278 0.012891 0.019444
0 0.105469 0.022569 0.015625 0.014583
0 0.034375 0.023611 0.014063 0.013889
0 0.121094 0.022569 0.011719 0.014583
0 0.167969 0.048264 0.155469 0.021528
0 0.160742 0.022917 0.016016 0.015278
0 0.871289 0.605903 0.012891 0.017361
0 0.927539 0.980903 0.013672 0.020139
0 0.087305 0.602431 0.012109 0.020139
0 0.975195 0.108333 0.014453 0.018056
0 0.986523 0.059722 0.019141 0.047222
0 0.099805 0.109722 0.013672 0.019444
0 0.912500 0.981250 0.013281 0.020833
0 0.059961 0.562847 0.011328 0.015972
0 0.848437 0.064583 0.014063 0.019444
0 0.060742 0.918056 0.011328 0.018056
0 0.168555 0.064236 0.156641 0.021528
0 0.920117 0.023958 0.012109 0.018750
0 0.767773 0.047917 0.010547 0.016667
0 0.729492 0.067361 0.011328 0.016667
0 0.005273 0.223611 0.010547 0.018056
0 0.019922 0.023611 0.010937 0.015278
0 0.115039 0.165972 0.011328 0.018056
0 0.153711 0.896181 0.034766 0.057639
0 0.256250 0.047569 0.013281 0.018750
0 0.083594 0.046181 0.014844 0.015972
0 0.005859 0.562847 0.011719 0.018750
0 0.932617 0.023958 0.009766 0.017361
0 0.087305 0.562500 0.012109 0.016667
0 0.177734 0.023611 0.013281 0.016667
0 0.210742 0.109375 0.012109 0.020139
0 0.734766 0.047569 0.026562 0.020139
0 0.949414 0.024306 0.016016 0.018056
0 0.006055 0.023264 0.011328 0.014583
0 0.298242 0.107986 0.106641 0.022917
0 0.358594 0.110069 0.011719 0.017361
0 0.045508 0.109375 0.012109 0.018750
0 0.019336 0.563194 0.011328 0.018056
0 0.916211 0.149306 0.026953 0.019444
0 0.755273 0.047917 0.012109 0.018056
0 0.779297 0.047917 0.012500 0.016667
0 0.033008 0.918056 0.011328 0.018056
0 0.743164 0.067708 0.012109 0.017361
0 0.073047 0.109375 0.011719 0.018750
0 0.813477 0.059722 0.019922 0.038889
0 0.101562 0.185069 0.010937 0.018750
0 0.059180 0.109375 0.011328 0.018750
0 0.033008 0.938194 0.011328 0.015278
0 0.197070 0.109375 0.012109 0.020139
0 0.183789 0.109375 0.011328 0.020139
0 0.019531 0.184722 0.010937 0.018056
0 0.020117 0.918056 0.012891 0.018056
0 0.756055 0.067708 0.009766 0.017361
0 0.101367 0.603125 0.011328 0.020139
0 0.101172 0.224306 0.010937 0.019444
0 0.169727 0.109028 0.013672 0.020833
0 0.767383 0.066667 0.009766 0.016667
0 0.632227 0.066319 0.011328 0.018750
0 0.005664 0.185069 0.011328 0.018750
0 0.369336 0.981944 0.016016 0.022222
0 0.795312 0.059028 0.017969 0.036111
0 0.116016 0.581597 0.012500 0.017361
0 0.059961 0.165625 0.010547 0.017361
0 0.421680 0.980556 0.088672 0.029167
0 0.047461 0.917708 0.012109 0.017361
0 0.006055 0.937500 0.012109 0.016667
0 0.114258 0.109375 0.012891 0.018750
0 0.959375 0.108681 0.012500 0.018750
0 0.005664 0.602431 0.011328 0.018750
0 0.019531 0.937153 0.011719 0.015972
0 0.612500 0.984028 0.014063 0.022222
0 0.019336 0.108681 0.037891 0.021528
0 0.005664 0.204167 0.011328 0.019444
0 0.115820 0.185069 0.011328 0.018750
0 0.888672 0.148611 0.024219 0.020833
0 0.087891 0.165972 0.010937 0.018056
0 0.019141 0.204514 0.011719 0.018750
0 0.060352 0.184722 0.010547 0.018056
0 0.019141 0.602431 0.010937 0.018750
0 0.011914 0.060069 0.021484 0.046528
0 0.101562 0.204514 0.010937 0.018750
0 0.005859 0.582986 0.011719 0.018750
0 0.018750 0.224306 0.010937 0.018056
0 0.083008 0.067014 0.012109 0.020139
0 0.127344 0.109028 0.012500 0.018056
0 0.645312 0.065972 0.010156 0.016667
0 0.607422 0.056250 0.027344 0.041667
0 0.032813 0.184375 0.010156 0.017361
0 0.059961 0.602778 0.010547 0.020833
0 0.101562 0.582292 0.011719 0.017361
0 0.142383 0.108681 0.014453 0.018750
0 0.115625 0.223611 0.011719 0.018056
0 0.156445 0.109028 0.011328 0.019444
0 0.033203 0.602778 0.010937 0.019444
0 0.019531 0.582639 0.011719 0.018056
0 0.046484 0.184722 0.010937 0.018056
0 0.046680 0.602431 0.011328 0.020139
0 0.115625 0.204861 0.011719 0.018056
0 0.863281 0.148264 0.026562 0.021528
0 0.032617 0.224653 0.010547 0.020139
0 0.060352 0.204167 0.010547 0.018056
0 0.060352 0.224653 0.010547 0.021528
0 0.032617 0.204167 0.010547 0.019444
0 0.030859 0.060764 0.016406 0.045139
0 0.046484 0.224653 0.011719 0.020139
0 0.049219 0.061111 0.017188 0.045833
