0 0.866992 0.057639 0.017578 0.038889
0 0.083594 0.046181 0.014844 0.015972
0 0.975000 0.107986 0.014063 0.017361
0 0.019336 0.024306 0.011328 0.015278
0 0.927539 0.981250 0.013672 0.019444
0 0.005664 0.562847 0.011328 0.018750
0 0.920117 0.024653 0.012109 0.018750
0 0.177539 0.024306 0.013672 0.016667
0 0.767578 0.067014 0.009375 0.017361
0 0.087305 0.562500 0.012109 0.016667
0 0.756055 0.048264 0.011328 0.017361
0 0.045312 0.109028 0.011719 0.019444
0 0.779297 0.047917 0.012500 0.016667
0 0.033008 0.918056 0.011328 0.018056
0 0.018945 0.562847 0.012109 0.017361
0 0.086328 0.109028 0.012500 0.020833
0 0.949609 0.024306 0.016406 0.018056
0 0.932617 0.024306 0.009766 0.018056
0 0.005664 0.024306 0.011328 0.015278
0 0.033203 0.937847 0.010937 0.014583
0 0.756250 0.067708 0.010156 0.017361
0 0.073047 0.108681 0.011719 0.020139
0 0.020117 0.918056 0.012891 0.018056
0 0.813477 0.060069 0.019922 0.039583
0 0.116016 0.581597 0.012500 0.017361
0 0.101172 0.224306 0.010937 0.019444
0 0.156445 0.108681 0.012891 0.018750
0 0.101562 0.185417 0.010937 0.018056
0 0.019336 0.184722 0.011328 0.018056
0 0.369336 0.981944 0.016016 0.020833
0 0.632227 0.066319 0.011328 0.018750
0 0.101367 0.603125 0.011328 0.020139
0 0.871289 0.605903 0.012891 0.017361
0 0.005664 0.185069 0.011328 0.018750
0 0.142969 0.108333 0.013281 0.018056
0 0.633984 0.045833 0.014844 0.016667
0 0.047461 0.917708 0.012109 0.017361
0 0.059961 0.165625 0.010547 0.017361
0 0.795312 0.059375 0.017969 0.036806
0 0.058984 0.108681 0.012500 0.020139
0 0.019922 0.937153 0.012500 0.015972
0 0.421875 0.980556 0.088281 0.027778
0 0.006055 0.937500 0.012109 0.016667
0 0.116211 0.108681 0.012109 0.018750
0 0.005664 0.602431 0.011328 0.018750
0 0.612500 0.984028 0.014063 0.022222
0 0.005664 0.204167 0.011328 0.019444
0 0.129102 0.108333 0.010547 0.018056
0 0.101367 0.108681 0.014453 0.020139
0 0.115820 0.185069 0.011328 0.018750
0 0.019336 0.108681 0.037891 0.021528
0 0.087891 0.165972 0.010937 0.018056
0 0.005664 0.582986 0.011328 0.018750
0 0.019141 0.602431 0.010937 0.018750
0 0.019141 0.204514 0.011719 0.018750
0 0.011914 0.060417 0.021484 0.045833
0 0.018750 0.224306 0.010937 0.018056
0 0.101562 0.581944 0.011719 0.018056
0 0.101562 0.204167 0.010937 0.018056
0 0.645312 0.065972 0.010156 0.016667
0 0.060156 0.602778 0.010937 0.020833
0 0.607422 0.056250 0.027344 0.041667
0 0.032813 0.184375 0.010156 0.017361
0 0.083203 0.067361 0.012500 0.020833
0 0.916016 0.149306 0.026562 0.019444
0 0.116016 0.223611 0.011719 0.018056
0 0.060156 0.184722 0.010156 0.018056
0 0.959375 0.108681 0.012500 0.018750
0 0.033203 0.602778 0.010937 0.019444
0 0.019336 0.582639 0.012109 0.018056
0 0.046680 0.602431 0.011328 0.020139
0 0.046484 0.184722 0.010937 0.018056
0 0.115625 0.204861 0.011719 0.018056
0 0.032617 0.224306 0.010547 0.019444
0 0.888672 0.148958 0.024219 0.021528
0 0.031055 0.060764 0.016016 0.045139
0 0.060352 0.224653 0.010547 0.021528
0 0.032617 0.204167 0.010547 0.019444
0 0.060352 0.203819 0.010547 0.018750
0 0.049219 0.061111 0.017188 0.045833
0 0.046484 0.224653 0.011719 0.020139
0 0.595117 0.983681 0.013672 0.021528
0 0.046680 0.203819 0.011328 0.018750
0 0.658789 0.065972 0.009766 0.018056
0 0.508984 0.981944 0.014063 0.020833
0 0.066602 0.060764 0.017578 0.043750
0 0.060352 0.582639 0.012109 0.018056
0 0.526172 0.982292 0.014063 0.021528
0 0.033203 0.582639 0.011719 0.018056
0 0.491602 0.982292 0.013672 0.020139
0 0.863086 0.148611 0.026172 0.022222
0 0.672852 0.065972 0.012891 0.018056
0 0.543359 0.982986 0.014063 0.021528
0 0.577930 0.983333 0.014453 0.022222
0 0.560742 0.983333 0.014453 0.022222
0 0.629297 0.983681 0.014063 0.024306
0 0.046484 0.582639 0.011719 0.018056
0 0.729492 0.047917 0.013672 0.018056
0 0.916406 0.605903 0.013281 0.018750
0 0.005273 0.223611 0.010547 0.018056
0 0.743359 0.048264 0.011719 0.017361
0 0.767773 0.047917 0.010547 0.016667
0 0.902539 0.605903 0.012891 0.018750
0 0.033984 0.024306 0.014063 0.015278
0 0.886523 0.605556 0.012891 0.018056
0 0.986328 0.059722 0.019531 0.047222
0 0.060742 0.918056 0.011328 0.018056
0 0.848242 0.064931 0.014453 0.020139
0 0.087305 0.602431 0.012109 0.020139
0 0.059961 0.562500 0.011328 0.016667
0 0.856445 0.606250 0.012891 0.018056
0 0.121094 0.023264 0.011719 0.014583
0 0.115625 0.147222 0.010156 0.018056
0 0.729883 0.067014 0.012109 0.017361
0 0.101758 0.562847 0.012109 0.015972
0 0.931836 0.606250 0.012109 0.018056
0 0.160742 0.023958 0.016016 0.015972
0 0.105078 0.023264 0.015625 0.014583
0 0.833398 0.065278 0.012891 0.019444
0 0.088086 0.203819 0.010547 0.018750
0 0.685742 0.065625 0.010547 0.017361
0 0.006055 0.918056 0.012109 0.018056
0 0.053125 0.024653 0.018750 0.014583
0 0.922070 0.306250 0.141797 0.015278
0 0.032813 0.165625 0.010156 0.017361
0 0.139453 0.023958 0.021094 0.015972
0 0.285547 0.109375 0.010937 0.018750
0 0.072656 0.023958 0.014063 0.014583
0 0.474219 0.982639 0.013281 0.020833
0 0.032422 0.562500 0.011719 0.016667
0 0.101562 0.146528 0.010937 0.018056
0 0.046289 0.562500 0.011328 0.016667
0 0.073828 0.918056 0.012500 0.018056
0 0.429492 0.047569 0.011328 0.017361
0 0.005469 0.146181 0.010937 0.020139
0 0.088086 0.917361 0.011328 0.018056
0 0.971289 0.007292 0.012109 0.014583
0 0.982227 0.980903 0.026172 0.022917
0 0.073828 0.184722 0.011719 0.018056
0 0.059766 0.146181 0.010156 0.018750
0 0.912500 0.981250 0.013281 0.019444
0 0.088672 0.023264 0.011719 0.013194
0 0.073633 0.562847 0.011328 0.015972
0 0.991602 0.007639 0.012109 0.015278
0 0.954102 0.006944 0.010547 0.013889
0 0.842969 0.131597 0.010156 0.014583
0 0.074023 0.224653 0.011328 0.021528
0 0.087500 0.582639 0.012500 0.018056
0 0.074023 0.204167 0.011328 0.018056
0 0.698633 0.065625 0.011328 0.017361
0 0.032617 0.145833 0.011328 0.019444
0 0.073438 0.582639 0.010937 0.018056
0 0.046680 0.145833 0.010547 0.019444
0 0.073438 0.602778 0.010937 0.020833
0 0.711523 0.065625 0.012109 0.017361
0 0.088281 0.224306 0.010937 0.020833
0 0.898047 0.981250 0.010937 0.020833
0 0.088086 0.185417 0.011328 0.018056
0 0.475195 0.985069 0.012891 0.020139
0 0.743555 0.067708 0.012109 0.017361
0 0.168955 0.049340 0.152090 0.016597
0 0.973650 0.128799 0.006668 0.010278
0 0.981307 0.129493 0.006355 0.012778
0 0.988729 0.127965 0.005574 0.010278
0 0.996541 0.129399 0.006199 0.011854
0 0.921324 0.187812 0.141797 0.011917
0 0.921539 0.214882 0.141797 0.011917
0 0.921539 0.226597 0.141797 0.011917
0 0.921430 0.239840 0.141797 0.011917
0 0.921324 0.252514 0.141797 0.011917
0 0.921445 0.279826 0.141797 0.011917
0 0.921945 0.292049 0.141797 0.011917
0 0.922184 0.332986 0.141797 0.011917
0 0.921473 0.359639 0.141797 0.011917
0 0.921473 0.371979 0.141797 0.011917
0 0.876154 0.385677 0.041043 0.012868
0 0.921719 0.425420 0.141797 0.011924
0 0.921344 0.438528 0.141797 0.011917
0 0.921219 0.449740 0.141797 0.008576
0 0.924910 0.462524 0.150180 0.015465
0 0.973492 0.483313 0.007742 0.011778
0 0.980777 0.483559 0.004602 0.012021
0 0.988414 0.483063 0.006484 0.014750
0 0.972826 0.585667 0.008426 0.010556
0 0.981523 0.586052 0.005063 0.011465
0 0.988572 0.586000 0.005902 0.011569
0 0.996135 0.586375 0.006691 0.010819
0 0.951322 0.980812 0.008074 0.017778
0 0.104994 0.544990 0.008738 0.011354
0 0.112887 0.545740 0.007172 0.010715
0 0.120148 0.545420 0.006508 0.009646
0 0.105053 0.128816 0.007918 0.011201
0 0.112605 0.128538 0.005312 0.011757
0 0.119896 0.128260 0.006145 0.011201
0 0.087611 0.145889 0.009582 0.015208
0 0.101322 0.165979 0.011449 0.015750
0 0.075195 0.166986 0.012969 0.018458
0 0.047271 0.165358 0.010246 0.018354
0 0.020527 0.165142 0.011297 0.015924
0 0.005764 0.165861 0.009520 0.013625
0 0.992160 0.108826 0.015680 0.016667
0 0.153125 0.896181 0.033984 0.057639
0 0.116309 0.166354 0.013086 0.018819
0 0.341443 0.047434 0.152738 0.016812
0 0.700883 0.047222 0.026172 0.018056
0 0.513529 0.047552 0.152082 0.016493
0 0.342861 0.066729 0.154043 0.020292
0 0.169252 0.067792 0.154465 0.017333
0 0.167598 0.129847 0.008008 0.017361
0 0.506898 0.068965 0.165625 0.020833
0 0.116695 0.562660 0.011328 0.016667
0 0.941445 0.980903 0.011016 0.020139
0 0.879840 0.320563 0.057938 0.011167
0 0.868070 0.345243 0.031250 0.010903
0 0.921441 0.266167 0.142969 0.013889
0 0.075238 0.147299 0.013281 0.018750
0 0.221848 0.108285 0.113555 0.021528
0 0.981055 0.024653 0.037891 0.018750
0 0.020949 0.146410 0.011328 0.019444
0 0.257676 0.066667 0.016133 0.018056
0 0.840664 0.046875 0.030391 0.017361
0 0.101289 0.917361 0.013516 0.019444
0 0.996273 0.482986 0.007453 0.015972
0 0.116109 0.917549 0.014844 0.020833
0 0.961945 0.980903 0.010156 0.020139
0 0.871191 0.626736 0.044414 0.015972
0 0.664863 0.046875 0.045352 0.018750
0 0.143574 0.129076 0.038711 0.017361
0 0.257344 0.047917 0.015469 0.019444
