0 0.005664 0.602431 0.011328 0.018750
0 0.795312 0.059375 0.017969 0.036806
0 0.047461 0.917708 0.012109 0.017361
0 0.059961 0.165625 0.010547 0.017361
0 0.633984 0.045486 0.014844 0.015972
0 0.169727 0.109028 0.013672 0.020833
0 0.196875 0.109028 0.012500 0.020833
0 0.612500 0.984028 0.014063 0.022222
0 0.183789 0.109028 0.011328 0.020833
0 0.664648 0.046875 0.045703 0.018750
0 0.005664 0.185069 0.011328 0.018750
0 0.871289 0.605903 0.012891 0.017361
0 0.101172 0.224306 0.010937 0.019444
0 0.369336 0.981944 0.016016 0.020833
0 0.632227 0.066319 0.011328 0.018750
0 0.101367 0.602778 0.011328 0.019444
0 0.019531 0.184722 0.010937 0.018056
0 0.813477 0.060069 0.019922 0.039583
0 0.101562 0.185069 0.010937 0.018750
0 0.116016 0.581597 0.012500 0.017361
0 0.032813 0.938194 0.010937 0.015278
0 0.756250 0.067708 0.010156 0.017361
0 0.072852 0.109722 0.012109 0.019444
0 0.020117 0.918056 0.012891 0.018056
0 0.932617 0.024306 0.009766 0.018056
0 0.949609 0.024306 0.016406 0.018056
0 0.059180 0.109375 0.011328 0.018750
0 0.210742 0.109375 0.012109 0.020139
0 0.033008 0.918056 0.011328 0.018056
0 0.045508 0.109375 0.012109 0.018750
0 0.006055 0.023611 0.011328 0.013889
0 0.019141 0.562847 0.011719 0.017361
0 0.006055 0.918056 0.012109 0.018056
0 0.779297 0.047917 0.012500 0.016667
0 0.032813 0.165625 0.010156 0.017361
0 0.139648 0.022917 0.020703 0.015278
0 0.053125 0.023611 0.018750 0.013889
0 0.032422 0.562500 0.011719 0.016667
0 0.474219 0.982639 0.013281 0.020833
0 0.072461 0.023264 0.013672 0.013194
0 0.867383 0.240625 0.033203 0.011806
0 0.685352 0.065972 0.010547 0.018056
0 0.224219 0.109375 0.012500 0.020139
0 0.086133 0.109722 0.012109 0.019444
0 0.101562 0.146528 0.010937 0.018056
0 0.046289 0.562500 0.011328 0.016667
0 0.074023 0.917708 0.012891 0.017361
0 0.005469 0.146181 0.010937 0.020139
0 0.429492 0.047569 0.011328 0.017361
0 0.099805 0.109722 0.012891 0.019444
0 0.088086 0.917361 0.011328 0.018056
0 0.019336 0.145833 0.011328 0.019444
0 0.073438 0.582639 0.010937 0.018056
0 0.115430 0.147222 0.010547 0.018056
0 0.088086 0.203819 0.010547 0.018750
0 0.833398 0.065278 0.012891 0.019444
0 0.866992 0.057639 0.017578 0.038889
0 0.105469 0.022917 0.015625 0.013889
0 0.101758 0.562847 0.012109 0.015972
0 0.034375 0.023611 0.014063 0.013889
0 0.729883 0.067014 0.012109 0.017361
0 0.121094 0.022917 0.011719 0.013889
0 0.931836 0.606250 0.012109 0.018056
0 0.856250 0.606250 0.013281 0.018056
0 0.060742 0.918056 0.011328 0.018056
0 0.756055 0.048264 0.011328 0.017361
0 0.700781 0.046875 0.026562 0.017361
0 0.920117 0.024653 0.012109 0.018750
0 0.767578 0.067014 0.009375 0.017361
0 0.177734 0.023611 0.013281 0.016667
0 0.927539 0.981250 0.013672 0.019444
0 0.087305 0.562500 0.012109 0.016667
0 0.358594 0.110069 0.011719 0.017361
0 0.005859 0.562847 0.011719 0.018750
0 0.975000 0.107986 0.014063 0.017361
0 0.743555 0.067708 0.012109 0.017361
0 0.729492 0.047917 0.013672 0.018056
0 0.005273 0.223611 0.010547 0.018056
0 0.083594 0.046181 0.014844 0.015972
0 0.916406 0.605903 0.013281 0.018750
0 0.743359 0.048264 0.011719 0.017361
0 0.019922 0.023611 0.010937 0.015278
0 0.767773 0.047917 0.010547 0.016667
0 0.902539 0.605903 0.012891 0.018750
0 0.848242 0.064931 0.014453 0.020139
0 0.986328 0.059722 0.019531 0.047222
0 0.886328 0.605556 0.013281 0.018056
0 0.087305 0.602431 0.012109 0.020139
0 0.059961 0.562847 0.011328 0.015972
0 0.160742 0.022917 0.016016 0.015278
0 0.971289 0.007292 0.012109 0.014583
0 0.073828 0.184722 0.011719 0.018056
0 0.059961 0.146181 0.009766 0.018750
0 0.073633 0.562847 0.011328 0.015972
0 0.088672 0.022917 0.011719 0.012500
0 0.991602 0.007639 0.012109 0.015278
0 0.954102 0.006944 0.009766 0.013889
0 0.238281 0.109722 0.013281 0.020833
0 0.842969 0.131597 0.010156 0.014583
0 0.074023 0.204167 0.011328 0.018056
0 0.074023 0.224653 0.011328 0.021528
0 0.032617 0.145833 0.011328 0.019444
0 0.698438 0.065625 0.011719 0.017361
0 0.087500 0.582639 0.012500 0.018056
0 0.046875 0.145833 0.010156 0.019444
0 0.711523 0.065625 0.012109 0.017361
0 0.073438 0.602778 0.010937 0.020833
0 0.088281 0.224306 0.010937 0.020833
0 0.898242 0.981250 0.011328 0.020833
0 0.088281 0.185069 0.010937 0.018750
0 0.959375 0.130208 0.010156 0.013194
0 0.629297 0.983681 0.014063 0.024306
0 0.560742 0.983333 0.014453 0.022222
0 0.578125 0.983333 0.014063 0.022222
0 0.543359 0.982986 0.014063 0.021528
0 0.046484 0.582639 0.011719 0.018056
0 0.491602 0.982292 0.013672 0.020139
0 0.059961 0.582639 0.011328 0.018056
0 0.863086 0.148611 0.026172 0.022222
0 0.033203 0.582639 0.011719 0.018056
0 0.526172 0.982292 0.014063 0.021528
0 0.508984 0.981944 0.014063 0.020833
0 0.066602 0.060764 0.017578 0.043750
0 0.595313 0.983681 0.013281 0.021528
0 0.046680 0.203819 0.011328 0.018750
0 0.672656 0.066319 0.011719 0.017361
0 0.888867 0.148958 0.024609 0.021528
0 0.916211 0.149306 0.026953 0.019444
0 0.049219 0.061111 0.017188 0.045833
0 0.046484 0.224653 0.011719 0.020139
0 0.030859 0.060764 0.015625 0.045139
0 0.032617 0.204167 0.010547 0.019444
0 0.060352 0.224653 0.010547 0.021528
0 0.060352 0.204167 0.010547 0.018056
0 0.032617 0.224306 0.010547 0.019444
0 0.156445 0.109028 0.011328 0.019444
0 0.658789 0.066319 0.009766 0.017361
0 0.046484 0.184722 0.010937 0.018056
0 0.046680 0.602431 0.011328 0.020139
0 0.115625 0.204167 0.011719 0.018056
0 0.959375 0.108681 0.012500 0.018750
0 0.607422 0.056250 0.027344 0.041667
0 0.142383 0.109028 0.014453 0.019444
0 0.033203 0.602778 0.010937 0.019444
0 0.127344 0.109028 0.012500 0.018056
0 0.019531 0.582986 0.011719 0.017361
0 0.115625 0.223611 0.011719 0.018056
0 0.059961 0.602431 0.010547 0.020139
0 0.032813 0.184375 0.010156 0.017361
0 0.101562 0.204167 0.010937 0.018056
0 0.101562 0.581944 0.011719 0.018056
0 0.018750 0.224306 0.010937 0.018056
0 0.083008 0.067014 0.012109 0.020139
0 0.060352 0.184722 0.010547 0.018056
0 0.011914 0.060417 0.021484 0.045833
0 0.645312 0.065972 0.010156 0.016667
0 0.019141 0.602431 0.010937 0.018750
0 0.019141 0.204514 0.011719 0.018750
0 0.005859 0.582986 0.011719 0.018750
0 0.087891 0.165972 0.010937 0.018056
0 0.005664 0.204167 0.011328 0.019444
0 0.113867 0.109375 0.012891 0.018750
0 0.115820 0.185069 0.011328 0.018750
0 0.019336 0.108681 0.037891 0.021528
0 0.019531 0.937153 0.011719 0.015972
0 0.006055 0.937500 0.012109 0.016667
0 0.421875 0.980556 0.088281 0.027778
0 0.120199 0.545885 0.006531 0.013354
0 0.508059 0.066448 0.165625 0.017799
0 0.980453 0.026486 0.032813 0.020139
0 0.143574 0.128819 0.039492 0.017361
0 0.941270 0.981042 0.010664 0.020417
0 0.115676 0.562674 0.011328 0.016667
0 0.167723 0.129861 0.006508 0.015278
0 0.981809 0.483743 0.005367 0.013208
0 0.258051 0.066319 0.014453 0.017361
0 0.074687 0.146944 0.013438 0.020278
0 0.982473 0.981917 0.026172 0.022917
0 0.912383 0.981597 0.013672 0.020139
0 0.980840 0.127944 0.004883 0.015278
0 0.988766 0.128361 0.007312 0.014389
0 0.840625 0.045833 0.026172 0.017361
0 0.924270 0.346483 0.135937 0.011896
0 0.101523 0.917361 0.013984 0.019444
0 0.972756 0.483611 0.008121 0.012889
0 0.996844 0.128653 0.006312 0.015972
0 0.962820 0.981486 0.010547 0.020139
0 0.925047 0.462535 0.149906 0.013958
0 0.872168 0.278556 0.039453 0.012500
0 0.116574 0.917972 0.014844 0.021528
0 0.169027 0.047083 0.151867 0.017500
0 0.342414 0.066194 0.153844 0.018583
0 0.973238 0.127306 0.008594 0.013194
0 0.512490 0.048170 0.155098 0.017590
0 0.342918 0.047243 0.154398 0.016431
0 0.115957 0.166111 0.013164 0.018333
0 0.168668 0.067319 0.154383 0.018694
0 0.152188 0.896528 0.033984 0.056944
0 0.257520 0.047236 0.015273 0.018750
0 0.991992 0.109819 0.016016 0.016667
0 0.297754 0.110174 0.105664 0.018542
0 0.989021 0.483000 0.006566 0.014833
0 0.921680 0.186861 0.140781 0.013722
0 0.921344 0.200708 0.140781 0.013722
0 0.921344 0.213951 0.140781 0.013722
0 0.921682 0.227795 0.140785 0.013715
0 0.922633 0.253201 0.140781 0.013722
0 0.922410 0.291986 0.140781 0.013722
0 0.922264 0.307073 0.140785 0.013715
0 0.922410 0.320080 0.140781 0.013715
0 0.922264 0.333611 0.140785 0.013722
0 0.921725 0.372806 0.140785 0.013722
0 0.921834 0.386604 0.140785 0.013722
0 0.921725 0.400208 0.140785 0.013722
0 0.921881 0.412476 0.140785 0.011021
0 0.922207 0.424906 0.140781 0.011021
0 0.922098 0.437920 0.140781 0.011021
0 0.922207 0.449208 0.140781 0.008722
0 0.996432 0.485615 0.007137 0.017688
0 0.973256 0.586903 0.006895 0.012597
0 0.981051 0.586399 0.006992 0.011924
0 0.987664 0.586399 0.005289 0.011590
0 0.996146 0.587997 0.007707 0.011424
0 0.951525 0.981313 0.007832 0.015792
0 0.104779 0.128583 0.006379 0.010611
0 0.112389 0.128747 0.005191 0.010937
0 0.119520 0.129760 0.005875 0.011660
0 0.088256 0.146243 0.009645 0.019028
0 0.074865 0.166816 0.014285 0.018743
0 0.101092 0.165455 0.009699 0.016771
0 0.005865 0.165993 0.009738 0.015431
0 0.019873 0.165802 0.012488 0.016562
0 0.104930 0.545236 0.006531 0.012625
0 0.112115 0.545090 0.006043 0.010889
