0 0.020094 0.146917 0.013469 0.019444
0 0.075219 0.146611 0.013281 0.018750
0 0.841289 0.046875 0.026172 0.017361
0 0.033715 0.145833 0.011328 0.019444
0 0.143555 0.129167 0.038672 0.016667
0 0.862684 0.280201 0.024219 0.011111
0 0.871426 0.626736 0.043164 0.015972
0 0.814492 0.060972 0.019922 0.039583
0 0.116047 0.166556 0.013813 0.018056
0 0.941680 0.980903 0.011484 0.020139
0 0.980855 0.025701 0.032813 0.020139
0 0.166621 0.129861 0.006992 0.015278
0 0.924414 0.253229 0.137109 0.015278
0 0.167826 0.047840 0.152551 0.016653
0 0.168402 0.067611 0.152727 0.020472
0 0.005912 0.165795 0.008543 0.013118
0 0.995475 0.129344 0.006668 0.010882
0 0.987334 0.128274 0.005246 0.010299
0 0.995457 0.585812 0.005766 0.011417
0 0.988750 0.585736 0.005195 0.014292
0 0.980955 0.586483 0.006238 0.011090
0 0.973303 0.585476 0.006613 0.013104
0 0.951670 0.982219 0.006645 0.017674
0 0.119473 0.545944 0.006422 0.011167
0 0.112205 0.545066 0.005855 0.012674
0 0.104314 0.543458 0.007902 0.015347
0 0.047018 0.164712 0.010246 0.014424
0 0.019418 0.164927 0.012500 0.013549
0 0.075205 0.166712 0.014207 0.017687
0 0.088605 0.146017 0.010602 0.017243
0 0.119232 0.129646 0.005152 0.010792
0 0.112424 0.128330 0.005223 0.010660
0 0.105227 0.128892 0.006633 0.010035
0 0.979900 0.128372 0.004809 0.010104
0 0.972850 0.127885 0.006668 0.011465
0 0.921906 0.227472 0.141797 0.011917
0 0.922125 0.213479 0.141797 0.011917
0 0.921906 0.201236 0.141797 0.011917
0 0.921578 0.188028 0.141797 0.011917
0 0.921473 0.292493 0.141797 0.011917
0 0.921848 0.306063 0.141797 0.011917
0 0.921520 0.318694 0.141797 0.011917
0 0.922285 0.329576 0.141797 0.011917
0 0.921629 0.333076 0.141797 0.011917
0 0.921848 0.346285 0.141797 0.011917
0 0.922066 0.373299 0.141797 0.011917
0 0.921848 0.386708 0.141797 0.011917
0 0.922285 0.399340 0.141797 0.011917
0 0.921830 0.462524 0.141809 0.014076
0 0.921934 0.449222 0.141797 0.011917
0 0.922480 0.437562 0.141797 0.011917
0 0.922152 0.424153 0.141797 0.011917
0 0.922043 0.411719 0.141797 0.011924
0 0.996057 0.484080 0.006449 0.012049
0 0.988295 0.482913 0.006887 0.011660
0 0.981518 0.484177 0.005574 0.014187
0 0.973811 0.483108 0.008309 0.014382
0 0.115625 0.561806 0.011719 0.016667
0 0.032422 0.562500 0.011719 0.016667
0 0.032813 0.165625 0.010156 0.017361
0 0.506445 0.065278 0.165234 0.020833
0 0.115430 0.147222 0.010547 0.018056
0 0.088086 0.203819 0.010547 0.018750
0 0.833594 0.065278 0.013281 0.019444
0 0.006055 0.918056 0.012109 0.018056
0 0.101758 0.562847 0.012109 0.015972
0 0.866992 0.057639 0.017578 0.038889
0 0.856250 0.606250 0.013281 0.018056
0 0.729883 0.067014 0.012109 0.017361
0 0.512891 0.046875 0.157031 0.021528
0 0.121094 0.022917 0.011719 0.013889
0 0.105469 0.022569 0.015625 0.014583
0 0.034375 0.023611 0.014063 0.013889
0 0.931836 0.606250 0.012109 0.018056
0 0.342187 0.065278 0.155469 0.019444
0 0.160742 0.022917 0.016016 0.015278
0 0.087305 0.602431 0.012109 0.020139
0 0.886328 0.605556 0.013281 0.018056
0 0.767773 0.047917 0.010547 0.016667
0 0.902539 0.605903 0.012891 0.018750
0 0.848242 0.064931 0.014453 0.020139
0 0.986328 0.060417 0.020313 0.048611
0 0.060742 0.918056 0.011328 0.018056
0 0.059961 0.562847 0.011328 0.015972
0 0.475195 0.985069 0.012891 0.020139
0 0.088281 0.185069 0.010937 0.018750
0 0.960156 0.980903 0.010156 0.020139
0 0.898047 0.981250 0.011719 0.020833
0 0.088281 0.224306 0.010937 0.020833
0 0.104102 0.917708 0.019141 0.020139
0 0.073438 0.602778 0.010937 0.020833
0 0.046875 0.145833 0.010156 0.019444
0 0.711719 0.065625 0.012500 0.017361
0 0.087500 0.582639 0.012500 0.018056
0 0.074023 0.204167 0.011328 0.018056
0 0.698633 0.065625 0.012109 0.017361
0 0.074023 0.224653 0.011328 0.021528
0 0.238281 0.109028 0.013281 0.020833
0 0.842773 0.131597 0.010547 0.014583
0 0.953906 0.006944 0.010156 0.013889
0 0.991602 0.007639 0.012109 0.015278
0 0.088672 0.022569 0.011719 0.013194
0 0.073633 0.562847 0.011328 0.015972
0 0.910547 0.981597 0.014063 0.020139
0 0.059961 0.146181 0.009766 0.018750
0 0.073828 0.184722 0.011719 0.018056
0 0.982031 0.980903 0.025781 0.022917
0 0.087891 0.917361 0.010937 0.018056
0 0.971484 0.007292 0.012500 0.014583
0 0.073438 0.582639 0.010937 0.018056
0 0.256445 0.066319 0.014453 0.017361
0 0.429492 0.047569 0.011328 0.017361
0 0.099805 0.109722 0.012891 0.019444
0 0.005469 0.146181 0.010937 0.020139
0 0.073828 0.918056 0.012500 0.018056
0 0.101562 0.146528 0.010937 0.018056
0 0.086133 0.109722 0.012109 0.019444
0 0.685352 0.065972 0.010547 0.018056
0 0.342187 0.046528 0.154688 0.022222
0 0.005273 0.223611 0.010547 0.018056
0 0.743359 0.048264 0.011719 0.017361
0 0.916406 0.605903 0.013281 0.018750
0 0.019922 0.023611 0.010937 0.015278
0 0.743555 0.067708 0.012109 0.017361
0 0.083594 0.046181 0.014844 0.015972
0 0.729492 0.047917 0.013672 0.018056
0 0.153516 0.896528 0.034375 0.056944
0 0.005859 0.562847 0.011719 0.018750
0 0.975000 0.107986 0.014063 0.017361
0 0.256250 0.047569 0.013281 0.018750
0 0.927539 0.981250 0.013672 0.019444
0 0.087305 0.562500 0.012109 0.016667
0 0.990820 0.107639 0.013672 0.016667
0 0.767578 0.067014 0.009375 0.017361
0 0.177734 0.023611 0.013281 0.016667
0 0.920117 0.024653 0.012109 0.018750
0 0.756055 0.048264 0.011328 0.017361
0 0.700781 0.046875 0.026562 0.017361
0 0.298047 0.108333 0.107031 0.022222
0 0.358594 0.110069 0.011719 0.017361
0 0.779297 0.047917 0.012500 0.016667
0 0.006055 0.023264 0.011328 0.014583
0 0.045508 0.109375 0.012109 0.018750
0 0.019141 0.563194 0.011719 0.018056
0 0.210742 0.109375 0.012109 0.020139
0 0.033008 0.918056 0.011328 0.018056
0 0.059180 0.109375 0.011328 0.018750
0 0.949609 0.024306 0.016406 0.018056
0 0.756250 0.067708 0.010156 0.017361
0 0.932617 0.024306 0.009766 0.018056
0 0.072852 0.109722 0.012109 0.019444
0 0.032813 0.938194 0.010937 0.015278
0 0.369336 0.981944 0.016016 0.022222
0 0.020117 0.918056 0.012891 0.018056
0 0.101562 0.185069 0.010937 0.018750
0 0.116016 0.581597 0.012500 0.017361
0 0.101367 0.602778 0.011328 0.019444
0 0.019531 0.184722 0.010937 0.018056
0 0.632227 0.066319 0.011328 0.018750
0 0.871289 0.606250 0.012891 0.018056
0 0.183789 0.109375 0.011328 0.020139
0 0.101172 0.224306 0.010937 0.019444
0 0.633984 0.045833 0.014844 0.016667
0 0.197070 0.109028 0.012109 0.020833
0 0.005664 0.185069 0.011328 0.018750
0 0.169727 0.109028 0.013672 0.020833
0 0.664648 0.047222 0.045703 0.019444
0 0.421875 0.980903 0.088281 0.028472
0 0.059961 0.165625 0.010547 0.017361
0 0.795312 0.059722 0.017969 0.037500
0 0.612500 0.984028 0.014063 0.022222
0 0.047461 0.917708 0.012109 0.017361
0 0.005664 0.602431 0.011328 0.018750
0 0.006055 0.937500 0.012109 0.016667
0 0.019531 0.937153 0.011719 0.015972
0 0.019336 0.108681 0.037891 0.021528
0 0.005664 0.204167 0.011328 0.019444
0 0.113867 0.109375 0.012891 0.018750
0 0.115820 0.185069 0.011328 0.018750
0 0.645312 0.065972 0.010156 0.016667
0 0.087891 0.165972 0.010937 0.018056
0 0.005859 0.582986 0.011719 0.018750
0 0.019141 0.602431 0.010937 0.018750
0 0.019141 0.204514 0.011719 0.018750
0 0.012109 0.060069 0.021094 0.046528
0 0.018750 0.224306 0.010937 0.018056
0 0.101562 0.581944 0.011719 0.018056
0 0.060352 0.184722 0.010547 0.018056
0 0.083008 0.067014 0.012109 0.020139
0 0.101562 0.204167 0.010937 0.018056
0 0.059961 0.602431 0.010547 0.020139
0 0.032813 0.184375 0.010156 0.017361
0 0.115625 0.223611 0.011719 0.018056
0 0.607422 0.056597 0.027344 0.042361
0 0.019531 0.582986 0.011719 0.017361
0 0.127344 0.109028 0.012500 0.018056
0 0.033203 0.602778 0.010937 0.019444
0 0.959375 0.108681 0.012500 0.018750
0 0.142383 0.109028 0.014453 0.019444
0 0.658789 0.066319 0.009766 0.017361
0 0.046680 0.602431 0.011328 0.020139
0 0.115625 0.204167 0.011719 0.018056
0 0.046484 0.184722 0.010937 0.018056
0 0.156445 0.109028 0.011328 0.019444
0 0.032617 0.224653 0.010547 0.020139
0 0.046289 0.562500 0.011328 0.016667
0 0.060352 0.224653 0.010547 0.021528
0 0.060352 0.204167 0.010547 0.018056
0 0.032617 0.204167 0.010547 0.019444
0 0.031055 0.060764 0.016016 0.045139
0 0.046484 0.224653 0.011719 0.020139
0 0.049219 0.061111 0.017188 0.045833
0 0.672656 0.066319 0.011719 0.017361
0 0.916016 0.149306 0.026562 0.019444
0 0.888867 0.148958 0.024609 0.021528
0 0.595313 0.983681 0.013281 0.021528
0 0.046680 0.203819 0.011328 0.018750
0 0.508984 0.981944 0.014063 0.020833
0 0.066602 0.060764 0.017578 0.043750
0 0.526172 0.982292 0.014063 0.021528
0 0.033203 0.582639 0.011719 0.018056
0 0.491602 0.982292 0.013672 0.020139
0 0.863086 0.148611 0.026172 0.022222
0 0.059961 0.582639 0.011328 0.018056
0 0.578125 0.983333 0.014063 0.022222
0 0.543359 0.982986 0.014063 0.021528
0 0.046484 0.582639 0.011719 0.018056
0 0.629297 0.983681 0.014063 0.024306
0 0.560742 0.983333 0.014453 0.022222
0 0.224219 0.109375 0.012500 0.020139
0 0.867188 0.240625 0.033594 0.011806
0 0.072461 0.023611 0.013672 0.013889
0 0.474219 0.982639 0.013281 0.020833
0 0.052930 0.023611 0.018359 0.013889
0 0.139648 0.022917 0.020703 0.015278
