0 0.088542 0.082870 0.023958 0.060185
0 0.899740 0.977315 0.022396 0.025000
0 0.939323 0.008333 0.010937 0.016667
0 0.060417 0.146296 0.015625 0.025926
0 0.124740 0.172685 0.007812 0.019444
0 0.974479 0.172222 0.008333 0.014815
0 0.134635 0.171759 0.009896 0.021296
0 0.025781 0.145370 0.050521 0.027778
0 0.135156 0.560185 0.007812 0.016667
0 0.124479 0.560648 0.007292 0.017593
0 0.124740 0.756481 0.007812 0.016667
0 0.984375 0.171296 0.009375 0.016667
0 0.608594 0.076852 0.034896 0.055556
0 0.197396 0.173611 0.008333 0.017593
0 0.025781 0.609259 0.018229 0.020370
0 0.236979 0.033796 0.016667 0.021296
0 0.070312 0.904630 0.140625 0.025926
0 0.115625 0.172222 0.010417 0.020370
0 0.818750 0.173611 0.013542 0.021296
0 0.079167 0.146296 0.017708 0.025926
0 0.115365 0.756481 0.006771 0.016667
0 0.863021 0.977778 0.015625 0.024074
0 0.879948 0.977778 0.014063 0.024074
0 0.080469 0.662037 0.014063 0.027778
0 0.994792 0.172222 0.009375 0.016667
0 0.098958 0.584722 0.016667 0.021296
0 0.080208 0.584259 0.015625 0.020370
0 0.105990 0.756481 0.009896 0.018519
0 0.134896 0.756944 0.007292 0.017593
0 0.186458 0.145370 0.017708 0.027778
0 0.846615 0.978241 0.014063 0.023148
0 0.097917 0.145833 0.014583 0.026852
0 0.062500 0.195370 0.013542 0.024074
0 0.133333 0.145370 0.015625 0.025926
0 0.115104 0.561111 0.009375 0.018519
0 0.988802 0.145370 0.019271 0.022222
0 0.205208 0.146296 0.016667 0.025926
0 0.116146 0.609722 0.015625 0.023148
0 0.099219 0.221296 0.014063 0.022222
0 0.225781 0.145833 0.020313 0.026852
0 0.008073 0.610185 0.016146 0.022222
0 0.008073 0.584259 0.016146 0.025926
0 0.116927 0.221759 0.013021 0.023148
0 0.244531 0.145833 0.014063 0.025000
0 0.115365 0.145833 0.016146 0.026852
0 0.025521 0.222222 0.015625 0.024074
0 0.098958 0.636111 0.015625 0.024074
0 0.026042 0.726852 0.015625 0.020370
0 0.168229 0.146296 0.015625 0.027778
0 0.080208 0.194907 0.012500 0.023148
0 0.007812 0.297685 0.015625 0.026852
0 0.008333 0.273148 0.014583 0.024074
0 0.025781 0.583796 0.017188 0.025000
0 0.099219 0.610185 0.016146 0.024074
0 0.117188 0.584722 0.015625 0.021296
0 0.061719 0.583796 0.015104 0.021296
0 0.116667 0.637037 0.015625 0.024074
0 0.008333 0.700463 0.016667 0.026852
0 0.007552 0.194907 0.015104 0.025000
0 0.008594 0.635648 0.014063 0.025000
0 0.627083 0.980556 0.016667 0.027778
0 0.026042 0.700463 0.014583 0.026852
0 0.044010 0.222222 0.013021 0.022222
0 0.150521 0.146296 0.015625 0.027778
0 0.008333 0.727778 0.016667 0.020370
0 0.025521 0.352315 0.014583 0.026852
0 0.846875 0.199537 0.035417 0.028704
0 0.080469 0.221759 0.013021 0.023148
0 0.967708 0.145833 0.019792 0.023148
0 0.008073 0.351852 0.015104 0.024074
0 0.894271 0.034259 0.013542 0.022222
0 0.659115 0.088426 0.013021 0.021296
0 0.946354 0.146759 0.013542 0.023148
0 0.044271 0.610648 0.016667 0.023148
0 0.650260 0.980556 0.017188 0.029630
0 0.117188 0.701389 0.014583 0.023148
0 0.063281 0.727315 0.016146 0.021296
0 0.043750 0.583796 0.015625 0.023148
0 0.062500 0.221759 0.013542 0.023148
0 0.466146 0.978241 0.017708 0.026852
0 0.604167 0.979630 0.020833 0.031481
0 0.117969 0.325926 0.017188 0.024074
0 0.008073 0.663426 0.016146 0.030556
0 0.026042 0.273148 0.015625 0.025926
0 0.327344 0.978241 0.021354 0.025000
0 0.535156 0.977778 0.018229 0.025926
0 0.676562 0.087963 0.012500 0.022222
0 0.007812 0.325463 0.015625 0.023148
0 0.673177 0.981019 0.017188 0.028704
0 0.580729 0.979167 0.018750 0.030556
0 0.490104 0.976852 0.018750 0.024074
0 0.098698 0.325463 0.013021 0.025000
0 0.025781 0.299537 0.014063 0.025000
0 0.909896 0.034259 0.013542 0.025926
0 0.044271 0.352778 0.015625 0.025926
0 0.062500 0.299074 0.013542 0.024074
0 0.025260 0.636111 0.016146 0.024074
0 0.117448 0.248148 0.014063 0.025926
0 0.988281 0.010648 0.014063 0.021296
0 0.080990 0.700463 0.013021 0.023148
0 0.063281 0.700463 0.017188 0.025000
0 0.025781 0.662963 0.014063 0.029630
0 0.730208 0.088889 0.014583 0.022222
0 0.025260 0.248148 0.016146 0.024074
0 0.080729 0.610185 0.015625 0.022222
0 0.080729 0.247222 0.014583 0.024074
0 0.044271 0.700926 0.014583 0.025926
0 0.062240 0.325463 0.013021 0.025000
0 0.062500 0.662500 0.015625 0.028704
0 0.747656 0.088889 0.014063 0.022222
0 0.008073 0.247222 0.014063 0.024074
0 0.044792 0.636111 0.017708 0.025926
0 0.558333 0.978241 0.018750 0.028704
0 0.080469 0.325926 0.015104 0.025926
0 0.043750 0.247685 0.013542 0.023148
0 0.044271 0.662500 0.014583 0.028704
0 0.099219 0.701389 0.014063 0.023148
0 0.008594 0.221759 0.014063 0.025000
0 0.512500 0.977315 0.017708 0.025000
0 0.062500 0.610648 0.014583 0.021296
0 0.973437 0.033333 0.051042 0.025926
0 0.694792 0.088426 0.017708 0.023148
0 0.025521 0.325463 0.015625 0.023148
0 0.062500 0.636111 0.015625 0.025926
0 0.044531 0.726852 0.016146 0.020370
0 0.080729 0.299074 0.014583 0.024074
0 0.391406 0.146759 0.015104 0.021296
0 0.044010 0.273148 0.015104 0.024074
0 0.099479 0.300000 0.013542 0.024074
0 0.098437 0.247685 0.012500 0.025000
0 0.044271 0.298611 0.014583 0.025000
0 0.044010 0.325463 0.014063 0.023148
0 0.118229 0.300463 0.017708 0.025000
0 0.080469 0.727315 0.014063 0.023148
0 0.080469 0.635648 0.015104 0.025000
0 0.080469 0.272685 0.015104 0.025000
0 0.116927 0.274074 0.014063 0.022222
0 0.396875 0.976389 0.116667 0.034259
0 0.098698 0.273611 0.013021 0.025000
0 0.070573 0.830556 0.141146 0.027778
0 0.070312 0.804630 0.140625 0.027778
0 0.912096 0.918398 0.174297 0.021759
0 0.509531 0.089241 0.151354 0.024074
0 0.771271 0.065000 0.017188 0.022593
0 0.954167 0.078102 0.021875 0.054352
0 0.859516 0.079898 0.024396 0.045519
0 0.789062 0.065648 0.015625 0.022037
0 0.100000 0.195694 0.018750 0.026574
0 0.919687 0.063093 0.036458 0.024074
0 0.732339 0.062824 0.035208 0.024074
0 0.111901 0.063426 0.020677 0.021296
0 0.356682 0.088606 0.148073 0.022046
0 0.272906 0.088907 0.019250 0.025926
0 0.912638 0.621227 0.152745 0.015880
0 0.919958 0.200000 0.035937 0.024074
0 0.910349 0.286625 0.159302 0.014713
0 0.913474 0.584523 0.155552 0.014287
0 0.914492 0.638352 0.154141 0.015889
0 0.837599 0.064648 0.015469 0.017870
0 0.643349 0.063176 0.019792 0.022222
0 0.914518 0.708718 0.154609 0.016083
0 0.914018 0.656870 0.154880 0.017593
0 0.883042 0.198898 0.032292 0.028704
0 0.914068 0.602398 0.154677 0.018519
0 0.319297 0.144907 0.125990 0.025000
0 0.046182 0.193778 0.018229 0.025926
0 0.181557 0.864056 0.047969 0.073981
0 0.117208 0.195870 0.010937 0.022222
0 0.027135 0.195370 0.018854 0.025926
0 0.912786 0.566296 0.154635 0.019259
0 0.964411 0.172454 0.009240 0.013426
0 0.913734 0.478611 0.153542 0.017778
0 0.911120 0.249537 0.158698 0.021296
0 0.111846 0.089407 0.016172 0.022222
0 0.167865 0.173611 0.046562 0.017593
0 0.070250 0.858222 0.140104 0.026852
0 0.963177 0.008727 0.012344 0.017454
0 0.196490 0.212963 0.088021 0.018519
0 0.910258 0.088324 0.017714 0.022611
0 0.914273 0.726380 0.152703 0.017593
0 0.913664 0.497278 0.152255 0.016926
0 0.914932 0.303986 0.149823 0.014250
0 0.909609 0.338889 0.160885 0.018519
0 0.928531 0.088968 0.017188 0.022991
0 0.913505 0.672981 0.154656 0.015148
0 0.862448 0.425463 0.065521 0.015741
0 0.913958 0.900000 0.150208 0.018519
0 0.856849 0.865741 0.036615 0.012963
0 0.914266 0.744278 0.153760 0.017593
0 0.913992 0.690944 0.152745 0.017593
0 0.854297 0.795833 0.050260 0.013889
0 0.878724 0.848148 0.079323 0.012963
0 0.862812 0.813426 0.047500 0.012037
0 0.878021 0.831019 0.077917 0.013889
0 0.869766 0.760648 0.061406 0.013889
0 0.863521 0.514352 0.051562 0.015741
0 0.910242 0.356843 0.160557 0.016500
0 0.846813 0.461574 0.034896 0.019444
0 0.911453 0.408778 0.162500 0.018704
0 0.909906 0.269102 0.159042 0.016426
0 0.910258 0.320833 0.160068 0.015926
0 0.008859 0.033000 0.014583 0.023148
0 0.070245 0.925384 0.140490 0.011417
0 0.975792 0.978523 0.040281 0.033046
0 0.945273 0.978250 0.012703 0.019278
0 0.932414 0.977421 0.010536 0.019824
0 0.919401 0.976597 0.010531 0.024787
0 0.874549 0.883866 0.072609 0.013861
0 0.882995 0.778681 0.087021 0.016046
0 0.910135 0.443338 0.161625 0.017065
0 0.909961 0.390227 0.161547 0.014398
0 0.910596 0.374245 0.161182 0.016713
0 0.821076 0.089157 0.012724 0.020241
0 0.805617 0.090889 0.014693 0.022130
0 0.788242 0.089815 0.014870 0.021204
0 0.771299 0.090120 0.016255 0.021815
0 0.641737 0.088903 0.014203 0.021343
0 0.214901 0.033505 0.020469 0.018065
0 0.186510 0.033375 0.027042 0.022046
0 0.161930 0.033213 0.015339 0.019722
0 0.141190 0.034583 0.018036 0.018352
0 0.119148 0.033898 0.015245 0.018352
0 0.097607 0.033162 0.019870 0.019657
0 0.071385 0.034088 0.023906 0.022046
0 0.046430 0.033560 0.017932 0.020991
0 0.026557 0.032231 0.014646 0.020981
0 0.016109 0.081148 0.026562 0.062037
0 0.355516 0.065093 0.147917 0.023519
0 0.064953 0.083269 0.021875 0.060185
0 0.189844 0.064630 0.135937 0.022593
0 0.063073 0.272685 0.015729 0.025000
0 0.933750 0.033796 0.022708 0.025000
0 0.042719 0.083333 0.021875 0.061111
0 0.683849 0.064796 0.059490 0.019407
0 0.190911 0.088806 0.137500 0.023500
0 0.984802 0.079787 0.025521 0.062037
0 0.805729 0.066250 0.015625 0.023241
0 0.712427 0.088954 0.013542 0.023148
0 0.821464 0.064824 0.013542 0.021574
0 0.441667 0.063037 0.015625 0.024074
0 0.518753 0.062699 0.133745 0.025028
0 0.273292 0.063435 0.018750 0.025000
0 0.884281 0.080713 0.024479 0.054630
0 0.063854 0.247222 0.016250 0.024074
