0 0.876359 0.319399 0.050109 0.009979
0 0.921578 0.291694 0.141797 0.011917
0 0.921078 0.279201 0.141797 0.011917
0 0.921578 0.265521 0.141797 0.011917
0 0.921578 0.252736 0.141797 0.011917
0 0.921578 0.239646 0.141797 0.011917
0 0.921746 0.226861 0.141797 0.011917
0 0.921914 0.214069 0.141797 0.011917
0 0.867984 0.344983 0.031250 0.011687
0 0.921246 0.200688 0.141797 0.011917
0 0.921578 0.188201 0.141797 0.011917
0 0.988520 0.128073 0.005664 0.012215
0 0.922025 0.332451 0.141418 0.013750
0 0.921629 0.438743 0.141797 0.011917
0 0.921254 0.449087 0.141797 0.009007
0 0.988479 0.483917 0.004738 0.014347
0 0.972705 0.586316 0.007121 0.011104
0 0.981328 0.586646 0.005625 0.010889
0 0.988012 0.586424 0.005500 0.010889
0 0.996193 0.586753 0.007613 0.011562
0 0.473961 0.982639 0.013281 0.020833
0 0.942148 0.980903 0.012422 0.020139
0 0.507145 0.067660 0.165625 0.020833
0 0.924219 0.358035 0.136719 0.015278
0 0.841230 0.046181 0.030117 0.015972
0 0.168000 0.130167 0.008531 0.017361
0 0.167936 0.066049 0.151707 0.018181
0 0.341176 0.067212 0.152773 0.019465
0 0.513951 0.048955 0.154910 0.019160
0 0.168283 0.048708 0.151246 0.015056
0 0.973113 0.128306 0.007164 0.013194
0 0.700086 0.047222 0.026172 0.018056
0 0.342324 0.046965 0.152852 0.018653
0 0.257285 0.047917 0.015352 0.019444
0 0.116094 0.166354 0.012656 0.018819
0 0.084246 0.047014 0.014844 0.015972
0 0.664590 0.046875 0.044805 0.018750
0 0.925129 0.372083 0.134766 0.013611
0 0.142645 0.108715 0.013281 0.018056
0 0.633984 0.047021 0.014844 0.016667
0 0.951879 0.982497 0.006992 0.016285
0 0.104984 0.128795 0.007344 0.009535
0 0.112693 0.129167 0.005262 0.011389
0 0.119855 0.128979 0.005937 0.011389
0 0.088188 0.147455 0.009687 0.016299
0 0.101494 0.166295 0.011512 0.016576
0 0.074828 0.166816 0.012969 0.018840
0 0.046748 0.165438 0.008551 0.016333
0 0.020219 0.165639 0.011438 0.016236
0 0.006971 0.166937 0.012832 0.016611
0 0.104662 0.544684 0.006496 0.011549
0 0.111723 0.545017 0.006125 0.013104
0 0.119846 0.544573 0.007371 0.013104
0 0.992988 0.107896 0.013672 0.016667
0 0.143613 0.129201 0.038359 0.017361
0 0.871836 0.626736 0.042734 0.015972
0 0.960887 0.982896 0.010156 0.020139
0 0.972807 0.484049 0.007098 0.013889
0 0.116398 0.918722 0.014844 0.020833
0 0.101484 0.917361 0.013906 0.019444
0 0.925586 0.462847 0.148828 0.015972
0 0.980598 0.128549 0.006148 0.015278
0 0.995541 0.128125 0.008918 0.014583
0 0.257422 0.066667 0.015625 0.018056
0 0.020098 0.146319 0.012852 0.020417
0 0.924695 0.385306 0.135547 0.013139
0 0.980312 0.024653 0.036406 0.018750
0 0.221758 0.108681 0.115078 0.021528
0 0.981385 0.483868 0.005590 0.014583
0 0.074609 0.146924 0.013281 0.018750
0 0.879883 0.385264 0.044141 0.011667
0 0.922004 0.424747 0.141797 0.011924
0 0.898047 0.981250 0.010937 0.020833
0 0.046484 0.582639 0.011719 0.018056
0 0.629297 0.983681 0.014063 0.024306
0 0.560742 0.983333 0.014453 0.022222
0 0.577930 0.983333 0.014453 0.022222
0 0.543359 0.982986 0.014063 0.021528
0 0.672852 0.065972 0.012891 0.018056
0 0.863086 0.148611 0.026172 0.022222
0 0.491602 0.982292 0.013672 0.020139
0 0.033203 0.582639 0.011719 0.018056
0 0.526172 0.982292 0.014063 0.021528
0 0.060352 0.582639 0.012109 0.018056
0 0.066602 0.060764 0.017578 0.043750
0 0.508984 0.981944 0.014063 0.020833
0 0.658789 0.065972 0.009766 0.018056
0 0.046680 0.203819 0.011328 0.018750
0 0.595117 0.983681 0.013672 0.021528
0 0.046484 0.224653 0.011719 0.020139
0 0.049219 0.061111 0.017188 0.045833
0 0.060352 0.203819 0.010547 0.018750
0 0.032617 0.204167 0.010547 0.019444
0 0.060352 0.224653 0.010547 0.021528
0 0.031055 0.060764 0.016016 0.045139
0 0.888672 0.148958 0.024219 0.021528
0 0.032617 0.224306 0.010547 0.019444
0 0.115625 0.204861 0.011719 0.018056
0 0.046484 0.184722 0.010937 0.018056
0 0.046680 0.602431 0.011328 0.020139
0 0.019336 0.582639 0.012109 0.018056
0 0.033203 0.602778 0.010937 0.019444
0 0.959375 0.108681 0.012500 0.018750
0 0.060156 0.184722 0.010156 0.018056
0 0.116016 0.223611 0.011719 0.018056
0 0.916016 0.149306 0.026562 0.019444
0 0.083203 0.067361 0.012500 0.020833
0 0.032813 0.184375 0.010156 0.017361
0 0.607422 0.056250 0.027344 0.041667
0 0.060156 0.602778 0.010937 0.020833
0 0.645312 0.065972 0.010156 0.016667
0 0.101562 0.204167 0.010937 0.018056
0 0.101562 0.581944 0.011719 0.018056
0 0.018750 0.224306 0.010937 0.018056
0 0.011914 0.060417 0.021484 0.045833
0 0.019141 0.204514 0.011719 0.018750
0 0.019141 0.602431 0.010937 0.018750
0 0.005664 0.582986 0.011328 0.018750
0 0.087891 0.165972 0.010937 0.018056
0 0.019336 0.108681 0.037891 0.021528
0 0.115820 0.185069 0.011328 0.018750
0 0.101367 0.108681 0.014453 0.020139
0 0.129102 0.108333 0.010547 0.018056
0 0.005664 0.204167 0.011328 0.019444
0 0.612500 0.984028 0.014063 0.022222
0 0.005664 0.602431 0.011328 0.018750
0 0.116211 0.108681 0.012109 0.018750
0 0.006055 0.937500 0.012109 0.016667
0 0.421875 0.980556 0.088281 0.027778
0 0.019922 0.937153 0.012500 0.015972
0 0.058984 0.108681 0.012500 0.020139
0 0.795312 0.059375 0.017969 0.036806
0 0.059961 0.165625 0.010547 0.017361
0 0.047461 0.917708 0.012109 0.017361
0 0.005664 0.185069 0.011328 0.018750
0 0.871289 0.605903 0.012891 0.017361
0 0.101367 0.603125 0.011328 0.020139
0 0.632227 0.066319 0.011328 0.018750
0 0.369336 0.981944 0.016016 0.020833
0 0.019336 0.184722 0.011328 0.018056
0 0.101562 0.185417 0.010937 0.018056
0 0.156445 0.108681 0.012891 0.018750
0 0.101172 0.224306 0.010937 0.019444
0 0.116016 0.581597 0.012500 0.017361
0 0.813477 0.060069 0.019922 0.039583
0 0.020117 0.918056 0.012891 0.018056
0 0.073047 0.108681 0.011719 0.020139
0 0.756250 0.067708 0.010156 0.017361
0 0.033203 0.937847 0.010937 0.014583
0 0.005664 0.024306 0.011328 0.015278
0 0.932617 0.024306 0.009766 0.018056
0 0.949609 0.024306 0.016406 0.018056
0 0.086328 0.109028 0.012500 0.020833
0 0.018945 0.562847 0.012109 0.017361
0 0.033008 0.918056 0.011328 0.018056
0 0.779297 0.047917 0.012500 0.016667
0 0.045312 0.109028 0.011719 0.019444
0 0.756055 0.048264 0.011328 0.017361
0 0.087305 0.562500 0.012109 0.016667
0 0.767578 0.067014 0.009375 0.017361
0 0.177539 0.024306 0.013672 0.016667
0 0.920117 0.024653 0.012109 0.018750
0 0.005664 0.562847 0.011328 0.018750
0 0.927539 0.981250 0.013672 0.019444
0 0.019336 0.024306 0.011328 0.015278
0 0.975000 0.107986 0.014063 0.017361
0 0.743555 0.067708 0.012109 0.017361
0 0.729492 0.047917 0.013672 0.018056
0 0.916406 0.605903 0.013281 0.018750
0 0.005273 0.223611 0.010547 0.018056
0 0.153320 0.896181 0.033984 0.057639
0 0.743359 0.048264 0.011719 0.017361
0 0.767773 0.047917 0.010547 0.016667
0 0.902539 0.605903 0.012891 0.018750
0 0.033984 0.024306 0.014063 0.015278
0 0.886523 0.605556 0.012891 0.018056
0 0.986328 0.059722 0.019531 0.047222
0 0.060742 0.918056 0.011328 0.018056
0 0.848242 0.064931 0.014453 0.020139
0 0.087305 0.602431 0.012109 0.020139
0 0.059961 0.562500 0.011328 0.016667
0 0.856445 0.606250 0.012891 0.018056
0 0.121094 0.023264 0.011719 0.014583
0 0.115625 0.147222 0.010156 0.018056
0 0.729883 0.067014 0.012109 0.017361
0 0.101758 0.562847 0.012109 0.015972
0 0.931836 0.606250 0.012109 0.018056
0 0.160742 0.023958 0.016016 0.015972
0 0.105078 0.023264 0.015625 0.014583
0 0.866992 0.057639 0.017578 0.038889
0 0.833398 0.065278 0.012891 0.019444
0 0.088086 0.203819 0.010547 0.018750
0 0.685742 0.065625 0.010547 0.017361
0 0.006055 0.918056 0.012109 0.018056
0 0.053125 0.024653 0.018750 0.014583
0 0.922070 0.306250 0.141797 0.015278
0 0.032813 0.165625 0.010156 0.017361
0 0.139453 0.023958 0.021094 0.015972
0 0.115430 0.561806 0.011328 0.016667
0 0.285547 0.109375 0.010937 0.018750
0 0.072656 0.023958 0.014063 0.014583
0 0.032422 0.562500 0.011719 0.016667
0 0.101562 0.146528 0.010937 0.018056
0 0.046289 0.562500 0.011328 0.016667
0 0.073828 0.918056 0.012500 0.018056
0 0.429492 0.047569 0.011328 0.017361
0 0.005469 0.146181 0.010937 0.020139
0 0.088086 0.917361 0.011328 0.018056
0 0.971289 0.007292 0.012109 0.014583
0 0.982227 0.980903 0.026172 0.022917
0 0.073828 0.184722 0.011719 0.018056
0 0.059766 0.146181 0.010156 0.018750
0 0.912500 0.981250 0.013281 0.019444
0 0.088672 0.023264 0.011719 0.013194
0 0.073633 0.562847 0.011328 0.015972
0 0.991602 0.007639 0.012109 0.015278
0 0.954102 0.006944 0.010547 0.013889
0 0.842969 0.131597 0.010156 0.014583
0 0.074023 0.224653 0.011328 0.021528
0 0.087500 0.582639 0.012500 0.018056
0 0.074023 0.204167 0.011328 0.018056
0 0.698633 0.065625 0.011328 0.017361
0 0.032617 0.145833 0.011328 0.019444
0 0.073438 0.582639 0.010937 0.018056
0 0.046680 0.145833 0.010547 0.019444
0 0.995703 0.482986 0.007812 0.015972
0 0.073438 0.602778 0.010937 0.020833
0 0.711523 0.065625 0.012109 0.017361
0 0.088281 0.224306 0.010937 0.020833
0 0.088086 0.185417 0.011328 0.018056
