0 0.608594 0.077315 0.034896 0.054630
0 0.080469 0.662037 0.014063 0.027778
0 0.105990 0.756481 0.009896 0.018519
0 0.879687 0.976852 0.016667 0.027778
0 0.097396 0.145833 0.015625 0.025000
0 0.197135 0.173611 0.008854 0.019444
0 0.116406 0.194444 0.010937 0.022222
0 0.025781 0.609259 0.017188 0.020370
0 0.819792 0.174074 0.011458 0.020370
0 0.160677 0.172685 0.033854 0.019444
0 0.080208 0.584259 0.014583 0.020370
0 0.062240 0.195370 0.013021 0.024074
0 0.098958 0.584722 0.016667 0.021296
0 0.994792 0.172222 0.009375 0.016667
0 0.042969 0.194907 0.017188 0.025000
0 0.338281 0.978241 0.020313 0.026852
0 0.134635 0.172222 0.009896 0.020370
0 0.117448 0.585185 0.015104 0.020370
0 0.185677 0.174074 0.009896 0.016667
0 0.899740 0.976389 0.020313 0.026852
0 0.117188 0.610185 0.012500 0.022222
0 0.116927 0.221759 0.013021 0.023148
0 0.098958 0.221296 0.013542 0.022222
0 0.124479 0.561111 0.007292 0.016667
0 0.863021 0.977778 0.014583 0.029630
0 0.114583 0.145833 0.016667 0.026852
0 0.080208 0.194907 0.012500 0.023148
0 0.134375 0.146296 0.018750 0.025926
0 0.099479 0.610185 0.017708 0.024074
0 0.025260 0.222222 0.015104 0.024074
0 0.008333 0.273148 0.014583 0.024074
0 0.661458 0.980093 0.017708 0.026852
0 0.154688 0.145370 0.016667 0.025926
0 0.116927 0.636111 0.014063 0.024074
0 0.078906 0.145833 0.017188 0.025000
0 0.988802 0.145833 0.019271 0.023148
0 0.638542 0.980556 0.015625 0.025926
0 0.008333 0.298148 0.015625 0.027778
0 0.007552 0.194907 0.015104 0.025000
0 0.007812 0.584722 0.015625 0.025000
0 0.061719 0.583796 0.015104 0.021296
0 0.026042 0.726852 0.015625 0.020370
0 0.060417 0.146296 0.015625 0.025926
0 0.007812 0.610185 0.015625 0.022222
0 0.100000 0.194444 0.018750 0.024074
0 0.008594 0.635185 0.014063 0.024074
0 0.025521 0.584259 0.017708 0.024074
0 0.025521 0.352315 0.014583 0.026852
0 0.659115 0.089352 0.013021 0.021296
0 0.190365 0.145833 0.015104 0.025000
0 0.008073 0.700463 0.016146 0.026852
0 0.135156 0.560648 0.007812 0.015741
0 0.236979 0.033796 0.016667 0.021296
0 0.115365 0.756481 0.006771 0.016667
0 0.044010 0.222222 0.013021 0.022222
0 0.834375 0.714352 0.010417 0.030556
0 0.080469 0.221759 0.013021 0.023148
0 0.008073 0.351852 0.015104 0.024074
0 0.615885 0.980093 0.019271 0.030556
0 0.098698 0.325926 0.013021 0.025926
0 0.207552 0.145833 0.017188 0.025000
0 0.026042 0.273148 0.015625 0.025926
0 0.117188 0.701389 0.014583 0.023148
0 0.172917 0.144907 0.015625 0.025000
0 0.007812 0.325463 0.015625 0.023148
0 0.026042 0.700926 0.014583 0.025926
0 0.008333 0.727778 0.016667 0.020370
0 0.894271 0.034259 0.013542 0.022222
0 0.676562 0.088426 0.012500 0.021296
0 0.909896 0.033796 0.013542 0.025000
0 0.967708 0.146296 0.019792 0.022222
0 0.062500 0.221759 0.013542 0.023148
0 0.477604 0.977778 0.017708 0.027778
0 0.124740 0.756481 0.007812 0.016667
0 0.044271 0.352778 0.015625 0.025926
0 0.117969 0.326389 0.017188 0.023148
0 0.946354 0.146296 0.013542 0.022222
0 0.098958 0.635185 0.016667 0.025926
0 0.062500 0.299074 0.013542 0.024074
0 0.080469 0.325926 0.015104 0.025926
0 0.747656 0.088889 0.014063 0.022222
0 0.063021 0.727315 0.015625 0.021296
0 0.043750 0.584259 0.015625 0.022222
0 0.025781 0.299537 0.014063 0.025000
0 0.117448 0.248148 0.014063 0.025926
0 0.694792 0.088889 0.014583 0.020370
0 0.711979 0.088889 0.013542 0.022222
0 0.008073 0.663889 0.016146 0.029630
0 0.729948 0.088889 0.015104 0.024074
0 0.062240 0.325463 0.013021 0.025000
0 0.592708 0.979630 0.018750 0.031481
0 0.546615 0.977778 0.017188 0.025926
0 0.501042 0.976852 0.017708 0.024074
0 0.846875 0.199537 0.035417 0.028704
0 0.570052 0.978704 0.018229 0.027778
0 0.025000 0.248148 0.015625 0.024074
0 0.044010 0.610648 0.015104 0.023148
0 0.080729 0.700926 0.012500 0.024074
0 0.988281 0.010648 0.014063 0.021296
0 0.008073 0.247222 0.013021 0.024074
0 0.080469 0.610185 0.015104 0.022222
0 0.063281 0.247222 0.015104 0.024074
0 0.025781 0.662963 0.014063 0.029630
0 0.115885 0.172222 0.010937 0.020370
0 0.115104 0.561111 0.009375 0.018519
0 0.044010 0.272685 0.015104 0.025000
0 0.098698 0.273611 0.013021 0.025000
0 0.044010 0.662500 0.014063 0.028704
0 0.044271 0.298611 0.014583 0.025000
0 0.080729 0.299074 0.014583 0.024074
0 0.044010 0.636574 0.015104 0.025000
0 0.080469 0.272685 0.015104 0.025000
0 0.118490 0.300463 0.017188 0.025000
0 0.044531 0.726852 0.015104 0.020370
0 0.088542 0.082870 0.023958 0.060185
0 0.025521 0.636111 0.016667 0.024074
0 0.065104 0.083796 0.021875 0.060185
0 0.025781 0.325463 0.015104 0.023148
0 0.371354 0.147222 0.014583 0.022222
0 0.008594 0.221759 0.014063 0.025000
0 0.044271 0.700926 0.014583 0.025926
0 0.080729 0.247222 0.014583 0.024074
0 0.099479 0.299537 0.013542 0.025000
0 0.070573 0.830556 0.141146 0.027778
0 0.080469 0.635648 0.015104 0.025000
0 0.063281 0.700463 0.017188 0.025000
0 0.408333 0.976389 0.116667 0.034259
0 0.080469 0.727315 0.014063 0.023148
0 0.099219 0.701389 0.014063 0.023148
0 0.062240 0.636111 0.016146 0.025926
0 0.044010 0.325463 0.014063 0.025000
0 0.062500 0.662500 0.015625 0.028704
0 0.116927 0.273611 0.014063 0.023148
0 0.062500 0.272685 0.014583 0.025000
0 0.062500 0.610648 0.014583 0.021296
0 0.523958 0.977315 0.017708 0.025000
0 0.043750 0.247222 0.013542 0.024074
0 0.098437 0.247685 0.012500 0.025000
0 0.024479 0.195370 0.013542 0.025926
0 0.848628 0.620556 0.035870 0.013167
0 0.932703 0.978199 0.012104 0.019361
0 0.851411 0.321231 0.042188 0.015741
0 0.189583 0.088426 0.134375 0.021296
0 0.837990 0.657870 0.015104 0.017593
0 0.070133 0.857870 0.140266 0.026852
0 0.110786 0.089940 0.017708 0.023454
0 0.925260 0.654630 0.149479 0.016667
0 0.925208 0.706944 0.149375 0.015741
0 0.965714 0.172037 0.007656 0.010741
0 0.356570 0.089917 0.144776 0.023685
0 0.925253 0.672111 0.149495 0.016481
0 0.731258 0.063519 0.034203 0.024815
0 0.182146 0.862750 0.044250 0.082833
0 0.914521 0.532343 0.169469 0.015685
0 0.914216 0.285296 0.168224 0.015519
0 0.070672 0.906194 0.140625 0.027778
0 0.882490 0.199537 0.032292 0.028704
0 0.914693 0.303431 0.168531 0.016843
0 0.643750 0.062926 0.019792 0.023148
0 0.918948 0.200463 0.036458 0.025000
0 0.641799 0.088819 0.014286 0.019176
0 0.272990 0.090370 0.020042 0.023056
0 0.925156 0.689574 0.149271 0.016667
0 0.112432 0.063426 0.018750 0.021296
0 0.919943 0.062361 0.036458 0.025000
0 0.789005 0.065889 0.014948 0.023222
0 0.955505 0.080648 0.021875 0.056593
0 0.838193 0.682194 0.015625 0.022222
0 0.915122 0.268361 0.169755 0.016630
0 0.858880 0.080491 0.023802 0.045167
0 0.518750 0.063750 0.138542 0.024352
0 0.772135 0.066667 0.017188 0.022222
0 0.441896 0.062343 0.015625 0.024074
0 0.510547 0.088426 0.153385 0.025000
0 0.883734 0.082407 0.023958 0.053704
0 0.272656 0.064352 0.021354 0.025000
0 0.821065 0.089718 0.010568 0.018250
0 0.983339 0.080037 0.025521 0.063889
0 0.805990 0.066389 0.017188 0.023519
0 0.933568 0.034259 0.022344 0.024074
0 0.040885 0.081685 0.021354 0.061111
0 0.356044 0.064338 0.145099 0.024417
0 0.190289 0.063574 0.134005 0.022500
0 0.015714 0.081537 0.026562 0.062037
0 0.072365 0.804630 0.141146 0.027778
0 0.683922 0.063565 0.060365 0.024722
0 0.918917 0.409778 0.159562 0.019444
0 0.844479 0.373148 0.030625 0.016667
0 0.919419 0.462065 0.160432 0.014815
0 0.918542 0.337963 0.162917 0.018519
0 0.946313 0.977315 0.011854 0.026852
0 0.974740 0.033796 0.047396 0.025000
0 0.009229 0.033796 0.014063 0.023148
0 0.914557 0.918056 0.170885 0.023148
0 0.125667 0.171861 0.007812 0.017593
0 0.837490 0.064741 0.015083 0.022778
0 0.975135 0.171333 0.008854 0.014815
0 0.919573 0.976852 0.012417 0.027778
0 0.135135 0.757074 0.006250 0.018630
0 0.915057 0.496713 0.169260 0.014981
0 0.938891 0.009722 0.011458 0.019444
0 0.196359 0.212324 0.088021 0.018519
0 0.919086 0.427134 0.160266 0.013324
0 0.291458 0.144907 0.143125 0.025000
0 0.928984 0.090750 0.017188 0.027778
0 0.914583 0.514352 0.169792 0.019444
0 0.919115 0.444972 0.159167 0.015611
0 0.026271 0.145778 0.050000 0.027778
0 0.919398 0.391556 0.160786 0.015222
0 0.914620 0.250472 0.169323 0.016574
0 0.026805 0.033417 0.017130 0.025093
0 0.046826 0.033208 0.017359 0.018102
0 0.070779 0.033417 0.023609 0.018519
0 0.098206 0.031565 0.019672 0.023037
0 0.119844 0.034449 0.015271 0.013991
0 0.139747 0.033829 0.019443 0.016861
0 0.161503 0.033829 0.016203 0.018509
0 0.186615 0.034032 0.025687 0.019750
0 0.214966 0.034037 0.022214 0.018926
0 0.963862 0.009708 0.012422 0.016565
0 0.984844 0.171769 0.007812 0.013981
0 0.910495 0.090157 0.017708 0.026852
0 0.872422 0.637037 0.067760 0.014815
0 0.976865 0.976991 0.039656 0.028111
0 0.771276 0.090750 0.016604 0.020630
0 0.788180 0.089685 0.015203 0.020630
0 0.804581 0.090042 0.015203 0.019917
0 0.821383 0.066037 0.010005 0.018852
0 0.914898 0.549167 0.170026 0.015296
0 0.914742 0.567125 0.170516 0.017787
0 0.914698 0.584727 0.170427 0.016713
0 0.914943 0.602333 0.170115 0.017778
