0 0.112107 0.128545 0.005793 0.012243
0 0.922102 0.437688 0.141797 0.011917
0 0.921973 0.424646 0.141797 0.011917
0 0.922102 0.411833 0.141797 0.011917
0 0.922102 0.399465 0.141797 0.011917
0 0.863457 0.280531 0.024008 0.010243
0 0.921641 0.345635 0.141797 0.011924
0 0.921215 0.333174 0.141797 0.011917
0 0.922238 0.294153 0.141797 0.011917
0 0.921801 0.319125 0.141797 0.011917
0 0.988281 0.483278 0.005281 0.016125
0 0.922238 0.306118 0.141797 0.011917
0 0.980539 0.482271 0.006234 0.011083
0 0.922113 0.226729 0.141797 0.011917
0 0.950863 0.980677 0.006281 0.020382
0 0.921969 0.199674 0.141797 0.011917
0 0.996260 0.587594 0.005879 0.011757
0 0.988502 0.586573 0.005715 0.011757
0 0.980623 0.586285 0.004980 0.011181
0 0.973561 0.586069 0.007348 0.009292
0 0.922113 0.212160 0.141797 0.011917
0 0.996174 0.484285 0.005387 0.011417
0 0.866598 0.240069 0.032312 0.012431
0 0.922848 0.253785 0.141797 0.011917
0 0.973078 0.483698 0.007180 0.011257
0 0.921334 0.462972 0.141785 0.012611
0 0.921969 0.187188 0.141797 0.011917
0 0.921594 0.449382 0.141797 0.011917
0 0.996631 0.129267 0.005512 0.013771
0 0.980807 0.129118 0.004605 0.013722
0 0.118939 0.128062 0.006340 0.013208
0 0.059961 0.165625 0.010547 0.017361
0 0.629297 0.983681 0.014063 0.024306
0 0.560742 0.983333 0.014453 0.022222
0 0.046484 0.582639 0.011719 0.018056
0 0.578125 0.983333 0.014063 0.022222
0 0.543359 0.982986 0.014063 0.021528
0 0.059961 0.582639 0.011328 0.018056
0 0.491602 0.982292 0.013672 0.020139
0 0.033203 0.582639 0.011719 0.018056
0 0.863086 0.148611 0.026172 0.022222
0 0.526172 0.982292 0.014063 0.021528
0 0.508984 0.981944 0.014063 0.020833
0 0.066406 0.060764 0.017969 0.043750
0 0.595313 0.983681 0.013281 0.021528
0 0.672656 0.066319 0.011719 0.017361
0 0.046680 0.203819 0.011328 0.018750
0 0.916211 0.149306 0.026953 0.019444
0 0.888867 0.148958 0.024609 0.021528
0 0.049219 0.061111 0.017188 0.045833
0 0.046484 0.224653 0.011719 0.020139
0 0.031055 0.060764 0.016016 0.045139
0 0.032617 0.204167 0.010547 0.019444
0 0.060352 0.224653 0.010547 0.021528
0 0.060352 0.204167 0.010547 0.018056
0 0.032617 0.224306 0.010547 0.019444
0 0.658789 0.066319 0.009766 0.017361
0 0.156445 0.109028 0.011328 0.019444
0 0.046680 0.602431 0.011328 0.020139
0 0.046484 0.184722 0.010937 0.018056
0 0.959375 0.108681 0.012500 0.018750
0 0.115625 0.204167 0.011719 0.018056
0 0.033203 0.602778 0.010937 0.019444
0 0.019531 0.582986 0.011719 0.017361
0 0.142383 0.109028 0.014453 0.019444
0 0.607422 0.056250 0.027344 0.041667
0 0.127344 0.109028 0.012500 0.018056
0 0.059961 0.602431 0.010547 0.020139
0 0.115625 0.223611 0.011719 0.018056
0 0.032813 0.184375 0.010156 0.017361
0 0.101562 0.581944 0.011719 0.018056
0 0.018750 0.224306 0.010937 0.018056
0 0.101562 0.204167 0.010937 0.018056
0 0.011914 0.060417 0.021484 0.045833
0 0.019141 0.602431 0.010937 0.018750
0 0.645312 0.065972 0.010156 0.016667
0 0.005859 0.582986 0.011719 0.018750
0 0.060352 0.184722 0.010547 0.018056
0 0.019141 0.204514 0.011719 0.018750
0 0.087891 0.165972 0.010937 0.018056
0 0.005664 0.204167 0.011328 0.019444
0 0.019336 0.108681 0.037891 0.021528
0 0.019531 0.937153 0.011719 0.015972
0 0.005664 0.602431 0.011328 0.018750
0 0.006055 0.937500 0.012109 0.016667
0 0.115820 0.185069 0.011328 0.018750
0 0.113867 0.109375 0.012891 0.018750
0 0.795312 0.059375 0.017969 0.036806
0 0.421875 0.980556 0.088281 0.027778
0 0.047461 0.917708 0.012109 0.017361
0 0.169727 0.109028 0.013672 0.020833
0 0.196875 0.109028 0.012500 0.020833
0 0.612500 0.984028 0.014063 0.022222
0 0.633984 0.045486 0.014844 0.015972
0 0.183789 0.109028 0.011328 0.020833
0 0.664648 0.046875 0.045703 0.018750
0 0.005664 0.185069 0.011328 0.018750
0 0.871289 0.605903 0.012891 0.017361
0 0.632227 0.066319 0.011328 0.018750
0 0.101172 0.224306 0.010937 0.019444
0 0.101367 0.602778 0.011328 0.019444
0 0.369336 0.981944 0.015234 0.020833
0 0.019531 0.184722 0.010937 0.018056
0 0.032813 0.938194 0.010937 0.015278
0 0.116016 0.581597 0.012500 0.017361
0 0.813477 0.060069 0.019922 0.039583
0 0.101562 0.185069 0.010937 0.018750
0 0.756250 0.067708 0.010156 0.017361
0 0.072852 0.109722 0.012109 0.019444
0 0.020117 0.918056 0.012891 0.018056
0 0.932617 0.023958 0.009766 0.017361
0 0.059180 0.109375 0.011328 0.018750
0 0.949609 0.024306 0.016406 0.018056
0 0.210742 0.109375 0.012109 0.020139
0 0.033008 0.918056 0.011328 0.018056
0 0.045508 0.109375 0.012109 0.018750
0 0.019141 0.562847 0.011719 0.017361
0 0.298438 0.108333 0.106250 0.022222
0 0.779297 0.047917 0.012500 0.016667
0 0.006055 0.023611 0.011328 0.013889
0 0.358594 0.110069 0.011719 0.017361
0 0.756055 0.048264 0.011328 0.017361
0 0.700781 0.046875 0.026562 0.017361
0 0.920117 0.024653 0.012109 0.018750
0 0.087305 0.562500 0.012109 0.016667
0 0.767578 0.067014 0.009375 0.017361
0 0.177734 0.023611 0.013281 0.016667
0 0.990820 0.107639 0.013672 0.016667
0 0.005859 0.562847 0.011719 0.018750
0 0.975000 0.107986 0.014063 0.017361
0 0.743555 0.067708 0.012109 0.017361
0 0.927539 0.981250 0.013672 0.019444
0 0.729492 0.047917 0.013672 0.018056
0 0.005273 0.223611 0.010547 0.018056
0 0.083594 0.046181 0.014844 0.015972
0 0.743359 0.048264 0.011719 0.017361
0 0.153320 0.896528 0.033984 0.056944
0 0.916406 0.605903 0.013281 0.018750
0 0.019922 0.023611 0.010937 0.015278
0 0.115039 0.165972 0.011328 0.018056
0 0.767773 0.047917 0.010547 0.016667
0 0.342578 0.046528 0.153906 0.022222
0 0.902539 0.605903 0.012891 0.018750
0 0.848242 0.064931 0.014453 0.020139
0 0.921484 0.385069 0.140625 0.014583
0 0.986328 0.059722 0.019531 0.047222
0 0.059961 0.562847 0.011328 0.015972
0 0.087305 0.602431 0.012109 0.020139
0 0.886328 0.605556 0.013281 0.018056
0 0.160742 0.022917 0.016016 0.015278
0 0.856250 0.606250 0.013281 0.018056
0 0.060742 0.918056 0.011328 0.018056
0 0.931836 0.606250 0.012109 0.018056
0 0.121094 0.022917 0.011719 0.013889
0 0.729883 0.067014 0.012109 0.017361
0 0.101758 0.562847 0.012109 0.015972
0 0.034375 0.023611 0.014063 0.013889
0 0.105469 0.022917 0.015625 0.013889
0 0.866992 0.057639 0.017578 0.038889
0 0.833398 0.065278 0.012891 0.019444
0 0.088086 0.203819 0.010547 0.018750
0 0.115430 0.147222 0.010547 0.018056
0 0.006055 0.918056 0.012109 0.018056
0 0.032813 0.165625 0.010156 0.017361
0 0.139648 0.022917 0.020703 0.015278
0 0.115430 0.561806 0.011328 0.016667
0 0.053125 0.023611 0.018750 0.013889
0 0.032422 0.562500 0.011719 0.016667
0 0.474219 0.982639 0.013281 0.020833
0 0.072461 0.023611 0.013672 0.013889
0 0.685352 0.065972 0.010547 0.018056
0 0.224219 0.109375 0.012500 0.020139
0 0.101562 0.146528 0.010937 0.018056
0 0.086133 0.109722 0.012109 0.019444
0 0.046289 0.562500 0.011328 0.016667
0 0.073828 0.918056 0.012500 0.018056
0 0.429492 0.047569 0.011328 0.017361
0 0.099805 0.109722 0.012891 0.019444
0 0.005469 0.146181 0.010937 0.020139
0 0.256445 0.066319 0.014453 0.017361
0 0.088086 0.917361 0.011328 0.018056
0 0.074609 0.146181 0.013281 0.018750
0 0.073438 0.582639 0.010937 0.018056
0 0.019336 0.145833 0.011328 0.019444
0 0.982227 0.980903 0.026172 0.022917
0 0.910937 0.981597 0.014063 0.020139
0 0.971289 0.007292 0.012109 0.014583
0 0.073633 0.184722 0.011328 0.018056
0 0.073633 0.562847 0.011328 0.015972
0 0.059961 0.146181 0.009766 0.018750
0 0.088672 0.022917 0.011719 0.012500
0 0.991602 0.007639 0.012109 0.015278
0 0.238281 0.109722 0.013281 0.020833
0 0.954297 0.006944 0.010156 0.013889
0 0.842969 0.131597 0.010156 0.014583
0 0.074023 0.224653 0.011328 0.021528
0 0.074023 0.204167 0.011328 0.018056
0 0.698438 0.065625 0.011719 0.017361
0 0.087500 0.582639 0.012500 0.018056
0 0.032617 0.145833 0.011328 0.019444
0 0.711523 0.065625 0.012109 0.017361
0 0.073438 0.602778 0.010937 0.020833
0 0.046875 0.145833 0.010156 0.019444
0 0.088281 0.224306 0.010937 0.020833
0 0.088281 0.185069 0.010937 0.018750
0 0.475195 0.985069 0.012891 0.020139
0 0.898242 0.981250 0.011328 0.020833
0 0.778125 0.065278 0.012500 0.020833
0 0.083887 0.067014 0.012109 0.020139
0 0.513383 0.047135 0.154016 0.017882
0 0.104496 0.129514 0.005945 0.014583
0 0.507078 0.066576 0.165625 0.020833
0 0.980375 0.027340 0.032813 0.020139
0 0.142715 0.128819 0.037773 0.017361
0 0.941855 0.980903 0.011836 0.020139
0 0.168006 0.129278 0.008363 0.015278
0 0.921391 0.371160 0.139844 0.015972
0 0.988305 0.129188 0.008203 0.015278
0 0.840977 0.046875 0.029766 0.017361
0 0.101074 0.917361 0.013086 0.019444
0 0.960508 0.980792 0.010547 0.020139
0 0.116410 0.918063 0.014844 0.021528
0 0.872012 0.626736 0.043242 0.015972
0 0.343035 0.066160 0.155469 0.019444
0 0.973723 0.128819 0.008594 0.013194
0 0.169871 0.047875 0.155469 0.018139
0 0.171187 0.066819 0.157422 0.017333
0 0.257559 0.047569 0.015898 0.018750
