0 0.921598 0.372688 0.141797 0.011917
0 0.921887 0.385847 0.141797 0.011917
0 0.921598 0.399264 0.141797 0.011917
0 0.925148 0.463049 0.149703 0.015681
0 0.973502 0.484326 0.009160 0.014500
0 0.980967 0.483101 0.004770 0.013382
0 0.988305 0.483545 0.006398 0.013382
0 0.996254 0.484993 0.007492 0.014500
0 0.972701 0.585441 0.008746 0.013479
0 0.980615 0.585990 0.005895 0.012715
0 0.987830 0.585319 0.007277 0.010486
0 0.995545 0.585431 0.007402 0.012042
0 0.951670 0.981767 0.007777 0.016951
0 0.104277 0.544063 0.007805 0.014847
0 0.112572 0.545316 0.007051 0.012340
0 0.119729 0.546181 0.006613 0.010986
0 0.087656 0.146229 0.009961 0.018000
0 0.074736 0.167094 0.013934 0.018285
0 0.101547 0.165226 0.010531 0.017424
0 0.005307 0.165885 0.010613 0.015660
0 0.019232 0.165635 0.011246 0.015826
0 0.084723 0.045736 0.014844 0.015972
0 0.814277 0.060069 0.018320 0.039583
0 0.143766 0.129938 0.038594 0.017361
0 0.634738 0.047174 0.014844 0.016667
0 0.911523 0.981250 0.014063 0.020833
0 0.218418 0.108333 0.108477 0.020833
0 0.924152 0.449750 0.135937 0.010417
0 0.941680 0.980903 0.011484 0.020139
0 0.116297 0.562576 0.011328 0.016667
0 0.980594 0.025299 0.033422 0.020139
0 0.507223 0.066660 0.165625 0.020833
0 0.833543 0.065278 0.012891 0.019444
0 0.344176 0.066278 0.156641 0.017861
0 0.170023 0.065931 0.155344 0.016889
0 0.513766 0.047924 0.153719 0.014597
0 0.258207 0.047319 0.014070 0.019444
0 0.170602 0.048851 0.155469 0.017729
0 0.699871 0.047000 0.023906 0.018056
0 0.849258 0.065444 0.014453 0.020139
0 0.343309 0.046674 0.155469 0.018347
0 0.116562 0.166493 0.013594 0.019097
0 0.972293 0.006622 0.012109 0.013243
0 0.167766 0.129958 0.007828 0.015972
0 0.982031 0.981569 0.025781 0.022917
0 0.841367 0.045840 0.026953 0.017361
0 0.258320 0.065771 0.014063 0.018056
0 0.921605 0.332649 0.140695 0.012618
0 0.033086 0.146000 0.011328 0.019444
0 0.101113 0.917708 0.013164 0.020139
0 0.873066 0.626736 0.046836 0.015972
0 0.961594 0.981000 0.010547 0.020833
0 0.877949 0.413083 0.044742 0.013889
0 0.116180 0.918472 0.015234 0.022222
0 0.020176 0.146250 0.013008 0.020278
0 0.046506 0.165385 0.010121 0.016326
0 0.664932 0.047427 0.043730 0.015410
0 0.973373 0.128014 0.007215 0.011833
0 0.981199 0.128431 0.005063 0.011000
0 0.988838 0.128764 0.006277 0.013000
0 0.996006 0.128431 0.006371 0.011667
0 0.921820 0.186931 0.141797 0.011917
0 0.921820 0.214146 0.141797 0.011917
0 0.921695 0.226635 0.141797 0.011924
0 0.921820 0.241132 0.141797 0.011917
0 0.921945 0.254292 0.141797 0.011917
0 0.922270 0.267149 0.141797 0.011924
0 0.921891 0.279194 0.141797 0.011917
0 0.921891 0.292576 0.141797 0.011917
0 0.922020 0.306406 0.141797 0.011924
0 0.875900 0.318896 0.049059 0.011917
0 0.864674 0.345319 0.028855 0.011375
0 0.921742 0.359007 0.141797 0.011917
0 0.033203 0.602431 0.010937 0.020139
0 0.916016 0.149306 0.026562 0.019444
0 0.046484 0.602431 0.011719 0.020139
0 0.046484 0.184722 0.010937 0.018056
0 0.115625 0.204861 0.011719 0.018056
0 0.032617 0.224306 0.010547 0.019444
0 0.031055 0.060764 0.016016 0.045139
0 0.060352 0.224653 0.010547 0.021528
0 0.889062 0.148958 0.024219 0.021528
0 0.032617 0.204167 0.010547 0.019444
0 0.060352 0.203819 0.010547 0.018750
0 0.049219 0.061111 0.017188 0.045833
0 0.046484 0.224653 0.011719 0.020139
0 0.595117 0.983681 0.013672 0.021528
0 0.046680 0.203819 0.011328 0.018750
0 0.658789 0.065972 0.009766 0.018056
0 0.066406 0.060764 0.017969 0.043750
0 0.508984 0.981944 0.014063 0.020833
0 0.059961 0.582639 0.011328 0.018056
0 0.526172 0.982292 0.014063 0.021528
0 0.033008 0.582639 0.011328 0.018056
0 0.491602 0.982292 0.013672 0.020139
0 0.672852 0.065972 0.012891 0.018056
0 0.863477 0.148611 0.026953 0.022222
0 0.543359 0.982986 0.014063 0.021528
0 0.577930 0.983333 0.014453 0.022222
0 0.046680 0.582639 0.012109 0.018056
0 0.629297 0.983681 0.014063 0.024306
0 0.560742 0.983333 0.014453 0.022222
0 0.088086 0.185417 0.011328 0.018056
0 0.898242 0.981250 0.011328 0.020833
0 0.088281 0.224306 0.010937 0.020833
0 0.711523 0.065625 0.012109 0.017361
0 0.046680 0.145833 0.010547 0.019444
0 0.073438 0.602778 0.010937 0.020833
0 0.698633 0.065625 0.011328 0.017361
0 0.087500 0.582639 0.012500 0.018056
0 0.074023 0.204167 0.011328 0.018056
0 0.074023 0.224653 0.011328 0.021528
0 0.954297 0.006944 0.010156 0.013889
0 0.842969 0.131597 0.010156 0.014583
0 0.991602 0.007639 0.012109 0.015278
0 0.088672 0.023264 0.011719 0.013194
0 0.073438 0.562847 0.011719 0.015972
0 0.059766 0.146181 0.010156 0.018750
0 0.073828 0.184722 0.011719 0.018056
0 0.088086 0.917361 0.011328 0.018056
0 0.074609 0.146181 0.013281 0.018750
0 0.073438 0.582639 0.010937 0.018056
0 0.005469 0.146181 0.010937 0.020139
0 0.429492 0.047569 0.011328 0.017361
0 0.073828 0.918056 0.012500 0.018056
0 0.046289 0.562500 0.011328 0.016667
0 0.101562 0.146528 0.010937 0.018056
0 0.278711 0.109722 0.012109 0.018056
0 0.032422 0.562500 0.011719 0.016667
0 0.474219 0.982639 0.013281 0.020833
0 0.072656 0.023958 0.014063 0.014583
0 0.139453 0.023958 0.021094 0.015972
0 0.032813 0.165625 0.010156 0.017361
0 0.053125 0.024653 0.018750 0.014583
0 0.006055 0.918056 0.012109 0.018056
0 0.088086 0.203819 0.010547 0.018750
0 0.685742 0.065625 0.010547 0.017361
0 0.105078 0.023264 0.015625 0.014583
0 0.866992 0.057639 0.017578 0.038889
0 0.160742 0.023958 0.016016 0.015972
0 0.931836 0.606250 0.012109 0.018056
0 0.101758 0.562847 0.012109 0.015972
0 0.856445 0.606250 0.012891 0.018056
0 0.729883 0.067014 0.012109 0.017361
0 0.115625 0.147222 0.010156 0.018056
0 0.121094 0.023264 0.011719 0.014583
0 0.102539 0.128819 0.010547 0.015972
0 0.059961 0.562847 0.011328 0.015972
0 0.087305 0.602431 0.012109 0.020139
0 0.060742 0.918056 0.011328 0.018056
0 0.986328 0.059722 0.019531 0.047222
0 0.886328 0.605556 0.013281 0.018056
0 0.033984 0.024306 0.014063 0.015278
0 0.902539 0.605903 0.012891 0.018750
0 0.767773 0.047917 0.010547 0.016667
0 0.153516 0.896181 0.034375 0.057639
0 0.743359 0.048264 0.011719 0.017361
0 0.005273 0.223611 0.010547 0.018056
0 0.729492 0.047917 0.013672 0.018056
0 0.916406 0.605903 0.013281 0.018750
0 0.743555 0.067708 0.012109 0.017361
0 0.019336 0.024306 0.011328 0.015278
0 0.975000 0.107986 0.014063 0.017361
0 0.927539 0.980903 0.013672 0.020139
0 0.005664 0.562847 0.011328 0.018750
0 0.920117 0.024653 0.012109 0.018750
0 0.990820 0.107639 0.013672 0.016667
0 0.177539 0.024306 0.013672 0.016667
0 0.087305 0.562500 0.012109 0.016667
0 0.767578 0.067014 0.009375 0.017361
0 0.756055 0.048264 0.011328 0.017361
0 0.779297 0.047917 0.012500 0.016667
0 0.045312 0.109028 0.011719 0.019444
0 0.156445 0.108681 0.012891 0.018750
0 0.018945 0.562847 0.012109 0.017361
0 0.086328 0.109028 0.012500 0.020833
0 0.949609 0.024306 0.016406 0.018056
0 0.932617 0.024306 0.009766 0.018056
0 0.033203 0.918056 0.011719 0.018056
0 0.005664 0.024306 0.011328 0.015278
0 0.116406 0.128472 0.010156 0.016667
0 0.756250 0.067708 0.010156 0.017361
0 0.073047 0.108681 0.011719 0.020139
0 0.020117 0.918056 0.012891 0.018056
0 0.033008 0.937847 0.011328 0.014583
0 0.116016 0.581250 0.012500 0.018056
0 0.101172 0.224306 0.010937 0.019444
0 0.101562 0.185417 0.010937 0.018056
0 0.019336 0.184722 0.011328 0.018056
0 0.369336 0.981944 0.016016 0.020833
0 0.632227 0.066319 0.011328 0.018750
0 0.871289 0.605903 0.012891 0.017361
0 0.101367 0.603125 0.011328 0.020139
0 0.142969 0.108333 0.013281 0.018056
0 0.005664 0.185069 0.011328 0.018750
0 0.059961 0.165625 0.010547 0.017361
0 0.795312 0.059375 0.017969 0.036806
0 0.421875 0.980903 0.088281 0.028472
0 0.058984 0.108681 0.012500 0.020139
0 0.116211 0.108681 0.012109 0.018750
0 0.047461 0.917708 0.012109 0.017361
0 0.019531 0.937153 0.011719 0.015972
0 0.005664 0.602431 0.011328 0.018750
0 0.612500 0.984028 0.014063 0.022222
0 0.129102 0.108333 0.010547 0.018056
0 0.005664 0.204167 0.011328 0.019444
0 0.006055 0.937500 0.012109 0.016667
0 0.101367 0.108681 0.014453 0.020139
0 0.115820 0.185069 0.011328 0.018750
0 0.019336 0.108681 0.037891 0.021528
0 0.087891 0.165972 0.010937 0.018056
0 0.005664 0.582986 0.011328 0.018750
0 0.019141 0.602431 0.010937 0.018750
0 0.019141 0.204514 0.011719 0.018750
0 0.011914 0.060417 0.021484 0.045833
0 0.018750 0.224306 0.010937 0.018056
0 0.101562 0.581944 0.011719 0.018056
0 0.101562 0.204514 0.010937 0.018750
0 0.645312 0.065972 0.010156 0.016667
0 0.607422 0.056250 0.027344 0.041667
0 0.059961 0.602431 0.010547 0.020139
0 0.032813 0.184375 0.010156 0.017361
0 0.083203 0.067361 0.012500 0.020833
0 0.060156 0.184722 0.010156 0.018056
0 0.115820 0.223611 0.012109 0.018056
0 0.959375 0.108681 0.012500 0.018750
0 0.019336 0.582639 0.012109 0.018056
