0 0.938677 0.009250 0.010937 0.016667
0 0.070182 0.924537 0.140365 0.017593
0 0.070602 0.033481 0.022182 0.016667
0 0.963745 0.010130 0.019271 0.019444
0 0.932599 0.975704 0.013115 0.028704
0 0.899740 0.977315 0.020833 0.026852
0 0.046271 0.031852 0.015104 0.020370
0 0.097424 0.032870 0.022193 0.019444
0 0.928289 0.089519 0.018214 0.024667
0 0.509635 0.088889 0.151562 0.024074
0 0.909365 0.090222 0.017188 0.026852
0 0.974635 0.976935 0.038750 0.026852
0 0.167292 0.173611 0.048750 0.017593
0 0.070130 0.858972 0.140260 0.027778
0 0.356391 0.089759 0.144615 0.025852
0 0.111638 0.089375 0.018068 0.026324
0 0.819828 0.173435 0.013542 0.022222
0 0.027625 0.034111 0.014385 0.018519
0 0.915391 0.918056 0.169219 0.023148
0 0.182531 0.865509 0.046292 0.085278
0 0.069617 0.903861 0.139234 0.026852
0 0.838474 0.065204 0.016667 0.019111
0 0.643750 0.062769 0.019792 0.023148
0 0.116542 0.221296 0.013021 0.023148
0 0.008073 0.272685 0.014583 0.023148
0 0.989297 0.145370 0.020260 0.022222
0 0.120086 0.032472 0.018474 0.018833
0 0.111802 0.061120 0.018750 0.022222
0 0.099557 0.195926 0.018906 0.027037
0 0.859010 0.081019 0.024688 0.049074
0 0.024443 0.272685 0.015625 0.025000
0 0.789062 0.066250 0.015625 0.023241
0 0.442823 0.063167 0.015625 0.024074
0 0.273294 0.088102 0.020911 0.024074
0 0.772396 0.066667 0.016667 0.024074
0 0.954167 0.077639 0.021875 0.053426
0 0.520281 0.062500 0.138021 0.026852
0 0.190620 0.087657 0.137500 0.025926
0 0.984464 0.082102 0.025521 0.066667
0 0.973833 0.033787 0.050260 0.021204
0 0.025385 0.247685 0.015625 0.023148
0 0.008984 0.247454 0.015885 0.024537
0 0.356143 0.061782 0.143859 0.027731
0 0.682922 0.061398 0.061458 0.026852
0 0.190615 0.062037 0.137500 0.027778
0 0.805990 0.066528 0.016146 0.023796
0 0.933047 0.034259 0.021302 0.024074
0 0.821354 0.065093 0.013542 0.020926
0 0.273904 0.062519 0.019516 0.025000
0 0.080469 0.272685 0.015104 0.025000
0 0.327083 0.978241 0.020833 0.025000
0 0.133073 0.145833 0.015104 0.021296
0 0.846615 0.977778 0.015104 0.025926
0 0.061719 0.145833 0.018229 0.025000
0 0.603906 0.979630 0.020313 0.031481
0 0.608594 0.077315 0.034896 0.054630
0 0.008594 0.635648 0.014063 0.023148
0 0.098698 0.273611 0.013021 0.025000
0 0.396615 0.976389 0.117188 0.034259
0 0.007812 0.297685 0.015625 0.026852
0 0.994792 0.171759 0.009375 0.017593
0 0.058854 0.584259 0.018750 0.022222
0 0.105990 0.756481 0.009896 0.018519
0 0.116667 0.636574 0.015625 0.025000
0 0.134896 0.756944 0.007292 0.017593
0 0.466146 0.977778 0.016667 0.025926
0 0.115365 0.146296 0.016146 0.024074
0 0.117188 0.585185 0.015625 0.020370
0 0.044010 0.273148 0.015104 0.024074
0 0.080208 0.584722 0.015625 0.019444
0 0.025260 0.195833 0.011979 0.025000
0 0.117188 0.701389 0.014583 0.023148
0 0.098698 0.609722 0.016146 0.023148
0 0.025521 0.584259 0.017708 0.024074
0 0.026042 0.726852 0.015625 0.020370
0 0.627344 0.980556 0.016146 0.027778
0 0.881250 0.199537 0.033333 0.028704
0 0.062500 0.195370 0.013542 0.024074
0 0.227083 0.146296 0.017708 0.024074
0 0.152083 0.145833 0.018750 0.025000
0 0.007812 0.610185 0.015625 0.022222
0 0.061719 0.583796 0.015104 0.021296
0 0.984375 0.171296 0.009375 0.016667
0 0.044010 0.636574 0.015104 0.025000
0 0.694792 0.088426 0.017708 0.023148
0 0.711979 0.088889 0.013542 0.022222
0 0.172135 0.146296 0.018229 0.025926
0 0.008073 0.351852 0.015104 0.024074
0 0.080469 0.221296 0.013021 0.022222
0 0.025521 0.325000 0.015625 0.022222
0 0.116927 0.274074 0.014063 0.022222
0 0.650260 0.981481 0.017188 0.029630
0 0.008073 0.700926 0.016146 0.025926
0 0.659115 0.088426 0.013021 0.021296
0 0.894531 0.034259 0.014063 0.022222
0 0.044010 0.222222 0.013021 0.022222
0 0.063021 0.726852 0.015625 0.020370
0 0.117969 0.326389 0.017188 0.023148
0 0.534896 0.977315 0.017708 0.025000
0 0.063281 0.700463 0.017188 0.025000
0 0.025521 0.636111 0.016667 0.024074
0 0.044531 0.726852 0.015104 0.020370
0 0.080469 0.325926 0.015104 0.025926
0 0.489844 0.977315 0.018229 0.023148
0 0.043750 0.247685 0.013542 0.023148
0 0.025781 0.662500 0.014063 0.028704
0 0.080469 0.727315 0.014063 0.023148
0 0.946354 0.146296 0.013542 0.022222
0 0.025521 0.352315 0.014583 0.025000
0 0.207813 0.146296 0.014583 0.024074
0 0.044010 0.662500 0.014063 0.028704
0 0.008333 0.727778 0.016667 0.020370
0 0.967708 0.145833 0.019792 0.023148
0 0.190365 0.146296 0.015104 0.025926
0 0.879948 0.977315 0.014063 0.026852
0 0.672917 0.981019 0.016667 0.028704
0 0.026302 0.700926 0.014063 0.025926
0 0.731510 0.062963 0.035937 0.025926
0 0.097135 0.146296 0.017188 0.024074
0 0.008073 0.663426 0.016146 0.028704
0 0.070573 0.831019 0.141146 0.026852
0 0.512760 0.977315 0.017188 0.025000
0 0.042448 0.195370 0.018229 0.025926
0 0.080469 0.610185 0.015104 0.022222
0 0.964844 0.172222 0.009896 0.016667
0 0.641927 0.089815 0.015104 0.022222
0 0.025521 0.222222 0.014583 0.024074
0 0.918490 0.063889 0.036979 0.025926
0 0.116146 0.609722 0.015625 0.023148
0 0.079948 0.194907 0.013021 0.023148
0 0.062500 0.272685 0.014583 0.025000
0 0.007812 0.584722 0.015625 0.025000
0 0.063021 0.247222 0.015625 0.024074
0 0.883333 0.081481 0.023958 0.053704
0 0.062240 0.325463 0.013021 0.025000
0 0.025781 0.145370 0.050521 0.027778
0 0.115104 0.756481 0.006250 0.016667
0 0.080729 0.247222 0.014583 0.024074
0 0.558333 0.978241 0.018750 0.026852
0 0.062240 0.636111 0.016146 0.025926
0 0.080469 0.662037 0.014063 0.027778
0 0.070573 0.804630 0.141146 0.027778
0 0.008333 0.194907 0.016667 0.025000
0 0.044010 0.610648 0.015104 0.023148
0 0.080469 0.635648 0.015104 0.025000
0 0.044271 0.352778 0.015625 0.025926
0 0.118750 0.300463 0.017708 0.025000
0 0.080990 0.700463 0.013021 0.023148
0 0.062500 0.610648 0.014583 0.021296
0 0.747656 0.088889 0.014063 0.022222
0 0.008594 0.221759 0.014063 0.025000
0 0.730208 0.088889 0.014583 0.022222
0 0.044271 0.298611 0.014583 0.025000
0 0.676562 0.087963 0.012500 0.022222
0 0.117188 0.247685 0.013542 0.025000
0 0.098698 0.325463 0.013021 0.025000
0 0.062500 0.662500 0.015625 0.028704
0 0.917708 0.200463 0.036458 0.025000
0 0.043750 0.584259 0.015625 0.022222
0 0.062500 0.299074 0.013542 0.024074
0 0.988021 0.010648 0.014583 0.021296
0 0.580729 0.979167 0.018750 0.030556
0 0.062500 0.221759 0.013542 0.023148
0 0.846875 0.199537 0.035417 0.028704
0 0.007812 0.325463 0.015625 0.023148
0 0.124740 0.756481 0.007812 0.016667
0 0.974479 0.172222 0.008333 0.014815
0 0.065104 0.083333 0.021875 0.059259
0 0.098437 0.247685 0.012500 0.025000
0 0.080729 0.299074 0.014583 0.024074
0 0.098698 0.636111 0.015104 0.024074
0 0.909896 0.034259 0.013542 0.024074
0 0.863281 0.977315 0.015104 0.026852
0 0.197656 0.173611 0.008854 0.019444
0 0.135156 0.560185 0.007812 0.016667
0 0.088542 0.082870 0.023958 0.060185
0 0.079427 0.145370 0.014063 0.024074
0 0.044010 0.700926 0.014063 0.025926
0 0.099219 0.701389 0.014063 0.023148
0 0.025781 0.299537 0.014063 0.025000
0 0.025781 0.609722 0.017188 0.019444
0 0.135156 0.172222 0.009896 0.020370
0 0.099479 0.300000 0.013542 0.024074
0 0.044010 0.325463 0.014063 0.023148
0 0.115104 0.561111 0.009375 0.018519
0 0.124479 0.561111 0.007292 0.016667
0 0.115625 0.172685 0.010417 0.019444
0 0.040885 0.083333 0.021354 0.061111
0 0.016406 0.081944 0.026562 0.062037
0 0.124740 0.172685 0.007812 0.017593
0 0.116667 0.195370 0.011458 0.022222
0 0.098958 0.585185 0.016667 0.020370
0 0.622917 0.192130 0.006250 0.023148
0 0.189323 0.212500 0.077604 0.019444
0 0.098698 0.172685 0.019271 0.019444
0 0.099219 0.221296 0.014063 0.022222
0 0.919010 0.976389 0.013021 0.026852
0 0.008333 0.032870 0.014583 0.021296
0 0.945438 0.975731 0.010333 0.022963
0 0.820224 0.088546 0.012802 0.019556
0 0.805320 0.090681 0.015807 0.020972
0 0.788661 0.090208 0.016073 0.020639
0 0.771753 0.090208 0.016630 0.021824
0 0.238589 0.033995 0.019000 0.021028
0 0.213674 0.032403 0.022943 0.019120
0 0.186427 0.032398 0.026531 0.024222
0 0.161154 0.033037 0.016849 0.021667
0 0.141258 0.034949 0.017922 0.019120
