0 0.047393 0.034194 0.017922 0.018519
0 0.069906 0.833324 0.139813 0.027778
0 0.273104 0.063667 0.021094 0.025000
0 0.806250 0.065370 0.016667 0.021481
0 0.933099 0.033815 0.021406 0.024074
0 0.821354 0.065000 0.013542 0.020741
0 0.884026 0.080713 0.024479 0.053704
0 0.190161 0.064472 0.134052 0.021722
0 0.789062 0.065741 0.015625 0.022222
0 0.772135 0.065509 0.017188 0.021759
0 0.009479 0.247500 0.016875 0.024630
0 0.027490 0.247852 0.015625 0.024074
0 0.684117 0.063347 0.059682 0.024472
0 0.188776 0.088657 0.136927 0.024537
0 0.443000 0.063231 0.015625 0.024074
0 0.356201 0.063236 0.144682 0.023139
0 0.272812 0.090278 0.020625 0.025000
0 0.518768 0.063181 0.135172 0.024694
0 0.100000 0.195880 0.019792 0.026944
0 0.859401 0.081481 0.023906 0.050000
0 0.045141 0.272259 0.015625 0.025926
0 0.112766 0.062241 0.018750 0.021296
0 0.732620 0.062176 0.035937 0.025926
0 0.110771 0.091000 0.016667 0.027778
0 0.641312 0.089454 0.013542 0.021296
0 0.963953 0.170315 0.009896 0.017593
0 0.837375 0.065074 0.016833 0.016852
0 0.644328 0.062083 0.019792 0.024074
0 0.045190 0.195514 0.015693 0.019731
0 0.512971 0.090398 0.157505 0.026852
0 0.910943 0.089222 0.013833 0.025833
0 0.178094 0.868731 0.043750 0.077944
0 0.820807 0.174074 0.017656 0.022222
0 0.069979 0.905093 0.139958 0.026852
0 0.027422 0.196435 0.016302 0.026204
0 0.928583 0.088532 0.015625 0.022620
0 0.357247 0.088727 0.143422 0.026620
0 0.945737 0.976347 0.010870 0.026083
0 0.939323 0.008926 0.010937 0.016667
0 0.914997 0.284463 0.169380 0.016667
0 0.026578 0.033759 0.015104 0.020370
0 0.914323 0.916944 0.171354 0.019815
0 0.661135 0.090213 0.017708 0.025926
0 0.919687 0.977037 0.011667 0.025556
0 0.914297 0.249537 0.170260 0.015741
0 0.975885 0.977986 0.035729 0.029120
0 0.933219 0.977875 0.012615 0.020454
0 0.027344 0.272694 0.012917 0.023241
0 0.847969 0.319907 0.034271 0.017593
0 0.915487 0.301620 0.169026 0.017593
0 0.914818 0.266667 0.170260 0.016667
0 0.071427 0.034074 0.022708 0.015741
0 0.913221 0.227769 0.167620 0.024074
0 0.070169 0.926130 0.140286 0.013667
0 0.919010 0.063333 0.035937 0.026667
0 0.166849 0.172685 0.046198 0.019444
0 0.097474 0.034144 0.019792 0.015713
0 0.140422 0.033287 0.018062 0.018796
0 0.161464 0.033287 0.013646 0.016741
0 0.186927 0.033116 0.025365 0.017769
0 0.214104 0.032847 0.021948 0.017602
0 0.771792 0.090060 0.015938 0.021694
0 0.788516 0.089676 0.015792 0.020926
0 0.804807 0.089292 0.015937 0.022713
0 0.820372 0.088199 0.012776 0.020065
0 0.909896 0.034722 0.013542 0.025000
0 0.070573 0.804630 0.141146 0.027778
0 0.016406 0.081944 0.026562 0.062037
0 0.098698 0.273611 0.013021 0.025000
0 0.065104 0.083333 0.021875 0.059259
0 0.116927 0.273611 0.014063 0.023148
0 0.062240 0.636111 0.016146 0.025926
0 0.080469 0.272685 0.015104 0.025000
0 0.062500 0.272685 0.014583 0.025000
0 0.088542 0.082870 0.023958 0.060185
0 0.080469 0.727315 0.014063 0.023148
0 0.062500 0.610648 0.014583 0.021296
0 0.080469 0.635648 0.015104 0.025000
0 0.044271 0.726852 0.015625 0.020370
0 0.040625 0.083333 0.021875 0.061111
0 0.044010 0.325463 0.014063 0.023148
0 0.044010 0.636111 0.015104 0.025926
0 0.118490 0.300463 0.018229 0.025000
0 0.098437 0.247685 0.012500 0.025000
0 0.099479 0.299537 0.013542 0.025000
0 0.044271 0.298611 0.014583 0.025000
0 0.847135 0.199537 0.035937 0.028704
0 0.080729 0.299074 0.014583 0.024074
0 0.946094 0.146759 0.014063 0.023148
0 0.711979 0.088426 0.013542 0.023148
0 0.025521 0.325463 0.015625 0.023148
0 0.025521 0.636111 0.016667 0.024074
0 0.954167 0.089352 0.021875 0.076852
0 0.044271 0.700926 0.014583 0.025926
0 0.043750 0.247222 0.013542 0.024074
0 0.099219 0.701389 0.014063 0.023148
0 0.694792 0.088426 0.017708 0.023148
0 0.982812 0.082870 0.026042 0.067593
0 0.063281 0.700463 0.017188 0.025000
0 0.044010 0.662500 0.014063 0.028704
0 0.080469 0.610185 0.015104 0.022222
0 0.396875 0.976389 0.117708 0.034259
0 0.080729 0.247222 0.013542 0.024074
0 0.988021 0.010648 0.014583 0.021296
0 0.080469 0.325926 0.015104 0.025926
0 0.747396 0.088889 0.014583 0.022222
0 0.008594 0.221759 0.014063 0.025000
0 0.117188 0.248148 0.013542 0.025926
0 0.729948 0.088889 0.015104 0.022222
0 0.512760 0.977315 0.017188 0.025000
0 0.063281 0.247222 0.015104 0.024074
0 0.044010 0.610648 0.015104 0.023148
0 0.973698 0.033333 0.050521 0.025926
0 0.080990 0.700463 0.013021 0.023148
0 0.558594 0.978704 0.019271 0.027778
0 0.062240 0.325463 0.013021 0.025000
0 0.062500 0.299074 0.013542 0.024074
0 0.025781 0.299537 0.014063 0.025000
0 0.580729 0.979167 0.018750 0.030556
0 0.043750 0.584259 0.015625 0.022222
0 0.044271 0.352778 0.015625 0.025926
0 0.917448 0.200000 0.036979 0.025926
0 0.062500 0.221759 0.013542 0.023148
0 0.118229 0.326389 0.017708 0.025000
0 0.604167 0.979630 0.020833 0.031481
0 0.967448 0.145833 0.020313 0.023148
0 0.025781 0.662963 0.014063 0.029630
0 0.676562 0.087963 0.012500 0.022222
0 0.062500 0.662500 0.015625 0.028704
0 0.490104 0.976852 0.018750 0.024074
0 0.007812 0.325000 0.015625 0.024074
0 0.894531 0.034259 0.014063 0.022222
0 0.008333 0.727778 0.016667 0.020370
0 0.117188 0.701389 0.014583 0.023148
0 0.008073 0.663889 0.016146 0.029630
0 0.098698 0.325926 0.013021 0.025926
0 0.534896 0.977315 0.017708 0.025000
0 0.026042 0.700926 0.014583 0.025926
0 0.044010 0.222222 0.013021 0.022222
0 0.190365 0.146296 0.015104 0.025926
0 0.672917 0.981019 0.016667 0.028704
0 0.207552 0.146296 0.015104 0.024074
0 0.008073 0.352315 0.015104 0.025000
0 0.080469 0.221759 0.013021 0.023148
0 0.063281 0.727315 0.016146 0.021296
0 0.988802 0.145370 0.019271 0.022222
0 0.008073 0.700463 0.016146 0.026852
0 0.172135 0.146296 0.018229 0.025926
0 0.025521 0.352315 0.014583 0.026852
0 0.650260 0.981481 0.017188 0.029630
0 0.152083 0.145833 0.018750 0.025000
0 0.061719 0.583796 0.015104 0.021296
0 0.026042 0.726852 0.015625 0.020370
0 0.227083 0.146296 0.018750 0.024074
0 0.465885 0.977778 0.017188 0.025926
0 0.007812 0.610185 0.015625 0.022222
0 0.116927 0.221759 0.013021 0.023148
0 0.627083 0.980556 0.016667 0.027778
0 0.116667 0.636111 0.015625 0.025926
0 0.881250 0.199537 0.032292 0.028704
0 0.327083 0.978241 0.020833 0.025000
0 0.008594 0.635185 0.014063 0.024074
0 0.008333 0.273148 0.014583 0.024074
0 0.008073 0.298148 0.016146 0.027778
0 0.117188 0.585185 0.015625 0.020370
0 0.025521 0.584259 0.017708 0.024074
0 0.098698 0.636574 0.015104 0.025000
0 0.008333 0.194907 0.016667 0.025000
0 0.098958 0.609722 0.016667 0.023148
0 0.099219 0.221296 0.014063 0.022222
0 0.079948 0.194907 0.013021 0.023148
0 0.007812 0.584722 0.015625 0.025000
0 0.025521 0.222222 0.014583 0.024074
0 0.994531 0.171296 0.009896 0.018519
0 0.879948 0.977778 0.014063 0.025926
0 0.116146 0.609722 0.015625 0.023148
0 0.134896 0.756944 0.007292 0.017593
0 0.080208 0.584259 0.015625 0.020370
0 0.105729 0.756481 0.010417 0.018519
0 0.846875 0.978241 0.014583 0.025000
0 0.115365 0.146296 0.016146 0.024074
0 0.062500 0.195370 0.013542 0.024074
0 0.116406 0.194907 0.010937 0.023148
0 0.863021 0.977778 0.015625 0.025926
0 0.133073 0.145833 0.015104 0.021296
0 0.115104 0.561111 0.009375 0.018519
0 0.080469 0.662037 0.014063 0.027778
0 0.608854 0.077778 0.035417 0.057407
0 0.098958 0.585185 0.016667 0.022222
0 0.115104 0.756481 0.006250 0.016667
0 0.097135 0.145833 0.017188 0.025000
0 0.984375 0.170833 0.009375 0.017593
0 0.115625 0.172222 0.010417 0.020370
0 0.025781 0.609259 0.017188 0.020370
0 0.070312 0.857870 0.140625 0.026852
0 0.025781 0.145370 0.050521 0.027778
0 0.124740 0.756481 0.007812 0.016667
0 0.961719 0.010185 0.014063 0.020370
0 0.236979 0.032870 0.016667 0.021296
0 0.124479 0.561111 0.007292 0.016667
0 0.974479 0.172222 0.008333 0.016667
0 0.135156 0.560185 0.007812 0.016667
0 0.197656 0.173611 0.007812 0.019444
0 0.134896 0.172222 0.009375 0.020370
0 0.079167 0.145833 0.013542 0.025000
0 0.124740 0.172685 0.007812 0.017593
0 0.189583 0.212500 0.077083 0.019444
0 0.899479 0.977315 0.021875 0.025000
0 0.008073 0.033796 0.014063 0.023148
0 0.870573 0.338889 0.067187 0.016667
0 0.061458 0.145833 0.016667 0.025000
0 0.116406 0.623148 0.016146 0.050000
0 0.119792 0.033333 0.016667 0.022222
