0 0.863021 0.978704 0.014583 0.029630
0 0.070312 0.905093 0.140625 0.026852
0 0.701042 0.728241 0.041667 0.025000
0 0.661198 0.979630 0.017188 0.025926
0 0.539062 0.727778 0.041667 0.025926
0 0.641406 0.090278 0.014063 0.023148
0 0.007812 0.584722 0.015625 0.025000
0 0.008594 0.635648 0.014063 0.023148
0 0.881250 0.199537 0.032292 0.028704
0 0.338281 0.977778 0.018229 0.025926
0 0.152083 0.146296 0.018750 0.024074
0 0.638542 0.979630 0.015625 0.025926
0 0.008333 0.194907 0.016667 0.025000
0 0.227083 0.146759 0.017708 0.023148
0 0.098958 0.610185 0.015625 0.024074
0 0.964583 0.172685 0.009375 0.015741
0 0.853125 0.827315 0.041667 0.025000
0 0.441667 0.064352 0.015625 0.023148
0 0.894531 0.034259 0.014063 0.022222
0 0.116927 0.585185 0.015104 0.020370
0 0.008333 0.272685 0.014583 0.023148
0 0.098958 0.636111 0.014583 0.024074
0 0.007812 0.297685 0.015625 0.026852
0 0.190365 0.146296 0.014063 0.024074
0 0.909896 0.034259 0.013542 0.024074
0 0.168047 0.173148 0.048594 0.018519
0 0.116667 0.636574 0.014583 0.023148
0 0.116146 0.610185 0.014583 0.022222
0 0.521771 0.568981 0.096667 0.015741
0 0.518906 0.552778 0.091979 0.016667
0 0.026302 0.726852 0.015104 0.020370
0 0.080208 0.195370 0.012500 0.022222
0 0.988802 0.145370 0.019271 0.022222
0 0.026042 0.700926 0.013542 0.025926
0 0.061719 0.584722 0.015104 0.021296
0 0.946094 0.146759 0.013021 0.021296
0 0.659115 0.088889 0.013021 0.020370
0 0.632812 0.727778 0.041667 0.025926
0 0.172135 0.146296 0.018229 0.025926
0 0.755208 0.728241 0.056250 0.025000
0 0.098958 0.221296 0.013542 0.022222
0 0.616146 0.979630 0.019792 0.029630
0 0.207552 0.146296 0.014063 0.022222
0 0.007812 0.610648 0.015625 0.021296
0 0.116927 0.221759 0.011979 0.021296
0 0.008073 0.663426 0.016146 0.028704
0 0.008073 0.700926 0.016146 0.025926
0 0.025781 0.584259 0.017188 0.024074
0 0.953906 0.082407 0.021354 0.062963
0 0.044010 0.222222 0.013021 0.022222
0 0.063281 0.727315 0.015104 0.019444
0 0.008073 0.728241 0.016146 0.019444
0 0.062500 0.662500 0.015625 0.028704
0 0.008073 0.352315 0.014063 0.023148
0 0.806510 0.826389 0.042188 0.025000
0 0.025521 0.351852 0.014583 0.025926
0 0.026042 0.662500 0.013542 0.028704
0 0.967708 0.145833 0.019792 0.023148
0 0.492188 0.728241 0.041667 0.025000
0 0.080729 0.221296 0.012500 0.022222
0 0.676823 0.087500 0.010937 0.021296
0 0.917448 0.200463 0.035937 0.023148
0 0.007812 0.325463 0.015625 0.023148
0 0.592187 0.978704 0.017708 0.027778
0 0.099740 0.194444 0.019271 0.024074
0 0.025781 0.299537 0.014063 0.025000
0 0.044010 0.662500 0.014063 0.028704
0 0.062500 0.221759 0.013542 0.021296
0 0.044010 0.610648 0.015104 0.023148
0 0.586198 0.728241 0.042188 0.025000
0 0.043750 0.584259 0.015625 0.022222
0 0.858333 0.079167 0.026042 0.047222
0 0.080990 0.700463 0.013021 0.023148
0 0.730208 0.088889 0.014583 0.022222
0 0.883333 0.081019 0.023958 0.052778
0 0.570312 0.977778 0.017708 0.025926
0 0.008594 0.221759 0.014063 0.025000
0 0.044010 0.701389 0.014063 0.025000
0 0.098698 0.325463 0.013021 0.025000
0 0.063281 0.700926 0.016146 0.024074
0 0.062500 0.299074 0.013542 0.024074
0 0.546875 0.977315 0.016667 0.025000
0 0.117708 0.325926 0.016667 0.024074
0 0.080469 0.610185 0.015104 0.022222
0 0.044010 0.352778 0.015104 0.025926
0 0.747396 0.088889 0.013542 0.020370
0 0.025521 0.636111 0.016667 0.024074
0 0.063281 0.246759 0.015104 0.023148
0 0.080729 0.247222 0.013542 0.024074
0 0.117188 0.701389 0.013542 0.021296
0 0.043750 0.247222 0.013542 0.022222
0 0.918750 0.062963 0.035417 0.024074
0 0.983073 0.081019 0.025521 0.062037
0 0.117188 0.247685 0.013542 0.025000
0 0.712240 0.088889 0.013021 0.022222
0 0.694792 0.088426 0.017708 0.021296
0 0.080469 0.726852 0.014063 0.022222
0 0.025781 0.325000 0.015104 0.022222
0 0.846875 0.199074 0.035417 0.027778
0 0.080729 0.326389 0.014583 0.025000
0 0.062240 0.325926 0.013021 0.024074
0 0.044271 0.298611 0.014583 0.025000
0 0.044010 0.273148 0.015104 0.024074
0 0.040885 0.083796 0.021354 0.060185
0 0.044010 0.636574 0.015104 0.025000
0 0.477865 0.978241 0.016146 0.025000
0 0.080469 0.299074 0.014063 0.024074
0 0.044271 0.325463 0.013542 0.023148
0 0.099479 0.300000 0.013542 0.024074
0 0.501302 0.976852 0.016146 0.022222
0 0.062240 0.610648 0.015104 0.021296
0 0.062500 0.272222 0.014583 0.024074
0 0.080729 0.636111 0.014583 0.024074
0 0.118229 0.300463 0.016667 0.025000
0 0.098437 0.247685 0.012500 0.023148
0 0.065104 0.083333 0.021875 0.059259
0 0.116667 0.274074 0.013542 0.022222
0 0.099219 0.701389 0.014063 0.023148
0 0.080208 0.272685 0.014583 0.025000
0 0.523698 0.977315 0.017188 0.025000
0 0.062500 0.636111 0.015625 0.025926
0 0.973698 0.033333 0.051562 0.025926
0 0.044531 0.726852 0.015104 0.020370
0 0.098698 0.273611 0.013021 0.025000
0 0.016406 0.081944 0.026562 0.062037
0 0.834375 0.506481 0.055208 0.025926
0 0.070312 0.830556 0.140625 0.027778
0 0.408333 0.975926 0.115625 0.033333
0 0.070573 0.804630 0.141146 0.027778
0 0.132812 0.146296 0.014583 0.020370
0 0.105729 0.756481 0.009375 0.016667
0 0.025781 0.609722 0.017188 0.019444
0 0.819531 0.174537 0.011979 0.019444
0 0.115885 0.172222 0.009896 0.018519
0 0.984115 0.171296 0.008854 0.016667
0 0.080469 0.662500 0.014063 0.026852
0 0.097135 0.145833 0.017188 0.023148
0 0.910156 0.087963 0.017188 0.025926
0 0.974479 0.172222 0.008333 0.014815
0 0.534896 0.506019 0.127083 0.026852
0 0.844792 0.473148 0.035417 0.027778
0 0.160156 0.213889 0.011979 0.016667
0 0.879687 0.977315 0.015625 0.025000
0 0.124479 0.561111 0.007292 0.016667
0 0.134896 0.560185 0.007292 0.014815
0 0.928385 0.088426 0.017188 0.026852
0 0.788802 0.065741 0.015104 0.022222
0 0.025781 0.145370 0.050521 0.027778
0 0.069792 0.857870 0.139583 0.026852
0 0.125000 0.756944 0.007292 0.015741
0 0.134896 0.172222 0.009375 0.018519
0 0.197396 0.174074 0.007292 0.016667
0 0.963021 0.010185 0.009375 0.020370
0 0.124740 0.173148 0.007812 0.016667
0 0.115885 0.756481 0.007812 0.016667
0 0.098698 0.585185 0.016146 0.022222
0 0.939323 0.007870 0.010937 0.015741
0 0.919010 0.977315 0.014063 0.023148
0 0.199219 0.212500 0.099479 0.019444
0 0.115104 0.146759 0.015625 0.023148
0 0.079687 0.145833 0.013542 0.023148
0 0.875000 0.847685 0.008333 0.012037
0 0.846354 0.440741 0.009375 0.020370
0 0.870052 0.441204 0.013021 0.023148
0 0.237240 0.033796 0.016146 0.017593
0 0.506771 0.477778 0.041667 0.024074
0 0.994792 0.171759 0.009375 0.017593
0 0.899479 0.977778 0.019792 0.024074
0 0.042448 0.728704 0.018229 0.020370
0 0.116667 0.195370 0.010417 0.020370
0 0.837500 0.728241 0.047917 0.025000
0 0.080208 0.585185 0.015625 0.020370
0 0.115104 0.561574 0.009375 0.017593
0 0.134896 0.756944 0.007292 0.015741
0 0.062500 0.195370 0.013542 0.024074
0 0.684130 0.064542 0.059552 0.021676
0 0.190714 0.089403 0.135865 0.021583
0 0.518547 0.064097 0.135198 0.019861
0 0.190714 0.064579 0.135865 0.022306
0 0.356297 0.089032 0.145219 0.024731
0 0.111693 0.063889 0.021302 0.020370
0 0.509792 0.088583 0.151562 0.022167
0 0.273359 0.089324 0.020677 0.025926
0 0.070448 0.034000 0.022021 0.026852
0 0.043820 0.196204 0.012984 0.024259
0 0.025828 0.222769 0.014583 0.024074
0 0.837594 0.064028 0.016667 0.018796
0 0.643443 0.063176 0.019792 0.024074
0 0.914219 0.918056 0.171563 0.023148
0 0.975708 0.977009 0.038375 0.028648
0 0.027573 0.196926 0.019062 0.025000
0 0.821927 0.065514 0.012813 0.020602
0 0.026964 0.274870 0.015625 0.025000
0 0.988021 0.009019 0.012500 0.018037
0 0.010073 0.248315 0.016406 0.024074
0 0.806250 0.065787 0.016667 0.022315
0 0.730781 0.064398 0.034479 0.023056
0 0.273073 0.064815 0.021146 0.024074
0 0.933021 0.033796 0.021250 0.025000
0 0.088953 0.081407 0.023958 0.060185
0 0.637857 0.480514 0.034391 0.020380
0 0.748255 0.506481 0.112865 0.025926
0 0.356336 0.064019 0.143786 0.023778
0 0.805563 0.091611 0.016667 0.027778
0 0.804906 0.473509 0.027688 0.018463
0 0.771677 0.065481 0.016667 0.024074
0 0.010823 0.032704 0.014583 0.020370
0 0.027193 0.033306 0.015104 0.020370
0 0.061391 0.146324 0.019271 0.020370
0 0.945958 0.978093 0.015625 0.025926
0 0.932807 0.976861 0.010417 0.022222
0 0.608594 0.075972 0.034896 0.053704
0 0.070443 0.924407 0.140885 0.011944
0 0.097422 0.033213 0.022344 0.020370
0 0.772073 0.090185 0.015625 0.025000
0 0.026073 0.248403 0.013510 0.022935
0 0.118659 0.032454 0.015661 0.023593
0 0.176089 0.860037 0.040104 0.076019
0 0.604164 0.478639 0.025318 0.015741
0 0.045826 0.032852 0.015745 0.018519
0 0.473026 0.477444 0.021656 0.018519
0 0.789062 0.090537 0.015625 0.026852
0 0.110464 0.093019 0.016979 0.031019
0 0.569174 0.478315 0.035089 0.014259
0 0.675596 0.477167 0.031828 0.020370
0 0.539289 0.478727 0.021151 0.013435
0 0.821458 0.088815 0.012708 0.020741
0 0.140026 0.033162 0.016458 0.018398
0 0.161125 0.031745 0.019375 0.018398
0 0.186740 0.034579 0.027604 0.017454
0 0.215432 0.032898 0.021792 0.019981
