0 0.061458 0.145833 0.016667 0.025000
0 0.070573 0.804630 0.141146 0.027778
0 0.070573 0.830556 0.141146 0.027778
0 0.016406 0.081944 0.026562 0.062037
0 0.098698 0.273611 0.013021 0.025000
0 0.065104 0.083333 0.021875 0.059259
0 0.116927 0.273611 0.014063 0.023148
0 0.062240 0.636111 0.016146 0.025926
0 0.080469 0.272685 0.015104 0.025000
0 0.062500 0.272685 0.014583 0.025000
0 0.088542 0.082870 0.023958 0.060185
0 0.080469 0.727315 0.014063 0.023148
0 0.062500 0.610648 0.014583 0.021296
0 0.080469 0.635648 0.015104 0.025000
0 0.044271 0.726852 0.015625 0.020370
0 0.040625 0.083333 0.021875 0.061111
0 0.044010 0.325463 0.014063 0.023148
0 0.044010 0.636111 0.015104 0.025926
0 0.118490 0.300463 0.018229 0.025000
0 0.098437 0.247685 0.012500 0.025000
0 0.271094 0.064352 0.018229 0.025000
0 0.099479 0.299537 0.013542 0.025000
0 0.044271 0.298611 0.014583 0.025000
0 0.847135 0.199537 0.035937 0.028704
0 0.080729 0.299074 0.014583 0.024074
0 0.883594 0.081481 0.024479 0.053704
0 0.946094 0.146759 0.014063 0.023148
0 0.711979 0.088426 0.013542 0.023148
0 0.025521 0.325463 0.015625 0.023148
0 0.025521 0.636111 0.016667 0.024074
0 0.044271 0.700926 0.014583 0.025926
0 0.043750 0.247222 0.013542 0.024074
0 0.099219 0.701389 0.014063 0.023148
0 0.694792 0.088426 0.017708 0.023148
0 0.982812 0.082870 0.026042 0.067593
0 0.063281 0.700463 0.017188 0.025000
0 0.044010 0.662500 0.014063 0.028704
0 0.080469 0.610185 0.015104 0.022222
0 0.396875 0.976389 0.117708 0.034259
0 0.080729 0.247222 0.013542 0.024074
0 0.988021 0.010648 0.014583 0.021296
0 0.080469 0.325926 0.015104 0.025926
0 0.747396 0.088889 0.014583 0.022222
0 0.008594 0.221759 0.014063 0.025000
0 0.117188 0.248148 0.013542 0.025926
0 0.729948 0.088889 0.015104 0.022222
0 0.512760 0.977315 0.017188 0.025000
0 0.063281 0.247222 0.015104 0.024074
0 0.044010 0.610648 0.015104 0.023148
0 0.080990 0.700463 0.013021 0.023148
0 0.558594 0.978704 0.019271 0.027778
0 0.062240 0.325463 0.013021 0.025000
0 0.062500 0.299074 0.013542 0.024074
0 0.025781 0.299537 0.014063 0.025000
0 0.580729 0.979167 0.018750 0.030556
0 0.043750 0.584259 0.015625 0.022222
0 0.044271 0.352778 0.015625 0.025926
0 0.917448 0.200000 0.036979 0.025926
0 0.062500 0.221759 0.013542 0.023148
0 0.118229 0.326389 0.017708 0.025000
0 0.604167 0.979630 0.020833 0.031481
0 0.967448 0.145833 0.020313 0.023148
0 0.025781 0.662963 0.014063 0.029630
0 0.676562 0.087963 0.012500 0.022222
0 0.062500 0.662500 0.015625 0.028704
0 0.909896 0.034722 0.013542 0.025000
0 0.354427 0.062500 0.148438 0.028704
0 0.490104 0.976852 0.018750 0.024074
0 0.271094 0.090278 0.017188 0.025000
0 0.007812 0.325000 0.015625 0.024074
0 0.894531 0.034259 0.014063 0.022222
0 0.008333 0.727778 0.016667 0.020370
0 0.117188 0.701389 0.014583 0.023148
0 0.008073 0.663889 0.016146 0.029630
0 0.098698 0.325926 0.013021 0.025926
0 0.534896 0.977315 0.017708 0.025000
0 0.100000 0.194444 0.019792 0.024074
0 0.026042 0.700926 0.014583 0.025926
0 0.044010 0.222222 0.013021 0.022222
0 0.190365 0.146296 0.015104 0.025926
0 0.672917 0.981019 0.016667 0.028704
0 0.207552 0.146296 0.015104 0.024074
0 0.008073 0.352315 0.015104 0.025000
0 0.080469 0.221759 0.013021 0.023148
0 0.063281 0.727315 0.016146 0.021296
0 0.988802 0.145370 0.019271 0.022222
0 0.026042 0.273148 0.015625 0.025926
0 0.008073 0.700463 0.016146 0.026852
0 0.172135 0.146296 0.018229 0.025926
0 0.025521 0.352315 0.014583 0.026852
0 0.650260 0.981481 0.017188 0.029630
0 0.152083 0.145833 0.018750 0.025000
0 0.061719 0.583796 0.015104 0.021296
0 0.026042 0.726852 0.015625 0.020370
0 0.227083 0.146296 0.018750 0.024074
0 0.465885 0.977778 0.017188 0.025926
0 0.007812 0.610185 0.015625 0.022222
0 0.116927 0.221759 0.013021 0.023148
0 0.627083 0.980556 0.016667 0.027778
0 0.659375 0.088426 0.013542 0.021296
0 0.116667 0.636111 0.015625 0.025926
0 0.881250 0.199537 0.032292 0.028704
0 0.964844 0.172685 0.009896 0.017593
0 0.327083 0.978241 0.020833 0.025000
0 0.008594 0.635185 0.014063 0.024074
0 0.008333 0.273148 0.014583 0.024074
0 0.008073 0.298148 0.016146 0.027778
0 0.117188 0.585185 0.015625 0.020370
0 0.025521 0.584259 0.017708 0.024074
0 0.098698 0.636574 0.015104 0.025000
0 0.008333 0.194907 0.016667 0.025000
0 0.098958 0.609722 0.016667 0.023148
0 0.099219 0.221296 0.014063 0.022222
0 0.079948 0.194907 0.013021 0.023148
0 0.007812 0.584722 0.015625 0.025000
0 0.025521 0.222222 0.014583 0.024074
0 0.994531 0.171296 0.009896 0.018519
0 0.879948 0.977778 0.014063 0.025926
0 0.116146 0.609722 0.015625 0.023148
0 0.134896 0.756944 0.007292 0.017593
0 0.080208 0.584259 0.015625 0.020370
0 0.105729 0.756481 0.010417 0.018519
0 0.115365 0.146296 0.016146 0.024074
0 0.062500 0.195370 0.013542 0.024074
0 0.116406 0.194907 0.010937 0.023148
0 0.863021 0.977778 0.015625 0.025926
0 0.133073 0.145833 0.015104 0.021296
0 0.115104 0.561111 0.009375 0.018519
0 0.080469 0.662037 0.014063 0.027778
0 0.608854 0.077778 0.035417 0.057407
0 0.098958 0.585185 0.016667 0.022222
0 0.115104 0.756481 0.006250 0.016667
0 0.097135 0.145833 0.017188 0.025000
0 0.818750 0.174074 0.013542 0.022222
0 0.070312 0.905093 0.140625 0.026852
0 0.984375 0.170833 0.009375 0.017593
0 0.115625 0.172222 0.010417 0.020370
0 0.025781 0.609259 0.017188 0.020370
0 0.025781 0.145370 0.050521 0.027778
0 0.124740 0.756481 0.007812 0.016667
0 0.236979 0.032870 0.016667 0.021296
0 0.124479 0.561111 0.007292 0.016667
0 0.974479 0.172222 0.008333 0.016667
0 0.135156 0.560185 0.007812 0.016667
0 0.354427 0.088889 0.150521 0.027778
0 0.197656 0.173611 0.007812 0.019444
0 0.134896 0.172222 0.009375 0.020370
0 0.079167 0.145833 0.013542 0.025000
0 0.939323 0.008333 0.010937 0.016667
0 0.124740 0.172685 0.007812 0.017593
0 0.189583 0.212500 0.077083 0.019444
0 0.899479 0.977315 0.021875 0.025000
0 0.008073 0.033796 0.014063 0.023148
0 0.870573 0.338889 0.067187 0.016667
0 0.119792 0.033333 0.016667 0.022222
0 0.914323 0.920185 0.171354 0.018148
0 0.046672 0.034102 0.015615 0.020370
0 0.974479 0.033796 0.047917 0.025000
0 0.918568 0.976852 0.013021 0.025926
0 0.914323 0.249537 0.170313 0.015741
0 0.945833 0.977778 0.012500 0.025926
0 0.974891 0.976704 0.036469 0.028593
0 0.848203 0.320833 0.037031 0.017593
0 0.847990 0.977009 0.013698 0.022315
0 0.071159 0.925148 0.141432 0.014074
0 0.928466 0.088417 0.018172 0.021685
0 0.910333 0.088750 0.016396 0.022315
0 0.166615 0.172685 0.045729 0.019444
0 0.964693 0.010185 0.014063 0.020370
0 0.070536 0.859056 0.140625 0.026852
0 0.914141 0.227375 0.168906 0.018528
0 0.027641 0.030519 0.014094 0.018519
0 0.027760 0.196157 0.016979 0.025648
0 0.182656 0.866065 0.042396 0.069722
0 0.642073 0.088472 0.016146 0.025926
0 0.932474 0.976657 0.014583 0.025000
0 0.511151 0.090259 0.152188 0.026852
0 0.919734 0.062630 0.038698 0.028241
0 0.915154 0.303060 0.167870 0.016602
0 0.915055 0.284875 0.169891 0.015806
0 0.820667 0.088685 0.012292 0.019185
0 0.804391 0.089421 0.016937 0.023620
0 0.787781 0.088093 0.015615 0.021556
0 0.771589 0.089421 0.016115 0.024213
0 0.214227 0.033056 0.019516 0.020778
0 0.187122 0.034144 0.025307 0.015435
0 0.162310 0.033810 0.014141 0.016546
0 0.140982 0.033972 0.016943 0.017130
0 0.097388 0.034269 0.019432 0.014759
0 0.044396 0.272685 0.015104 0.025000
0 0.806250 0.065833 0.016667 0.022407
0 0.932891 0.034259 0.020990 0.024074
0 0.821354 0.064815 0.013542 0.020370
0 0.954167 0.076991 0.021875 0.052130
0 0.189831 0.063671 0.133255 0.025306
0 0.789062 0.065093 0.015625 0.020926
0 0.772135 0.064352 0.017188 0.019444
0 0.009323 0.248241 0.016562 0.026111
0 0.025958 0.247463 0.015625 0.024074
0 0.685003 0.063898 0.060307 0.023537
0 0.190057 0.090116 0.134156 0.023194
0 0.443208 0.062528 0.015625 0.024074
0 0.518602 0.063653 0.133109 0.025454
0 0.858073 0.081083 0.026562 0.050000
0 0.112719 0.063426 0.018750 0.021296
0 0.730938 0.064491 0.034792 0.022870
0 0.111380 0.089417 0.016667 0.027778
0 0.837203 0.065398 0.015833 0.015648
0 0.642891 0.062259 0.019792 0.024074
0 0.044536 0.194843 0.012906 0.026241
0 0.914115 0.268056 0.168854 0.013889
0 0.071398 0.033889 0.023870 0.015741
