0 0.080469 0.299074 0.014063 0.024074
0 0.007812 0.610648 0.015625 0.021296
0 0.099219 0.221296 0.013021 0.022222
0 0.008333 0.272685 0.014583 0.023148
0 0.946354 0.146759 0.013542 0.021296
0 0.116927 0.222222 0.013021 0.022222
0 0.172135 0.146296 0.018229 0.025926
0 0.079948 0.194907 0.011979 0.023148
0 0.207813 0.146296 0.014583 0.024074
0 0.190365 0.146759 0.014063 0.025000
0 0.008333 0.728241 0.016667 0.019444
0 0.062500 0.662500 0.015625 0.028704
0 0.327083 0.978704 0.019792 0.024074
0 0.627344 0.980556 0.016146 0.027778
0 0.650781 0.981481 0.017188 0.029630
0 0.676562 0.087500 0.011458 0.021296
0 0.755208 0.728241 0.056250 0.025000
0 0.044010 0.222685 0.013021 0.023148
0 0.672917 0.981481 0.016667 0.029630
0 0.894271 0.034722 0.014583 0.023148
0 0.025781 0.584259 0.017188 0.024074
0 0.846875 0.199537 0.035417 0.028704
0 0.008073 0.352315 0.014063 0.023148
0 0.441667 0.064352 0.015625 0.023148
0 0.025521 0.351852 0.014583 0.025926
0 0.967708 0.146296 0.019792 0.022222
0 0.008073 0.663889 0.016146 0.029630
0 0.080729 0.221296 0.012500 0.022222
0 0.063021 0.727315 0.015625 0.019444
0 0.070573 0.804630 0.141146 0.027778
0 0.834375 0.506481 0.055208 0.025926
0 0.396875 0.976389 0.116667 0.034259
0 0.953906 0.080093 0.021354 0.058333
0 0.070312 0.830093 0.140625 0.026852
0 0.062500 0.221759 0.013542 0.023148
0 0.016406 0.082407 0.026562 0.061111
0 0.098698 0.273611 0.013021 0.025000
0 0.492188 0.728241 0.041667 0.025000
0 0.025781 0.662500 0.014063 0.028704
0 0.837760 0.728241 0.048438 0.025000
0 0.806510 0.826389 0.042188 0.025000
0 0.909896 0.034259 0.013542 0.025926
0 0.044010 0.701389 0.014063 0.025000
0 0.044010 0.610648 0.015104 0.023148
0 0.043750 0.584259 0.015625 0.022222
0 0.007812 0.325463 0.015625 0.023148
0 0.025781 0.299537 0.014063 0.025000
0 0.044010 0.662500 0.014063 0.028704
0 0.117188 0.701389 0.013542 0.021296
0 0.535156 0.977315 0.017188 0.025000
0 0.603906 0.979630 0.020313 0.031481
0 0.729948 0.088426 0.015104 0.023148
0 0.080990 0.700463 0.013021 0.023148
0 0.065104 0.083333 0.022917 0.059259
0 0.063281 0.700463 0.017188 0.025000
0 0.558594 0.977778 0.018229 0.025926
0 0.116667 0.274074 0.013542 0.022222
0 0.512500 0.976852 0.016667 0.024074
0 0.987760 0.010648 0.013021 0.021296
0 0.466406 0.978241 0.017188 0.025000
0 0.062240 0.636111 0.016146 0.025926
0 0.062500 0.299074 0.013542 0.024074
0 0.580990 0.978241 0.018229 0.028704
0 0.080208 0.272685 0.014583 0.025000
0 0.026042 0.272685 0.015625 0.025000
0 0.063281 0.247222 0.015104 0.024074
0 0.044531 0.726852 0.015104 0.020370
0 0.008594 0.221759 0.014063 0.025000
0 0.747656 0.088889 0.014063 0.020370
0 0.080469 0.610185 0.015104 0.022222
0 0.712240 0.088426 0.014063 0.023148
0 0.098698 0.325463 0.013021 0.025000
0 0.118229 0.300463 0.016667 0.025000
0 0.080729 0.247222 0.013542 0.024074
0 0.044271 0.352778 0.015625 0.025926
0 0.080469 0.635648 0.015104 0.025000
0 0.025521 0.636111 0.016667 0.024074
0 0.694792 0.088426 0.017708 0.023148
0 0.490104 0.977315 0.018750 0.023148
0 0.088542 0.082407 0.023958 0.059259
0 0.117188 0.247685 0.013542 0.025000
0 0.080469 0.726852 0.014063 0.022222
0 0.044010 0.247685 0.013021 0.023148
0 0.117969 0.325926 0.017188 0.024074
0 0.098437 0.247685 0.012500 0.025000
0 0.973698 0.033333 0.051562 0.025926
0 0.025521 0.325000 0.015625 0.022222
0 0.080729 0.326389 0.014583 0.025000
0 0.518750 0.062500 0.138542 0.026852
0 0.044010 0.636574 0.015104 0.025000
0 0.044271 0.298611 0.014583 0.025000
0 0.062500 0.272685 0.014583 0.025000
0 0.062240 0.325926 0.013021 0.024074
0 0.044010 0.273148 0.015104 0.024074
0 0.044271 0.325463 0.013542 0.023148
0 0.062240 0.610648 0.015104 0.021296
0 0.919010 0.062963 0.035937 0.024074
0 0.099219 0.701389 0.014063 0.023148
0 0.099479 0.300000 0.013542 0.024074
0 0.519870 0.569648 0.092865 0.015741
0 0.519635 0.553611 0.092396 0.018333
0 0.521206 0.584125 0.095089 0.012676
0 0.227083 0.146759 0.017708 0.023148
0 0.026042 0.701389 0.014583 0.026852
0 0.025521 0.222222 0.014583 0.024074
0 0.988802 0.145370 0.019271 0.022222
0 0.819531 0.173611 0.010937 0.019444
0 0.008073 0.584259 0.016146 0.025926
0 0.062500 0.195370 0.013542 0.024074
0 0.964583 0.172685 0.009375 0.015741
0 0.879948 0.977778 0.014063 0.024074
0 0.659115 0.088889 0.013021 0.020370
0 0.134896 0.756944 0.007292 0.015741
0 0.115104 0.561111 0.009375 0.018519
0 0.632812 0.727778 0.041667 0.025926
0 0.115365 0.146296 0.016146 0.024074
0 0.116667 0.195370 0.010417 0.022222
0 0.701562 0.728241 0.041667 0.025000
0 0.080208 0.584722 0.015625 0.021296
0 0.837760 0.311111 0.016146 0.024074
0 0.105729 0.756944 0.009375 0.017593
0 0.870052 0.442130 0.014063 0.023148
0 0.641927 0.088426 0.015104 0.025000
0 0.994792 0.172222 0.009375 0.016667
0 0.881250 0.199537 0.032292 0.028704
0 0.115104 0.756481 0.006250 0.014815
0 0.863021 0.977778 0.015625 0.024074
0 0.098958 0.584722 0.016667 0.021296
0 0.132812 0.145833 0.014583 0.021296
0 0.025781 0.610185 0.017188 0.020370
0 0.963021 0.010185 0.009375 0.020370
0 0.080469 0.662037 0.014063 0.027778
0 0.115625 0.171759 0.010417 0.019444
0 0.097135 0.146296 0.017188 0.024074
0 0.984115 0.171296 0.008854 0.016667
0 0.846094 0.441667 0.010937 0.020370
0 0.025781 0.145370 0.050521 0.027778
0 0.928385 0.088889 0.017188 0.027778
0 0.124479 0.561111 0.007292 0.016667
0 0.125000 0.756481 0.007292 0.014815
0 0.236979 0.033796 0.016667 0.019444
0 0.974479 0.172222 0.008333 0.014815
0 0.134896 0.560648 0.007292 0.015741
0 0.507292 0.477315 0.041667 0.025000
0 0.193750 0.212500 0.087500 0.019444
0 0.534115 0.506481 0.125521 0.027778
0 0.134896 0.171759 0.009375 0.019444
0 0.845052 0.473148 0.035937 0.029630
0 0.124740 0.172685 0.007812 0.017593
0 0.197396 0.174074 0.007292 0.016667
0 0.079687 0.145833 0.013542 0.023148
0 0.939323 0.007870 0.010937 0.015741
0 0.008073 0.034259 0.014063 0.022222
0 0.932552 0.976852 0.010937 0.024074
0 0.608594 0.074537 0.034896 0.054630
0 0.539062 0.727778 0.041667 0.025926
0 0.586198 0.728241 0.042188 0.025000
0 0.852865 0.826852 0.042188 0.024074
0 0.117188 0.585185 0.015625 0.020370
0 0.026042 0.726852 0.015625 0.020370
0 0.152083 0.145833 0.018750 0.025000
0 0.008333 0.194907 0.016667 0.025000
0 0.098958 0.636111 0.014583 0.024074
0 0.061719 0.584259 0.015104 0.022222
0 0.008594 0.636111 0.014063 0.024074
0 0.517448 0.087963 0.138021 0.025926
0 0.098958 0.610185 0.015625 0.024074
0 0.917188 0.200000 0.036458 0.024074
0 0.116406 0.609722 0.015104 0.023148
0 0.008073 0.700463 0.016146 0.026852
0 0.116667 0.636574 0.014583 0.023148
0 0.007812 0.298148 0.015625 0.027778
0 0.915607 0.374755 0.168724 0.014398
0 0.805294 0.089940 0.015755 0.021583
0 0.214714 0.033500 0.020135 0.017278
0 0.186245 0.033912 0.026156 0.019750
0 0.161826 0.032884 0.014349 0.020157
0 0.140768 0.034324 0.018516 0.020574
0 0.119357 0.033292 0.016432 0.017694
0 0.097141 0.034528 0.021521 0.019333
0 0.273333 0.090741 0.021667 0.025926
0 0.788036 0.089620 0.015906 0.021315
0 0.772396 0.066065 0.016667 0.022870
0 0.112531 0.062241 0.019271 0.020370
0 0.442391 0.088889 0.016146 0.024074
0 0.884490 0.081019 0.023958 0.052778
0 0.190672 0.088560 0.134698 0.024528
0 0.982812 0.079907 0.026042 0.057963
0 0.933672 0.033796 0.022552 0.025000
0 0.272865 0.064815 0.020729 0.024074
0 0.684922 0.064630 0.060365 0.022593
0 0.041661 0.081963 0.022396 0.060185
0 0.190109 0.064741 0.133115 0.023185
0 0.356729 0.064352 0.145604 0.025000
0 0.748021 0.506944 0.113333 0.026852
0 0.805547 0.065370 0.016302 0.021481
0 0.473628 0.479949 0.021807 0.014343
0 0.027169 0.248769 0.013047 0.019759
0 0.946891 0.976981 0.013667 0.019407
0 0.061526 0.145986 0.018750 0.029324
0 0.045906 0.034750 0.015104 0.020370
0 0.915206 0.356093 0.169589 0.019444
0 0.821565 0.066444 0.011141 0.023204
0 0.925458 0.285657 0.146312 0.013944
0 0.100339 0.196935 0.019271 0.024074
0 0.805784 0.473407 0.026870 0.021296
0 0.070729 0.904630 0.139792 0.025926
0 0.604794 0.479181 0.028120 0.015028
0 0.008924 0.248454 0.017536 0.024074
0 0.838885 0.288889 0.016667 0.018519
0 0.821224 0.089940 0.012760 0.020120
0 0.859245 0.079630 0.024219 0.048148
0 0.167943 0.172685 0.048385 0.019444
0 0.788620 0.064259 0.014740 0.019259
0 0.919010 0.977204 0.014063 0.024074
0 0.914010 0.267917 0.168594 0.016481
0 0.675516 0.479000 0.031052 0.015222
0 0.772729 0.091144 0.013021 0.018269
0 0.639500 0.477935 0.034333 0.015685
0 0.570404 0.477019 0.033568 0.013852
0 0.540297 0.478333 0.020448 0.012037
0 0.915063 0.336653 0.167167 0.016694
0 0.925286 0.319907 0.147344 0.013889
0 0.909896 0.088648 0.017708 0.025926
0 0.914062 0.917593 0.171875 0.022222
0 0.070815 0.034875 0.025620 0.018602
0 0.900557 0.976139 0.014927 0.025926
0 0.070250 0.925056 0.139292 0.011870
0 0.026135 0.034509 0.015333 0.018519
0 0.070130 0.859130 0.139063 0.027778
0 0.180797 0.864523 0.042948 0.075509
0 0.027917 0.195833 0.017292 0.025000
0 0.977057 0.978454 0.039531 0.031722
0 0.643302 0.063028 0.019792 0.023148
0 0.925495 0.302778 0.148906 0.014815
0 0.847812 0.976111 0.014063 0.023148
0 0.837828 0.064815 0.014198 0.016204
0 0.045453 0.195778 0.014531 0.019352
0 0.357177 0.091907 0.144500 0.027704
0 0.731771 0.063417 0.035417 0.021204
0 0.111401 0.089870 0.016667 0.026852
0 0.914323 0.249074 0.169271 0.020370
0 0.915276 0.408903 0.169448 0.021806
