0 0.063906 0.248009 0.016354 0.025648
0 0.932664 0.977042 0.008932 0.022750
0 0.804805 0.089838 0.015276 0.020380
0 0.788445 0.090722 0.015443 0.021556
0 0.771089 0.089986 0.017604 0.022435
0 0.214404 0.032773 0.020755 0.020491
0 0.186927 0.032435 0.028823 0.019815
0 0.161013 0.031907 0.015109 0.016833
0 0.140336 0.032796 0.021589 0.015056
0 0.119990 0.032347 0.016771 0.018898
0 0.097654 0.032940 0.021922 0.019491
0 0.356141 0.063875 0.144594 0.025157
0 0.273359 0.064815 0.021719 0.024074
0 0.044135 0.273148 0.015104 0.024074
0 0.189771 0.063579 0.134000 0.021602
0 0.933620 0.034259 0.022448 0.024074
0 0.805990 0.065833 0.016146 0.022407
0 0.009128 0.248870 0.017266 0.024074
0 0.509479 0.088889 0.151250 0.024074
0 0.772135 0.066713 0.016146 0.022315
0 0.983073 0.079074 0.025521 0.058148
0 0.954167 0.076111 0.021875 0.050370
0 0.989026 0.010319 0.014063 0.020639
0 0.189878 0.088616 0.134411 0.025935
0 0.518453 0.063574 0.134312 0.021963
0 0.789062 0.066898 0.015625 0.022685
0 0.858406 0.078065 0.026562 0.049074
0 0.442818 0.064815 0.015625 0.024074
0 0.099786 0.197111 0.019792 0.024074
0 0.025505 0.272880 0.015625 0.025000
0 0.274104 0.090343 0.022760 0.025926
0 0.112052 0.062102 0.018750 0.021296
0 0.881474 0.198750 0.033333 0.028704
0 0.061943 0.584259 0.015104 0.020370
0 0.643536 0.062528 0.019792 0.024074
0 0.070505 0.905435 0.140625 0.026852
0 0.043500 0.194796 0.013417 0.024296
0 0.180521 0.864157 0.047448 0.077778
0 0.356276 0.089681 0.144948 0.024898
0 0.027865 0.195833 0.017188 0.025000
0 0.046339 0.033574 0.016750 0.017593
0 0.111055 0.090153 0.017203 0.028972
0 0.070052 0.858676 0.140104 0.027778
0 0.963578 0.009634 0.014063 0.019269
0 0.166797 0.172685 0.046094 0.019444
0 0.909786 0.090741 0.017708 0.026852
0 0.938760 0.009333 0.010937 0.016667
0 0.913047 0.920417 0.173906 0.027870
0 0.976714 0.975861 0.039583 0.028704
0 0.026531 0.033630 0.015104 0.020370
0 0.070810 0.032880 0.022026 0.016667
0 0.070208 0.926435 0.140417 0.013796
0 0.836979 0.078241 0.016667 0.047222
0 0.661458 0.980093 0.016667 0.026852
0 0.008333 0.194907 0.016667 0.025000
0 0.008333 0.272685 0.014583 0.023148
0 0.008333 0.298148 0.015625 0.027778
0 0.098958 0.609722 0.015625 0.023148
0 0.117188 0.585185 0.015625 0.020370
0 0.099219 0.221296 0.014063 0.022222
0 0.098958 0.636111 0.014583 0.024074
0 0.116927 0.222222 0.013021 0.022222
0 0.116406 0.637037 0.015104 0.024074
0 0.025521 0.584722 0.017708 0.023148
0 0.152083 0.145833 0.018750 0.025000
0 0.988802 0.145370 0.019271 0.022222
0 0.026042 0.726852 0.015625 0.020370
0 0.638802 0.980556 0.015104 0.025926
0 0.008073 0.663426 0.016146 0.028704
0 0.007812 0.610648 0.015625 0.021296
0 0.227083 0.146759 0.017708 0.023148
0 0.025521 0.352315 0.014583 0.026852
0 0.172135 0.146296 0.018229 0.025926
0 0.063021 0.726852 0.015625 0.020370
0 0.008073 0.700926 0.016146 0.025926
0 0.026302 0.700926 0.014063 0.025926
0 0.025781 0.662500 0.014063 0.028704
0 0.008073 0.352315 0.015104 0.023148
0 0.659115 0.088889 0.013021 0.020370
0 0.044010 0.222222 0.013021 0.022222
0 0.894271 0.034722 0.013542 0.021296
0 0.190365 0.146759 0.015104 0.025000
0 0.080469 0.221296 0.013021 0.022222
0 0.615885 0.980093 0.019271 0.030556
0 0.098698 0.325463 0.013021 0.025000
0 0.008073 0.728241 0.016146 0.019444
0 0.967708 0.145833 0.019792 0.023148
0 0.731510 0.062963 0.035937 0.025926
0 0.207813 0.145833 0.014583 0.023148
0 0.946354 0.146296 0.013542 0.022222
0 0.062500 0.662500 0.015625 0.028704
0 0.007812 0.325463 0.015625 0.023148
0 0.116927 0.701852 0.014063 0.022222
0 0.117969 0.326389 0.017188 0.023148
0 0.917708 0.200463 0.036458 0.025000
0 0.044271 0.352778 0.015625 0.025926
0 0.025781 0.299537 0.014063 0.025000
0 0.043750 0.584259 0.015625 0.022222
0 0.062500 0.221759 0.013542 0.023148
0 0.477865 0.977778 0.017188 0.025926
0 0.062500 0.299074 0.013542 0.024074
0 0.008594 0.221759 0.014063 0.025000
0 0.080469 0.326389 0.015104 0.025000
0 0.973958 0.033333 0.051042 0.025926
0 0.676823 0.088426 0.011979 0.021296
0 0.730208 0.088889 0.014583 0.022222
0 0.025000 0.247685 0.015625 0.023148
0 0.044010 0.610648 0.015104 0.023148
0 0.747656 0.089352 0.014063 0.021296
0 0.546875 0.977315 0.016667 0.025000
0 0.117188 0.247685 0.013542 0.025000
0 0.080990 0.700463 0.013021 0.023148
0 0.044010 0.662500 0.014063 0.028704
0 0.062240 0.325463 0.013021 0.025000
0 0.592448 0.979167 0.018229 0.030556
0 0.883333 0.081481 0.023958 0.053704
0 0.080469 0.610185 0.015104 0.022222
0 0.408073 0.976389 0.116146 0.034259
0 0.683854 0.062963 0.061458 0.025926
0 0.080729 0.247222 0.014583 0.024074
0 0.025521 0.636111 0.016667 0.024074
0 0.501042 0.977315 0.016667 0.023148
0 0.043750 0.247685 0.013542 0.023148
0 0.570052 0.978241 0.018229 0.026852
0 0.063281 0.700926 0.017188 0.024074
0 0.821354 0.078241 0.013542 0.047222
0 0.025781 0.325000 0.015104 0.022222
0 0.044010 0.701389 0.014063 0.025000
0 0.044531 0.726852 0.015104 0.020370
0 0.062500 0.272685 0.014583 0.025000
0 0.080469 0.727315 0.014063 0.023148
0 0.080729 0.299074 0.014583 0.024074
0 0.694792 0.088426 0.017708 0.021296
0 0.062240 0.610648 0.015104 0.021296
0 0.080469 0.635648 0.015104 0.025000
0 0.044010 0.636574 0.015104 0.025000
0 0.098437 0.247685 0.012500 0.025000
0 0.118490 0.300463 0.017188 0.025000
0 0.711979 0.088889 0.013542 0.022222
0 0.044010 0.325463 0.014063 0.023148
0 0.523958 0.977315 0.016667 0.025000
0 0.040885 0.083333 0.021354 0.061111
0 0.044271 0.298611 0.014583 0.025000
0 0.070573 0.804630 0.141146 0.027778
0 0.099479 0.300000 0.013542 0.024074
0 0.070573 0.830556 0.141146 0.027778
0 0.016406 0.081944 0.026562 0.062037
0 0.098698 0.273611 0.013021 0.025000
0 0.088542 0.082870 0.023958 0.060185
0 0.099219 0.701389 0.014063 0.023148
0 0.062500 0.636111 0.015625 0.025926
0 0.080469 0.272685 0.015104 0.025000
0 0.116927 0.274074 0.014063 0.022222
0 0.846875 0.199537 0.035417 0.028704
0 0.065104 0.083333 0.021875 0.059259
0 0.061458 0.145370 0.017708 0.024074
0 0.919271 0.976389 0.014583 0.026852
0 0.008073 0.032870 0.015104 0.021296
0 0.237240 0.032870 0.017188 0.019444
0 0.899479 0.977315 0.019792 0.026852
0 0.124740 0.172685 0.007812 0.017593
0 0.944531 0.977315 0.014063 0.026852
0 0.193750 0.212963 0.087500 0.018519
0 0.079427 0.145833 0.013021 0.023148
0 0.136458 0.757407 0.006250 0.022222
0 0.134896 0.171759 0.009375 0.019444
0 0.135156 0.560648 0.007812 0.015741
0 0.197396 0.173148 0.008333 0.018519
0 0.124479 0.561111 0.007292 0.016667
0 0.124740 0.756481 0.007812 0.016667
0 0.974479 0.172222 0.008333 0.014815
0 0.025781 0.145370 0.050521 0.027778
0 0.819271 0.175926 0.012500 0.022222
0 0.608594 0.077315 0.034896 0.054630
0 0.863281 0.978241 0.015104 0.030556
0 0.984375 0.171296 0.009375 0.016667
0 0.115625 0.172222 0.010417 0.018519
0 0.097135 0.145833 0.017188 0.023148
0 0.025781 0.609722 0.017188 0.019444
0 0.115104 0.756481 0.006250 0.016667
0 0.879948 0.976852 0.016146 0.027778
0 0.080469 0.662037 0.014063 0.027778
0 0.133073 0.145833 0.015104 0.021296
0 0.098698 0.585648 0.016146 0.021296
0 0.115104 0.561574 0.009375 0.017593
0 0.115104 0.146296 0.015625 0.024074
0 0.105990 0.756481 0.009896 0.018519
0 0.338542 0.977778 0.019792 0.027778
0 0.116406 0.194444 0.010937 0.022222
0 0.994792 0.171759 0.009375 0.017593
0 0.080208 0.584722 0.015625 0.019444
0 0.062760 0.195370 0.013021 0.024074
0 0.964844 0.172222 0.009896 0.016667
0 0.007812 0.584259 0.015625 0.024074
0 0.116406 0.610185 0.015104 0.022222
0 0.025521 0.222222 0.014583 0.024074
0 0.641927 0.090278 0.015104 0.023148
0 0.008594 0.635648 0.014063 0.023148
0 0.079948 0.195370 0.013021 0.022222
0 0.918490 0.063889 0.036979 0.025926
0 0.909896 0.034259 0.013542 0.024074
