0 0.676562 0.087500 0.011458 0.021296
0 0.080729 0.221296 0.012500 0.022222
0 0.025781 0.352315 0.014063 0.025000
0 0.063281 0.727315 0.015104 0.019444
0 0.025781 0.584259 0.017188 0.024074
0 0.755208 0.728241 0.056250 0.025000
0 0.008073 0.663426 0.016146 0.028704
0 0.008333 0.352315 0.014583 0.023148
0 0.008073 0.728241 0.016146 0.019444
0 0.967708 0.146296 0.019792 0.022222
0 0.650781 0.981481 0.017188 0.029630
0 0.062500 0.662500 0.015625 0.028704
0 0.080469 0.610185 0.015104 0.022222
0 0.044010 0.222222 0.013021 0.022222
0 0.008073 0.700926 0.016146 0.025926
0 0.105729 0.756481 0.009375 0.016667
0 0.080469 0.662500 0.014063 0.026852
0 0.097135 0.145833 0.017188 0.023148
0 0.115625 0.172222 0.010417 0.018519
0 0.984115 0.171296 0.008854 0.016667
0 0.789062 0.089352 0.015625 0.025000
0 0.117188 0.701389 0.013542 0.021296
0 0.063281 0.246759 0.015104 0.023148
0 0.747396 0.088889 0.013542 0.020370
0 0.043750 0.247222 0.013542 0.022222
0 0.117188 0.247685 0.013542 0.025000
0 0.490104 0.977315 0.017708 0.023148
0 0.712240 0.088889 0.013021 0.022222
0 0.025521 0.636111 0.016667 0.024074
0 0.974479 0.172222 0.008333 0.014815
0 0.044271 0.352778 0.015625 0.025926
0 0.847135 0.440741 0.014063 0.024074
0 0.586198 0.728241 0.042188 0.025000
0 0.694792 0.088426 0.017708 0.023148
0 0.098698 0.325463 0.013021 0.025000
0 0.080469 0.726852 0.014063 0.022222
0 0.115365 0.756481 0.005729 0.014815
0 0.117708 0.325926 0.017708 0.024074
0 0.025521 0.325000 0.015625 0.022222
0 0.473698 0.478241 0.023438 0.015741
0 0.844792 0.473148 0.035417 0.027778
0 0.025781 0.145370 0.050521 0.027778
0 0.025781 0.609722 0.017188 0.019444
0 0.044271 0.298611 0.014583 0.025000
0 0.124479 0.561111 0.007292 0.016667
0 0.132812 0.146296 0.014583 0.020370
0 0.963021 0.010185 0.009375 0.020370
0 0.846875 0.199074 0.035417 0.027778
0 0.788802 0.065278 0.015104 0.021296
0 0.044010 0.273148 0.015104 0.024074
0 0.044010 0.636574 0.015104 0.025000
0 0.062240 0.325926 0.013021 0.024074
0 0.135156 0.560185 0.007812 0.014815
0 0.040885 0.083796 0.022396 0.060185
0 0.062240 0.610648 0.015104 0.021296
0 0.088542 0.082407 0.023958 0.059259
0 0.080469 0.326389 0.015104 0.025000
0 0.863281 0.978241 0.015104 0.023148
0 0.044271 0.325463 0.013542 0.023148
0 0.534115 0.506019 0.125521 0.026852
0 0.928385 0.088426 0.017188 0.026852
0 0.080729 0.299074 0.014583 0.024074
0 0.062500 0.272222 0.014583 0.024074
0 0.098437 0.247685 0.012500 0.023148
0 0.846615 0.978241 0.014063 0.023148
0 0.080469 0.635648 0.015104 0.025000
0 0.118229 0.300463 0.016667 0.025000
0 0.492188 0.728241 0.041667 0.025000
0 0.099219 0.701389 0.014063 0.023148
0 0.080469 0.272685 0.015104 0.025000
0 0.098958 0.584722 0.016667 0.021296
0 0.994792 0.171759 0.009375 0.017593
0 0.115104 0.146759 0.015625 0.023148
0 0.116927 0.274074 0.014063 0.022222
0 0.197396 0.174074 0.007292 0.016667
0 0.134896 0.756944 0.007292 0.015741
0 0.512500 0.976852 0.016667 0.024074
0 0.125000 0.756481 0.007292 0.014815
0 0.932292 0.977315 0.010417 0.023148
0 0.062500 0.636111 0.015625 0.025926
0 0.080208 0.584722 0.015625 0.021296
0 0.973698 0.033333 0.051562 0.025926
0 0.065104 0.083333 0.022917 0.059259
0 0.044531 0.726852 0.015104 0.020370
0 0.098698 0.273611 0.013021 0.025000
0 0.880208 0.978241 0.013542 0.023148
0 0.869792 0.440741 0.013542 0.024074
0 0.116667 0.195370 0.010417 0.020370
0 0.115104 0.561574 0.009375 0.017593
0 0.062240 0.195370 0.013021 0.024074
0 0.025781 0.222222 0.015104 0.024074
0 0.919010 0.976852 0.014063 0.024074
0 0.134896 0.172222 0.009375 0.018519
0 0.008333 0.194907 0.016667 0.025000
0 0.881250 0.199537 0.033333 0.028704
0 0.124740 0.173148 0.007812 0.016667
0 0.008073 0.584722 0.016146 0.025000
0 0.701562 0.728241 0.041667 0.025000
0 0.964583 0.172222 0.009375 0.016667
0 0.659115 0.088889 0.013021 0.020370
0 0.152083 0.145833 0.018750 0.025000
0 0.227083 0.146759 0.017708 0.023148
0 0.008594 0.635648 0.014063 0.023148
0 0.098958 0.636111 0.014583 0.024074
0 0.016406 0.082407 0.026562 0.061111
0 0.988802 0.145370 0.019271 0.022222
0 0.396875 0.976389 0.116667 0.034259
0 0.079687 0.145833 0.013542 0.023148
0 0.115885 0.756944 0.007812 0.015741
0 0.116667 0.636574 0.014583 0.023148
0 0.327083 0.978241 0.019792 0.023148
0 0.098958 0.610185 0.015625 0.024074
0 0.853125 0.827315 0.041667 0.025000
0 0.755729 0.506481 0.097917 0.025926
0 0.070312 0.830556 0.140625 0.027778
0 0.026302 0.726852 0.015104 0.020370
0 0.117188 0.585185 0.015625 0.020370
0 0.608594 0.074537 0.034896 0.054630
0 0.771875 0.067130 0.016667 0.023148
0 0.894531 0.034259 0.014063 0.022222
0 0.946354 0.146759 0.013542 0.021296
0 0.190365 0.146296 0.014063 0.024074
0 0.909896 0.034259 0.013542 0.024074
0 0.080208 0.195370 0.012500 0.022222
0 0.837240 0.728241 0.048438 0.025000
0 0.627083 0.980556 0.015625 0.027778
0 0.116406 0.610185 0.015104 0.022222
0 0.007812 0.610185 0.015625 0.020370
0 0.008073 0.297685 0.016146 0.026852
0 0.172135 0.146296 0.018229 0.025926
0 0.207552 0.146296 0.014063 0.022222
0 0.525052 0.585278 0.103229 0.014630
0 0.099219 0.221296 0.014063 0.022222
0 0.522760 0.568981 0.099688 0.015741
0 0.026042 0.700926 0.013542 0.025926
0 0.008333 0.272685 0.014583 0.023148
0 0.116667 0.221759 0.012500 0.021296
0 0.008333 0.033333 0.014583 0.020370
0 0.525052 0.600000 0.101146 0.014815
0 0.518828 0.616204 0.088698 0.015741
0 0.520911 0.552778 0.095990 0.018519
0 0.672917 0.981481 0.016667 0.029630
0 0.061719 0.583796 0.015104 0.021296
0 0.237240 0.033333 0.016146 0.018519
0 0.899479 0.977778 0.020833 0.024074
0 0.063281 0.700463 0.017188 0.025000
0 0.062500 0.299074 0.013542 0.024074
0 0.806510 0.826389 0.042188 0.025000
0 0.988021 0.010648 0.012500 0.021296
0 0.008594 0.221759 0.014063 0.025000
0 0.043750 0.584259 0.015625 0.022222
0 0.580729 0.978241 0.017708 0.028704
0 0.007812 0.325463 0.015625 0.023148
0 0.044010 0.700926 0.014063 0.024074
0 0.558594 0.977778 0.018229 0.025926
0 0.730208 0.088889 0.014583 0.022222
0 0.535156 0.977315 0.017188 0.025000
0 0.080990 0.700463 0.013021 0.023148
0 0.466146 0.978241 0.016667 0.025000
0 0.044010 0.662500 0.014063 0.028704
0 0.099740 0.194444 0.019271 0.024074
0 0.539062 0.727778 0.041667 0.025926
0 0.044010 0.610648 0.015104 0.023148
0 0.025781 0.299537 0.014063 0.025000
0 0.917448 0.200000 0.035937 0.024074
0 0.080990 0.247222 0.014063 0.024074
0 0.603906 0.979630 0.020313 0.031481
0 0.919010 0.062963 0.035937 0.024074
0 0.062500 0.221759 0.013542 0.021296
0 0.026042 0.662500 0.013542 0.028704
0 0.632552 0.728241 0.042188 0.025000
0 0.909896 0.088481 0.017708 0.025926
0 0.070953 0.034000 0.022646 0.021519
0 0.097404 0.033384 0.021609 0.019676
0 0.120141 0.033231 0.014521 0.019981
0 0.140365 0.034306 0.019708 0.019667
0 0.190294 0.088907 0.135245 0.025037
0 0.683844 0.063583 0.059167 0.021389
0 0.274195 0.062685 0.018589 0.024074
0 0.933021 0.034259 0.021250 0.024074
0 0.983073 0.081491 0.025521 0.062037
0 0.837839 0.065287 0.014740 0.015093
0 0.821531 0.066699 0.013292 0.018028
0 0.507292 0.478750 0.041667 0.020278
0 0.167083 0.173148 0.046667 0.018519
0 0.069792 0.858509 0.139583 0.026852
0 0.199417 0.212852 0.099479 0.019444
0 0.939323 0.008731 0.010937 0.015741
0 0.976742 0.976847 0.037786 0.029620
0 0.027630 0.032565 0.013490 0.020370
0 0.060896 0.145787 0.019271 0.020370
0 0.026362 0.273597 0.014984 0.020343
0 0.046568 0.032583 0.016552 0.018519
0 0.946083 0.977009 0.014063 0.025000
0 0.179922 0.859769 0.036927 0.080463
0 0.028021 0.195833 0.017500 0.025000
0 0.642974 0.062287 0.019792 0.023148
0 0.641667 0.089361 0.014063 0.023148
0 0.070312 0.904454 0.140625 0.026852
0 0.045656 0.195778 0.014187 0.024056
0 0.110937 0.088148 0.016667 0.026852
0 0.806081 0.065880 0.013464 0.019185
0 0.112677 0.063889 0.019271 0.020370
0 0.772135 0.090694 0.016146 0.020463
0 0.273383 0.088963 0.018964 0.025926
0 0.914870 0.918056 0.170260 0.023148
0 0.509766 0.089597 0.151719 0.025306
0 0.954167 0.079769 0.021875 0.055833
0 0.443005 0.061278 0.015625 0.024537
0 0.357044 0.089375 0.145599 0.025231
0 0.821841 0.090005 0.012495 0.018250
0 0.730938 0.064213 0.034792 0.023426
0 0.859036 0.079167 0.024635 0.047222
0 0.884724 0.080963 0.023958 0.051852
0 0.009297 0.248009 0.016510 0.025648
0 0.806250 0.088843 0.016667 0.024167
0 0.026487 0.248509 0.014464 0.021574
0 0.072005 0.803991 0.141146 0.027778
0 0.356484 0.063565 0.144323 0.026574
0 0.190000 0.064042 0.132187 0.018083
0 0.835302 0.505611 0.055208 0.026852
0 0.099995 0.300000 0.013542 0.024074
0 0.518477 0.062935 0.134401 0.024389
0 0.070289 0.927185 0.140578 0.015296
0 0.675255 0.477167 0.032865 0.021389
0 0.639151 0.478194 0.037490 0.017685
0 0.604781 0.476551 0.026615 0.017694
0 0.569719 0.477375 0.036563 0.021806
0 0.538820 0.476755 0.020599 0.018935
0 0.805510 0.472639 0.029625 0.024685
0 0.214776 0.032648 0.020052 0.019370
0 0.187026 0.033106 0.027490 0.017824
0 0.161630 0.033074 0.014177 0.019056
