0 0.914714 0.337153 0.169635 0.017917
0 0.914297 0.372222 0.169323 0.022222
0 0.819401 0.174074 0.013542 0.022222
0 0.046346 0.033370 0.015849 0.018519
0 0.924510 0.285722 0.150771 0.015741
0 0.356862 0.087931 0.143880 0.025250
0 0.070312 0.926657 0.140625 0.015259
0 0.167734 0.172222 0.047969 0.020370
0 0.862083 0.498148 0.068958 0.018519
0 0.027083 0.195833 0.018229 0.025926
0 0.925260 0.303241 0.149479 0.015741
0 0.180432 0.866477 0.045177 0.075472
0 0.847552 0.976019 0.014063 0.026852
0 0.117188 0.195602 0.010937 0.023148
0 0.044648 0.196412 0.015078 0.019676
0 0.913594 0.251296 0.170729 0.016852
0 0.731424 0.063343 0.034859 0.024093
0 0.642740 0.060769 0.019792 0.023148
0 0.919885 0.064046 0.036979 0.025000
0 0.914669 0.353662 0.168578 0.015472
0 0.112708 0.088963 0.016146 0.028704
0 0.272839 0.090741 0.020677 0.025926
0 0.111635 0.062185 0.018750 0.021296
0 0.509531 0.088426 0.151354 0.025000
0 0.027698 0.272880 0.015625 0.025926
0 0.972828 0.034880 0.050521 0.025926
0 0.100000 0.196991 0.018750 0.025000
0 0.954167 0.077731 0.021875 0.053611
0 0.772396 0.066343 0.016667 0.023426
0 0.858083 0.078157 0.026042 0.050000
0 0.063690 0.248028 0.016859 0.024074
0 0.789062 0.065231 0.015625 0.021204
0 0.190268 0.088634 0.134776 0.023750
0 0.443302 0.064398 0.015625 0.024074
0 0.026656 0.246537 0.015625 0.024074
0 0.519031 0.062690 0.134542 0.023157
0 0.008805 0.248296 0.016984 0.024074
0 0.883464 0.079111 0.023958 0.054630
0 0.821354 0.065972 0.013542 0.022685
0 0.983073 0.081111 0.025521 0.062222
0 0.189982 0.063426 0.134203 0.025000
0 0.805990 0.066111 0.017188 0.022963
0 0.272578 0.063426 0.021198 0.025000
0 0.044615 0.272685 0.015104 0.025000
0 0.933359 0.033796 0.021927 0.025000
0 0.683995 0.063394 0.059719 0.023639
0 0.399297 0.975528 0.117708 0.034259
0 0.913281 0.268296 0.172396 0.018519
0 0.914708 0.407944 0.170583 0.015741
0 0.930469 0.090245 0.017188 0.026787
0 0.911401 0.092102 0.018698 0.028704
0 0.070312 0.905556 0.140625 0.024074
0 0.192375 0.214046 0.078125 0.019444
0 0.946146 0.975741 0.014583 0.025926
0 0.837849 0.065713 0.016667 0.024019
0 0.357224 0.063009 0.144708 0.025833
0 0.932677 0.977986 0.010000 0.026102
0 0.914289 0.461472 0.171422 0.019204
0 0.914424 0.425468 0.171151 0.016324
0 0.820833 0.088778 0.013708 0.020630
0 0.804786 0.090116 0.015667 0.022231
0 0.787760 0.090250 0.016271 0.020889
0 0.771487 0.091454 0.015672 0.021167
0 0.214568 0.033278 0.021354 0.020833
0 0.186635 0.033278 0.026438 0.018981
0 0.161630 0.033824 0.014177 0.019204
0 0.140299 0.033120 0.017672 0.018611
0 0.097341 0.033889 0.021245 0.017148
0 0.070294 0.034556 0.023505 0.019019
0 0.061786 0.146241 0.018135 0.021667
0 0.962156 0.009722 0.013542 0.019444
0 0.914062 0.918519 0.171875 0.024074
0 0.924974 0.319444 0.148906 0.014815
0 0.026839 0.032954 0.015104 0.020370
0 0.008979 0.033259 0.014063 0.023148
0 0.116927 0.221296 0.013021 0.025000
0 0.070339 0.858333 0.140677 0.025926
0 0.975622 0.975648 0.037089 0.029815
0 0.914393 0.391718 0.169307 0.017306
0 0.116146 0.171759 0.009375 0.019444
0 0.025521 0.584259 0.017708 0.024074
0 0.044271 0.353241 0.015625 0.026852
0 0.008333 0.727778 0.016667 0.020370
0 0.063281 0.727315 0.016146 0.021296
0 0.062500 0.221759 0.013542 0.023148
0 0.007812 0.325000 0.015625 0.024074
0 0.650260 0.981019 0.017188 0.028704
0 0.917448 0.200463 0.035937 0.025000
0 0.534896 0.977778 0.017708 0.025926
0 0.846875 0.199537 0.035417 0.028704
0 0.672917 0.981019 0.016667 0.028704
0 0.043750 0.584259 0.015625 0.022222
0 0.118229 0.326852 0.017708 0.024074
0 0.988021 0.010648 0.014583 0.021296
0 0.489844 0.976852 0.018229 0.024074
0 0.604167 0.979630 0.020833 0.031481
0 0.008073 0.663889 0.016146 0.029630
0 0.062500 0.299074 0.013542 0.024074
0 0.062240 0.325463 0.013021 0.025000
0 0.580729 0.979167 0.018750 0.030556
0 0.025781 0.299537 0.014063 0.025000
0 0.117448 0.248148 0.014063 0.025926
0 0.007812 0.610185 0.015625 0.022222
0 0.345156 0.144907 0.143021 0.025000
0 0.946354 0.146759 0.013542 0.023148
0 0.747396 0.088889 0.014583 0.022222
0 0.116667 0.636574 0.015625 0.025000
0 0.694792 0.088426 0.017708 0.023148
0 0.729948 0.088426 0.015104 0.023148
0 0.080729 0.247222 0.014583 0.024074
0 0.026042 0.727315 0.015625 0.021296
0 0.080990 0.700463 0.013021 0.023148
0 0.025781 0.662963 0.014063 0.029630
0 0.062500 0.662500 0.015625 0.028704
0 0.080469 0.325926 0.015104 0.025926
0 0.044010 0.610648 0.015104 0.023148
0 0.558594 0.978704 0.019271 0.027778
0 0.063281 0.700463 0.017188 0.025000
0 0.061719 0.584259 0.015104 0.022222
0 0.007552 0.194907 0.015104 0.025000
0 0.099219 0.145833 0.018229 0.026852
0 0.424479 0.146759 0.013542 0.021296
0 0.099219 0.701389 0.014063 0.023148
0 0.711979 0.088426 0.013542 0.023148
0 0.044271 0.700926 0.014583 0.025926
0 0.043750 0.247222 0.013542 0.024074
0 0.008594 0.221759 0.014063 0.025000
0 0.080469 0.610185 0.015104 0.022222
0 0.044531 0.727315 0.015104 0.021296
0 0.008333 0.298148 0.015625 0.027778
0 0.512760 0.977315 0.017188 0.025000
0 0.025521 0.636111 0.016667 0.024074
0 0.025521 0.325463 0.015625 0.023148
0 0.044010 0.662500 0.014063 0.028704
0 0.080729 0.299074 0.014583 0.024074
0 0.098958 0.636574 0.015625 0.025000
0 0.098437 0.247685 0.012500 0.025000
0 0.099479 0.299537 0.013542 0.025000
0 0.837760 0.287963 0.017188 0.020370
0 0.008333 0.273148 0.014583 0.024074
0 0.044271 0.298611 0.014583 0.025000
0 0.079948 0.194907 0.011979 0.023148
0 0.118490 0.300463 0.018229 0.025000
0 0.007812 0.584722 0.015625 0.025000
0 0.044010 0.636111 0.015104 0.025926
0 0.044010 0.325463 0.014063 0.025000
0 0.098958 0.609722 0.016667 0.023148
0 0.117448 0.145370 0.014063 0.025926
0 0.080469 0.727315 0.014063 0.023148
0 0.040625 0.083333 0.021875 0.061111
0 0.062500 0.610648 0.014583 0.021296
0 0.062500 0.272685 0.014583 0.025000
0 0.080469 0.636111 0.015104 0.025926
0 0.080469 0.272685 0.015104 0.025000
0 0.088542 0.082870 0.023958 0.060185
0 0.062240 0.636111 0.016146 0.025926
0 0.116927 0.273611 0.014063 0.023148
0 0.065104 0.083333 0.021875 0.059259
0 0.098698 0.273611 0.013021 0.025000
0 0.016406 0.081944 0.026562 0.062037
0 0.070573 0.830556 0.141146 0.027778
0 0.070573 0.804630 0.141146 0.027778
0 0.909896 0.034259 0.013542 0.025926
0 0.658854 0.088426 0.013542 0.021296
0 0.466146 0.978241 0.017708 0.026852
0 0.676562 0.087963 0.012500 0.022222
0 0.627083 0.980556 0.016667 0.027778
0 0.044010 0.222685 0.013021 0.023148
0 0.008594 0.635648 0.014063 0.025000
0 0.117188 0.701389 0.014583 0.023148
0 0.025521 0.352315 0.014583 0.026852
0 0.026042 0.700463 0.014583 0.026852
0 0.007812 0.352315 0.014583 0.023148
0 0.967708 0.145833 0.019792 0.023148
0 0.327083 0.978241 0.020833 0.025000
0 0.080469 0.221759 0.013021 0.023148
0 0.894271 0.034259 0.013542 0.022222
0 0.008073 0.700463 0.016146 0.026852
0 0.207813 0.145833 0.016667 0.028704
0 0.098698 0.325926 0.013021 0.025926
0 0.186198 0.145370 0.013021 0.027778
0 0.988802 0.145833 0.019271 0.023148
0 0.117448 0.585185 0.015104 0.022222
0 0.099219 0.221296 0.014063 0.022222
0 0.025260 0.222222 0.015104 0.024074
0 0.837760 0.312037 0.017188 0.027778
0 0.641927 0.089815 0.015104 0.024074
0 0.263021 0.146296 0.014583 0.024074
0 0.153125 0.146296 0.018750 0.025926
0 0.879948 0.977315 0.014063 0.026852
0 0.243229 0.146296 0.015625 0.025926
0 0.099479 0.584722 0.017708 0.023148
0 0.116667 0.610185 0.014583 0.022222
0 0.062500 0.195370 0.013542 0.024074
0 0.225260 0.146296 0.013021 0.027778
0 0.171615 0.146759 0.016146 0.026852
0 0.994792 0.172222 0.009375 0.016667
0 0.863542 0.977315 0.014583 0.028704
0 0.881250 0.199537 0.032292 0.028704
0 0.965625 0.172222 0.011458 0.016667
0 0.080208 0.584722 0.015625 0.021296
0 0.135156 0.145370 0.015104 0.025926
0 0.134896 0.756944 0.007292 0.017593
0 0.189583 0.146296 0.017708 0.029630
0 0.080469 0.662037 0.014063 0.027778
0 0.105729 0.757407 0.010417 0.018519
0 0.115365 0.561111 0.008854 0.018519
0 0.608854 0.077315 0.035417 0.054630
0 0.119531 0.033333 0.017188 0.022222
0 0.919010 0.977315 0.013021 0.025000
0 0.899479 0.977315 0.020833 0.025000
0 0.124740 0.172685 0.007812 0.017593
0 0.079687 0.146296 0.014583 0.024074
0 0.115104 0.756481 0.006250 0.016667
0 0.938021 0.010185 0.011458 0.018519
0 0.973958 0.172222 0.008333 0.014815
0 0.025781 0.609259 0.017188 0.020370
0 0.025781 0.145370 0.050521 0.027778
0 0.984375 0.171296 0.009375 0.016667
0 0.134635 0.172222 0.009896 0.020370
0 0.124479 0.561111 0.007292 0.016667
0 0.135156 0.560185 0.007812 0.016667
0 0.236979 0.033333 0.016667 0.022222
0 0.197135 0.173148 0.007812 0.018519
0 0.124740 0.756481 0.007812 0.016667
