0 0.944271 0.976852 0.014583 0.025926
0 0.070573 0.804630 0.141146 0.027778
0 0.070573 0.830556 0.141146 0.027778
0 0.016406 0.081944 0.026562 0.062037
0 0.098698 0.273611 0.013021 0.025000
0 0.065104 0.083333 0.021875 0.059259
0 0.116927 0.273611 0.014063 0.023148
0 0.062240 0.636111 0.016146 0.025926
0 0.088542 0.082870 0.023958 0.060185
0 0.080469 0.272685 0.015104 0.025000
0 0.080469 0.636111 0.015104 0.025926
0 0.062500 0.272685 0.014583 0.025000
0 0.062500 0.610648 0.014583 0.021296
0 0.040625 0.083333 0.021875 0.061111
0 0.080469 0.727315 0.014063 0.023148
0 0.044010 0.325463 0.014063 0.025000
0 0.396875 0.976389 0.117708 0.034259
0 0.929167 0.033796 0.013542 0.025000
0 0.044010 0.636111 0.015104 0.025926
0 0.118490 0.300463 0.018229 0.025000
0 0.044271 0.298611 0.014583 0.025000
0 0.837760 0.287963 0.017188 0.020370
0 0.099479 0.299537 0.013542 0.025000
0 0.098437 0.247685 0.012500 0.025000
0 0.080729 0.299074 0.014583 0.024074
0 0.044010 0.662500 0.014063 0.028704
0 0.025521 0.325463 0.015625 0.023148
0 0.025521 0.636111 0.016667 0.024074
0 0.512760 0.977315 0.017188 0.025000
0 0.044531 0.727315 0.015104 0.021296
0 0.080469 0.610185 0.015104 0.022222
0 0.008594 0.221759 0.014063 0.025000
0 0.043750 0.247222 0.013542 0.024074
0 0.044271 0.700926 0.014583 0.025926
0 0.883333 0.081944 0.023958 0.054630
0 0.711979 0.088426 0.013542 0.023148
0 0.099219 0.701389 0.014063 0.023148
0 0.424479 0.146759 0.013542 0.021296
0 0.063281 0.700463 0.017188 0.025000
0 0.558594 0.978704 0.019271 0.027778
0 0.044010 0.610648 0.015104 0.023148
0 0.080469 0.325926 0.015104 0.025926
0 0.062500 0.662500 0.015625 0.028704
0 0.025781 0.662963 0.014063 0.029630
0 0.080990 0.700463 0.013021 0.023148
0 0.080729 0.247222 0.014583 0.024074
0 0.729948 0.088426 0.015104 0.023148
0 0.694792 0.088426 0.017708 0.023148
0 0.747396 0.088889 0.014583 0.022222
0 0.117448 0.248148 0.014063 0.025926
0 0.441667 0.064815 0.015625 0.024074
0 0.025781 0.299537 0.014063 0.025000
0 0.580729 0.979167 0.018750 0.030556
0 0.062240 0.325463 0.013021 0.025000
0 0.062500 0.299074 0.013542 0.024074
0 0.008073 0.663889 0.016146 0.029630
0 0.604167 0.979630 0.020833 0.031481
0 0.489844 0.976852 0.018229 0.024074
0 0.988021 0.010648 0.014583 0.021296
0 0.118229 0.326852 0.017708 0.024074
0 0.043750 0.584259 0.015625 0.022222
0 0.672917 0.981019 0.016667 0.028704
0 0.846875 0.199537 0.035417 0.028704
0 0.534896 0.977778 0.017708 0.025926
0 0.650260 0.981019 0.017188 0.028704
0 0.007812 0.325000 0.015625 0.024074
0 0.062500 0.221759 0.013542 0.023148
0 0.063281 0.727315 0.016146 0.021296
0 0.008333 0.727778 0.016667 0.020370
0 0.939844 0.034259 0.008854 0.024074
0 0.044271 0.353241 0.015625 0.026852
0 0.098698 0.325926 0.013021 0.025926
0 0.946354 0.146759 0.013542 0.023148
0 0.909896 0.034259 0.013542 0.025926
0 0.676562 0.087963 0.012500 0.022222
0 0.117188 0.701389 0.014583 0.023148
0 0.026042 0.700463 0.014583 0.026852
0 0.007812 0.352315 0.014583 0.023148
0 0.327083 0.978241 0.020833 0.025000
0 0.894271 0.034259 0.013542 0.022222
0 0.008073 0.700463 0.016146 0.026852
0 0.080469 0.221759 0.013021 0.023148
0 0.967708 0.145833 0.019792 0.023148
0 0.025521 0.352315 0.014583 0.026852
0 0.008594 0.635648 0.014063 0.025000
0 0.044010 0.222685 0.013021 0.023148
0 0.627083 0.980556 0.016667 0.027778
0 0.466146 0.978241 0.017708 0.026852
0 0.658854 0.088426 0.013542 0.021296
0 0.025521 0.584259 0.017708 0.024074
0 0.917448 0.200463 0.035937 0.025000
0 0.007812 0.610185 0.015625 0.022222
0 0.116667 0.636574 0.015625 0.025000
0 0.026042 0.727315 0.015625 0.021296
0 0.061719 0.584259 0.015104 0.022222
0 0.007552 0.194907 0.015104 0.025000
0 0.099219 0.145833 0.018229 0.026852
0 0.008333 0.298148 0.015625 0.027778
0 0.098958 0.636574 0.015625 0.025000
0 0.008333 0.273148 0.014583 0.024074
0 0.079948 0.194907 0.011979 0.023148
0 0.007812 0.584722 0.015625 0.025000
0 0.098958 0.609722 0.016667 0.023148
0 0.117448 0.145370 0.014063 0.025926
0 0.207813 0.145833 0.016667 0.028704
0 0.988802 0.145833 0.019271 0.023148
0 0.117448 0.585185 0.015104 0.022222
0 0.099219 0.221296 0.014063 0.022222
0 0.025260 0.222222 0.015104 0.024074
0 0.837760 0.312037 0.017188 0.027778
0 0.641927 0.089815 0.015104 0.024074
0 0.263021 0.146296 0.014583 0.024074
0 0.153125 0.146296 0.018750 0.025926
0 0.879948 0.977315 0.014063 0.026852
0 0.243229 0.146296 0.015625 0.025926
0 0.099479 0.584722 0.017708 0.023148
0 0.116667 0.610185 0.014583 0.022222
0 0.062500 0.195370 0.013542 0.024074
0 0.225260 0.146296 0.013021 0.027778
0 0.171615 0.146759 0.016146 0.026852
0 0.994792 0.172222 0.009375 0.016667
0 0.116406 0.194907 0.010937 0.023148
0 0.863542 0.977315 0.014583 0.028704
0 0.881250 0.199537 0.032292 0.028704
0 0.965625 0.172222 0.011458 0.016667
0 0.846615 0.978241 0.014063 0.026852
0 0.080208 0.584722 0.015625 0.021296
0 0.135156 0.145370 0.015104 0.025926
0 0.134896 0.756944 0.007292 0.017593
0 0.189583 0.146296 0.017708 0.029630
0 0.080469 0.662037 0.014063 0.027778
0 0.105729 0.757407 0.010417 0.018519
0 0.115365 0.561111 0.008854 0.018519
0 0.608854 0.077315 0.035417 0.054630
0 0.818750 0.174074 0.013542 0.022222
0 0.115104 0.756481 0.006250 0.016667
0 0.025781 0.609259 0.017188 0.020370
0 0.025781 0.145370 0.050521 0.027778
0 0.984375 0.171296 0.009375 0.016667
0 0.116146 0.171759 0.009375 0.019444
0 0.961458 0.010185 0.013542 0.020370
0 0.124740 0.756481 0.007812 0.016667
0 0.197135 0.173148 0.007812 0.018519
0 0.236979 0.033333 0.016667 0.022222
0 0.135156 0.560185 0.007812 0.016667
0 0.124479 0.561111 0.007292 0.016667
0 0.134635 0.172222 0.009896 0.020370
0 0.189062 0.212500 0.078125 0.019444
0 0.079687 0.146296 0.014583 0.024074
0 0.124740 0.172685 0.007812 0.017593
0 0.899479 0.977315 0.020833 0.025000
0 0.919010 0.977315 0.013021 0.025000
0 0.119531 0.033333 0.017188 0.022222
0 0.110849 0.089657 0.016146 0.028704
0 0.358052 0.063634 0.145458 0.025602
0 0.683203 0.063843 0.060156 0.024167
0 0.044312 0.272685 0.015104 0.025000
0 0.273464 0.064352 0.022969 0.025000
0 0.805990 0.065185 0.017188 0.021111
0 0.189529 0.062204 0.133547 0.023111
0 0.983073 0.079630 0.025521 0.059259
0 0.821354 0.064907 0.013542 0.020556
0 0.009479 0.247778 0.016875 0.025185
0 0.518932 0.063727 0.135781 0.023009
0 0.027109 0.248685 0.015625 0.024074
0 0.190266 0.088597 0.134677 0.025898
0 0.789062 0.065926 0.015625 0.022593
0 0.063854 0.247546 0.016250 0.024722
0 0.858594 0.081481 0.025104 0.050000
0 0.772396 0.066019 0.016667 0.022778
0 0.954167 0.078333 0.021875 0.054815
0 0.100302 0.196787 0.018750 0.025000
0 0.026646 0.273148 0.015625 0.025926
0 0.112240 0.063426 0.021354 0.021296
0 0.272891 0.090741 0.020781 0.025926
0 0.117078 0.221759 0.013021 0.023148
0 0.509674 0.089213 0.151901 0.023796
0 0.919698 0.062713 0.036979 0.025000
0 0.643146 0.062204 0.019792 0.023148
0 0.731661 0.063231 0.035937 0.025926
0 0.913411 0.249537 0.171094 0.018148
0 0.044102 0.194620 0.012807 0.023889
0 0.179839 0.867741 0.044792 0.076944
0 0.925260 0.303241 0.149479 0.015741
0 0.027083 0.195926 0.017708 0.027037
0 0.914245 0.338773 0.171510 0.018287
0 0.913594 0.373194 0.170729 0.017685
0 0.027143 0.034269 0.014672 0.018519
0 0.356732 0.089352 0.146016 0.025556
0 0.070312 0.905972 0.140625 0.027778
0 0.061198 0.145949 0.016146 0.024306
0 0.166458 0.172222 0.045417 0.020370
0 0.866187 0.497343 0.073854 0.018519
0 0.914583 0.356134 0.170833 0.016435
0 0.928786 0.090060 0.017188 0.026176
0 0.910297 0.088935 0.017708 0.025833
0 0.924966 0.285634 0.149724 0.018176
0 0.975615 0.171954 0.008333 0.014815
0 0.939193 0.008681 0.011458 0.017361
0 0.345911 0.144907 0.141510 0.025000
0 0.837266 0.063981 0.016198 0.022407
0 0.913750 0.268380 0.171458 0.016944
0 0.914172 0.917713 0.168344 0.024074
0 0.924948 0.319444 0.148854 0.014815
0 0.046271 0.033593 0.015104 0.020370
0 0.009005 0.033380 0.014063 0.023148
0 0.976409 0.975778 0.038641 0.033593
0 0.972839 0.033333 0.048802 0.025926
0 0.931745 0.977917 0.009323 0.021944
0 0.914750 0.390931 0.170500 0.016472
0 0.071271 0.859167 0.141146 0.027778
0 0.070130 0.034051 0.023885 0.020454
0 0.097326 0.032810 0.021797 0.017972
0 0.140474 0.035130 0.017437 0.020148
0 0.160872 0.033116 0.016391 0.026657
0 0.186935 0.032653 0.024932 0.022009
0 0.214656 0.032653 0.019354 0.022620
0 0.771411 0.090222 0.016427 0.023037
0 0.788362 0.089417 0.015974 0.021963
0 0.804937 0.089819 0.016271 0.023306
0 0.820607 0.089421 0.011151 0.025713
0 0.914630 0.408056 0.170500 0.016463
0 0.915039 0.425065 0.169922 0.016463
0 0.914997 0.460991 0.170005 0.016463
0 0.069792 0.926435 0.139583 0.012315
