0 0.080469 0.636111 0.015104 0.024074
0 0.099479 0.300000 0.013542 0.024074
0 0.044271 0.325463 0.013542 0.023148
0 0.080469 0.299074 0.014063 0.024074
0 0.080729 0.727315 0.013542 0.023148
0 0.044010 0.273148 0.015104 0.024074
0 0.044531 0.298611 0.014063 0.025000
0 0.846875 0.199074 0.035417 0.027778
0 0.490104 0.976852 0.017708 0.022222
0 0.558594 0.977315 0.018229 0.025000
0 0.040885 0.083796 0.021354 0.060185
0 0.080729 0.246759 0.013542 0.023148
0 0.099219 0.701389 0.014063 0.023148
0 0.025781 0.325000 0.015104 0.022222
0 0.025521 0.636111 0.016667 0.024074
0 0.044531 0.726852 0.015104 0.020370
0 0.043750 0.247222 0.013542 0.022222
0 0.535417 0.977778 0.016667 0.024074
0 0.063281 0.247222 0.015104 0.022222
0 0.080469 0.610185 0.015104 0.022222
0 0.117188 0.247685 0.013542 0.025000
0 0.062240 0.325463 0.013021 0.025000
0 0.580990 0.978704 0.017188 0.027778
0 0.080469 0.325926 0.015104 0.025926
0 0.917448 0.200463 0.035937 0.025000
0 0.063281 0.700463 0.016146 0.025000
0 0.712500 0.088426 0.014583 0.023148
0 0.603906 0.979167 0.019271 0.030556
0 0.044010 0.610648 0.015104 0.023148
0 0.627344 0.980556 0.015104 0.025926
0 0.062500 0.299074 0.013542 0.024074
0 0.008854 0.221759 0.013542 0.025000
0 0.694792 0.088426 0.017708 0.023148
0 0.062500 0.221759 0.013542 0.021296
0 0.650521 0.981019 0.016667 0.028704
0 0.044010 0.700926 0.014063 0.024074
0 0.025781 0.299537 0.014063 0.025000
0 0.098698 0.325463 0.013021 0.025000
0 0.466146 0.978241 0.016667 0.025000
0 0.044010 0.662500 0.014063 0.028704
0 0.673177 0.981019 0.017188 0.028704
0 0.747396 0.089352 0.014583 0.021296
0 0.080729 0.221759 0.012500 0.021296
0 0.117969 0.326389 0.017188 0.023148
0 0.207813 0.146759 0.013542 0.021296
0 0.227083 0.147222 0.017708 0.022222
0 0.080729 0.700463 0.012500 0.023148
0 0.007812 0.610648 0.015625 0.021296
0 0.044010 0.352778 0.015104 0.025926
0 0.919010 0.062963 0.035937 0.024074
0 0.007812 0.325463 0.015625 0.023148
0 0.729948 0.088426 0.016146 0.023148
0 0.043750 0.584259 0.015625 0.022222
0 0.008073 0.700463 0.016146 0.025000
0 0.008073 0.728241 0.016146 0.019444
0 0.044010 0.222222 0.013021 0.022222
0 0.116927 0.222222 0.011979 0.022222
0 0.172396 0.146296 0.017708 0.024074
0 0.025521 0.351852 0.014583 0.025926
0 0.588542 0.284722 0.213542 0.026852
0 0.973437 0.033333 0.051042 0.025926
0 0.946094 0.146759 0.013021 0.021296
0 0.967708 0.146296 0.019792 0.022222
0 0.117188 0.701852 0.013542 0.022222
0 0.008073 0.352315 0.014063 0.023148
0 0.190365 0.146759 0.014063 0.023148
0 0.099219 0.221296 0.013021 0.022222
0 0.146615 0.193519 0.011979 0.022222
0 0.026302 0.700926 0.014063 0.025926
0 0.062500 0.662500 0.015625 0.028704
0 0.894271 0.034259 0.013542 0.022222
0 0.026042 0.662500 0.013542 0.028704
0 0.009635 0.905556 0.010937 0.016667
0 0.008333 0.033333 0.013542 0.020370
0 0.899479 0.977778 0.020833 0.022222
0 0.151823 0.146296 0.018229 0.024074
0 0.237500 0.032870 0.017708 0.019444
0 0.909635 0.034259 0.013021 0.024074
0 0.026302 0.726852 0.015104 0.020370
0 0.008073 0.663426 0.016146 0.028704
0 0.063021 0.726852 0.014583 0.022222
0 0.025781 0.584722 0.017188 0.023148
0 0.881510 0.199537 0.032813 0.028704
0 0.327344 0.978241 0.020313 0.023148
0 0.098958 0.609722 0.015625 0.023148
0 0.098958 0.636111 0.014583 0.024074
0 0.008333 0.298148 0.015625 0.027778
0 0.008333 0.272685 0.014583 0.023148
0 0.988802 0.145370 0.019271 0.022222
0 0.116667 0.637037 0.014583 0.024074
0 0.676562 0.087500 0.013542 0.021296
0 0.116406 0.609722 0.015104 0.021296
0 0.009375 0.635648 0.013542 0.025000
0 0.025521 0.222222 0.014583 0.024074
0 0.008333 0.194907 0.016667 0.025000
0 0.080208 0.195370 0.012500 0.022222
0 0.117188 0.585185 0.015625 0.020370
0 0.007812 0.584722 0.015625 0.023148
0 0.880208 0.978241 0.013542 0.021296
0 0.659375 0.088426 0.013542 0.021296
0 0.715625 0.170833 0.018750 0.026852
0 0.964844 0.172685 0.009896 0.015741
0 0.062500 0.195833 0.012500 0.023148
0 0.061719 0.584259 0.015104 0.020370
0 0.863281 0.978241 0.015104 0.021296
0 0.846875 0.978704 0.013542 0.022222
0 0.116667 0.194907 0.010417 0.021296
0 0.994792 0.171296 0.009375 0.016667
0 0.132812 0.146296 0.014583 0.020370
0 0.080208 0.584722 0.015625 0.019444
0 0.134896 0.756944 0.007292 0.015741
0 0.105990 0.756481 0.009896 0.016667
0 0.115104 0.146759 0.015625 0.023148
0 0.025781 0.609722 0.017188 0.019444
0 0.115885 0.172222 0.009896 0.018519
0 0.070312 0.905093 0.140625 0.026852
0 0.819792 0.173148 0.011458 0.020370
0 0.984375 0.171296 0.009375 0.016667
0 0.115104 0.560648 0.009375 0.017593
0 0.080469 0.662500 0.014063 0.026852
0 0.098698 0.585185 0.016146 0.020370
0 0.115365 0.756481 0.005729 0.014815
0 0.097135 0.145833 0.017188 0.023148
0 0.974479 0.172222 0.008333 0.014815
0 0.069792 0.857870 0.139583 0.026852
0 0.736979 0.170370 0.016667 0.025926
0 0.125000 0.756481 0.007292 0.014815
0 0.134896 0.560185 0.007292 0.014815
0 0.197396 0.174074 0.007292 0.016667
0 0.608594 0.079167 0.034896 0.063889
0 0.458333 0.192593 0.012500 0.018519
0 0.124740 0.561111 0.006771 0.016667
0 0.025781 0.144907 0.050521 0.028704
0 0.134896 0.172222 0.009375 0.018519
0 0.674219 0.892593 0.041146 0.024074
0 0.939063 0.008333 0.010417 0.014815
0 0.428906 0.192130 0.013021 0.017593
0 0.124740 0.173148 0.007812 0.016667
0 0.199479 0.212500 0.098958 0.019444
0 0.070312 0.804630 0.140625 0.027778
0 0.070312 0.830093 0.140625 0.026852
0 0.720573 0.283796 0.042188 0.025000
0 0.098698 0.273611 0.013021 0.025000
0 0.396354 0.975926 0.115625 0.033333
0 0.016667 0.082870 0.026042 0.060185
0 0.062240 0.636111 0.015104 0.025926
0 0.080208 0.272685 0.014583 0.025000
0 0.116927 0.274074 0.014063 0.022222
0 0.065104 0.083333 0.021875 0.059259
0 0.098437 0.247685 0.012500 0.023148
0 0.512500 0.977315 0.016667 0.023148
0 0.088542 0.082407 0.023958 0.059259
0 0.062500 0.272222 0.014583 0.024074
0 0.168281 0.173148 0.049062 0.018519
0 0.062240 0.611111 0.015104 0.020370
0 0.043750 0.636574 0.014583 0.025000
0 0.118490 0.300463 0.017188 0.025000
0 0.079687 0.145833 0.013542 0.023148
0 0.519643 0.806653 0.086911 0.020102
0 0.805221 0.090574 0.015443 0.020963
0 0.788448 0.089394 0.015115 0.018602
0 0.771922 0.090870 0.015281 0.019778
0 0.355693 0.063852 0.143719 0.025111
0 0.788802 0.066852 0.016146 0.024444
0 0.772135 0.067176 0.017188 0.023241
0 0.684292 0.063273 0.059750 0.023769
0 0.806250 0.065694 0.016667 0.022130
0 0.189513 0.063528 0.133786 0.022056
0 0.821354 0.065370 0.013542 0.021481
0 0.509349 0.088889 0.150990 0.024074
0 0.518669 0.063782 0.133495 0.022009
0 0.954167 0.076620 0.021875 0.049537
0 0.984734 0.079417 0.025521 0.061204
0 0.443104 0.064306 0.014583 0.024074
0 0.988021 0.009963 0.012500 0.019926
0 0.859995 0.077102 0.026042 0.047222
0 0.272839 0.064352 0.020677 0.023148
0 0.099646 0.196917 0.019271 0.024074
0 0.642247 0.088472 0.016599 0.022426
0 0.111932 0.063231 0.018750 0.020370
0 0.070456 0.033106 0.021526 0.022657
0 0.731362 0.064389 0.033630 0.023593
0 0.884917 0.080125 0.023187 0.050435
0 0.214672 0.033602 0.022385 0.018296
0 0.187146 0.033375 0.029073 0.020583
0 0.837500 0.063241 0.017708 0.020926
0 0.605469 0.775926 0.252604 0.025926
0 0.045010 0.194074 0.016104 0.024111
0 0.179078 0.861926 0.042969 0.074722
0 0.272526 0.089815 0.020052 0.024074
0 0.606719 0.749074 0.253229 0.025926
0 0.355758 0.089699 0.144943 0.026065
0 0.643859 0.061981 0.019792 0.024074
0 0.161549 0.034972 0.016464 0.018296
0 0.928385 0.090194 0.017188 0.026852
0 0.061708 0.145019 0.017208 0.017074
0 0.721307 0.894065 0.041667 0.024074
0 0.910062 0.088685 0.017708 0.025000
0 0.519271 0.693981 0.063542 0.013889
0 0.507057 0.262037 0.064115 0.012963
0 0.109885 0.087935 0.016146 0.024722
0 0.976159 0.977380 0.038474 0.029370
0 0.913464 0.918056 0.173073 0.023148
0 0.962760 0.010056 0.009896 0.020111
0 0.027685 0.195611 0.016307 0.025000
0 0.046430 0.033278 0.016297 0.018519
0 0.070182 0.927153 0.140365 0.015361
0 0.919234 0.975514 0.015698 0.022509
0 0.946417 0.975657 0.012031 0.020648
0 0.025724 0.272778 0.014490 0.020741
0 0.514427 0.204630 0.079896 0.014815
0 0.189531 0.088426 0.134479 0.021296
0 0.611745 0.227778 0.258802 0.025926
0 0.027495 0.031343 0.015104 0.020370
0 0.934005 0.976259 0.011458 0.023148
0 0.026922 0.247685 0.015625 0.023148
0 0.933411 0.034259 0.022031 0.024074
0 0.009505 0.247546 0.015885 0.024722
0 0.141740 0.034745 0.020583 0.023324
0 0.119229 0.032231 0.013635 0.023778
0 0.096849 0.032000 0.022385 0.020574
0 0.820500 0.089250 0.013125 0.020667
