0 0.080469 0.662500 0.013021 0.028704
0 0.070573 0.804630 0.141146 0.027778
0 0.070573 0.831019 0.141146 0.026852
0 0.098698 0.273611 0.013021 0.025000
0 0.016667 0.081944 0.026042 0.062037
0 0.080469 0.272685 0.015104 0.025000
0 0.062240 0.636111 0.016146 0.025926
0 0.116927 0.274074 0.014063 0.022222
0 0.065104 0.082870 0.021875 0.060185
0 0.062500 0.272685 0.014583 0.025000
0 0.080469 0.727315 0.014063 0.023148
0 0.080469 0.636111 0.015104 0.025926
0 0.088542 0.082407 0.023958 0.061111
0 0.118229 0.300463 0.017708 0.025000
0 0.044010 0.325463 0.014063 0.025000
0 0.044010 0.636111 0.015104 0.025926
0 0.396615 0.976389 0.117188 0.034259
0 0.478385 0.146759 0.015104 0.021296
0 0.044010 0.662500 0.014063 0.028704
0 0.062500 0.610648 0.014583 0.021296
0 0.044010 0.273148 0.015104 0.024074
0 0.044531 0.727315 0.015104 0.021296
0 0.098437 0.247685 0.012500 0.025000
0 0.044271 0.298611 0.014583 0.025000
0 0.040885 0.083333 0.021354 0.061111
0 0.099479 0.300000 0.013542 0.024074
0 0.062500 0.662500 0.015625 0.028704
0 0.080729 0.299074 0.014583 0.024074
0 0.025781 0.662963 0.014063 0.029630
0 0.025781 0.325463 0.015104 0.023148
0 0.025521 0.636111 0.016667 0.024074
0 0.043750 0.247685 0.013542 0.023148
0 0.044271 0.700926 0.014583 0.025926
0 0.983073 0.081481 0.025521 0.062963
0 0.080469 0.610185 0.015104 0.022222
0 0.008594 0.221759 0.014063 0.025000
0 0.080729 0.247222 0.014583 0.024074
0 0.007812 0.247222 0.013542 0.024074
0 0.512760 0.977315 0.017188 0.025000
0 0.245573 0.145833 0.015104 0.026852
0 0.025000 0.248148 0.015625 0.024074
0 0.099219 0.701389 0.014063 0.023148
0 0.280469 0.146296 0.018229 0.025926
0 0.063281 0.700463 0.017188 0.025000
0 0.044010 0.610648 0.015104 0.023148
0 0.008073 0.663426 0.016146 0.030556
0 0.558594 0.978241 0.019271 0.028704
0 0.080469 0.325926 0.015104 0.025926
0 0.062240 0.325463 0.013021 0.025000
0 0.063021 0.727315 0.015625 0.021296
0 0.988281 0.010648 0.014063 0.021296
0 0.080729 0.700926 0.012500 0.024074
0 0.946354 0.146759 0.013542 0.023148
0 0.580729 0.979167 0.018750 0.030556
0 0.025781 0.299537 0.014063 0.025000
0 0.117448 0.248148 0.014063 0.025926
0 0.044271 0.352778 0.015625 0.025926
0 0.747656 0.088889 0.014063 0.022222
0 0.062500 0.299074 0.013542 0.024074
0 0.729948 0.088889 0.015104 0.024074
0 0.694792 0.089352 0.014583 0.021296
0 0.973698 0.033333 0.050521 0.025926
0 0.043750 0.584259 0.015625 0.022222
0 0.711979 0.088889 0.013542 0.022222
0 0.117969 0.326389 0.017188 0.023148
0 0.604167 0.979630 0.020833 0.031481
0 0.909896 0.034259 0.013542 0.025926
0 0.263021 0.146759 0.014583 0.026852
0 0.846875 0.199537 0.035417 0.028704
0 0.062500 0.221759 0.013542 0.023148
0 0.534896 0.977778 0.017708 0.025926
0 0.227344 0.146296 0.019271 0.025926
0 0.007812 0.325463 0.015625 0.023148
0 0.967708 0.145833 0.019792 0.023148
0 0.098698 0.325463 0.013021 0.025000
0 0.026042 0.273148 0.015625 0.025926
0 0.489844 0.976852 0.018229 0.024074
0 0.026042 0.700463 0.014583 0.026852
0 0.894271 0.034259 0.013542 0.022222
0 0.953906 0.084259 0.021354 0.066667
0 0.008333 0.727778 0.016667 0.020370
0 0.672917 0.981019 0.016667 0.028704
0 0.099740 0.194907 0.019271 0.025000
0 0.008073 0.351852 0.015104 0.024074
0 0.117188 0.701389 0.014583 0.023148
0 0.676562 0.088426 0.012500 0.021296
0 0.114844 0.147685 0.014063 0.025000
0 0.298698 0.146296 0.015104 0.025926
0 0.650000 0.981019 0.016667 0.028704
0 0.044010 0.222222 0.013021 0.022222
0 0.008594 0.635648 0.014063 0.025000
0 0.608594 0.087500 0.034896 0.032407
0 0.008073 0.700463 0.016146 0.026852
0 0.025521 0.352315 0.014583 0.026852
0 0.025781 0.584259 0.016146 0.024074
0 0.080469 0.221759 0.013021 0.023148
0 0.466146 0.978241 0.017708 0.026852
0 0.061719 0.583796 0.015104 0.021296
0 0.659115 0.089352 0.013021 0.021296
0 0.316667 0.146296 0.016667 0.024074
0 0.116667 0.636574 0.015625 0.025000
0 0.097396 0.147222 0.017708 0.025926
0 0.111198 0.089815 0.016146 0.027778
0 0.327083 0.978241 0.020833 0.025000
0 0.026042 0.727315 0.015625 0.021296
0 0.098958 0.609722 0.015625 0.025000
0 0.627344 0.980556 0.016146 0.027778
0 0.132812 0.147685 0.014583 0.025000
0 0.098958 0.636111 0.015625 0.025926
0 0.007552 0.194907 0.015104 0.025000
0 0.008333 0.298148 0.015625 0.027778
0 0.117188 0.584722 0.015625 0.021296
0 0.079948 0.194907 0.013021 0.023148
0 0.008333 0.273148 0.014583 0.024074
0 0.918490 0.063426 0.036979 0.025000
0 0.151823 0.146296 0.019271 0.024074
0 0.116406 0.609722 0.015104 0.023148
0 0.988802 0.145833 0.019271 0.023148
0 0.025260 0.222222 0.015104 0.024074
0 0.207813 0.145370 0.015625 0.025926
0 0.917708 0.200463 0.036458 0.025000
0 0.879948 0.977315 0.014063 0.026852
0 0.008333 0.584259 0.016667 0.025926
0 0.099219 0.221296 0.014063 0.022222
0 0.170833 0.145833 0.017708 0.025000
0 0.008073 0.609722 0.016146 0.023148
0 0.116927 0.221759 0.013021 0.023148
0 0.846354 0.977778 0.014583 0.025926
0 0.080469 0.584722 0.015104 0.021296
0 0.062500 0.195370 0.013542 0.024074
0 0.116406 0.194907 0.010937 0.023148
0 0.642188 0.088889 0.015625 0.025926
0 0.134896 0.756944 0.007292 0.017593
0 0.608594 0.076852 0.034896 0.055556
0 0.994792 0.172222 0.009375 0.016667
0 0.881250 0.199537 0.032292 0.028704
0 0.115104 0.561111 0.009375 0.018519
0 0.098958 0.585185 0.016667 0.022222
0 0.105990 0.756481 0.009896 0.018519
0 0.863021 0.977315 0.015625 0.026852
0 0.078646 0.146759 0.014583 0.025000
0 0.965885 0.171759 0.011979 0.015741
0 0.190104 0.145833 0.017708 0.026852
0 0.115365 0.756481 0.006771 0.016667
0 0.070312 0.904630 0.140625 0.025926
0 0.070052 0.857870 0.140104 0.026852
0 0.025781 0.609259 0.017188 0.020370
0 0.114844 0.173611 0.010937 0.017593
0 0.984375 0.171296 0.009375 0.016667
0 0.818750 0.174537 0.013542 0.021296
0 0.124740 0.756481 0.007812 0.016667
0 0.026042 0.145370 0.050000 0.027778
0 0.961458 0.010185 0.013542 0.020370
0 0.197396 0.173148 0.008333 0.020370
0 0.060677 0.146296 0.016146 0.025926
0 0.124479 0.560648 0.007292 0.017593
0 0.944010 0.976389 0.014063 0.026852
0 0.135156 0.560185 0.007812 0.016667
0 0.134635 0.172222 0.009896 0.020370
0 0.189583 0.212500 0.077083 0.019444
0 0.974219 0.172222 0.008854 0.014815
0 0.124740 0.172685 0.008854 0.017593
0 0.847656 0.373148 0.035937 0.016667
0 0.939323 0.008333 0.010937 0.016667
0 0.899740 0.976852 0.021354 0.025926
0 0.919010 0.976852 0.013021 0.025926
0 0.237240 0.032870 0.017188 0.021296
0 0.273021 0.089815 0.021042 0.024074
0 0.914547 0.497000 0.169510 0.017167
0 0.918359 0.461380 0.163281 0.017167
0 0.918359 0.443472 0.163281 0.017167
0 0.918964 0.426287 0.162073 0.017167
0 0.918562 0.408380 0.162875 0.017167
0 0.918964 0.391194 0.162073 0.017167
0 0.851513 0.319514 0.044234 0.014435
0 0.919096 0.337685 0.161807 0.017167
0 0.913680 0.302593 0.169505 0.017167
0 0.913680 0.284690 0.169505 0.017176
0 0.912471 0.267500 0.169505 0.017167
0 0.912875 0.251028 0.169510 0.017167
0 0.804602 0.089926 0.015349 0.024519
0 0.770799 0.089750 0.018068 0.020722
0 0.214341 0.030958 0.022703 0.022380
0 0.186354 0.031958 0.025177 0.021176
0 0.160732 0.031157 0.016182 0.022778
0 0.139490 0.032157 0.019552 0.020778
0 0.119258 0.031560 0.014161 0.020380
0 0.097344 0.032755 0.019333 0.018787
0 0.070258 0.033153 0.023151 0.024380
0 0.046094 0.033551 0.017083 0.020380
0 0.975182 0.977458 0.039740 0.028991
0 0.027557 0.033361 0.015104 0.020370
0 0.788802 0.064398 0.015104 0.019537
0 0.070651 0.925708 0.141302 0.014880
0 0.821615 0.063657 0.013021 0.018056
0 0.928646 0.092120 0.017188 0.030556
0 0.165156 0.172222 0.043854 0.020370
0 0.838073 0.064333 0.018594 0.023111
0 0.848669 0.620222 0.035891 0.014370
0 0.909635 0.092120 0.017708 0.027778
0 0.874427 0.637037 0.072292 0.014815
0 0.009318 0.032435 0.014594 0.018519
0 0.027187 0.195370 0.018958 0.025926
0 0.913073 0.918056 0.173854 0.023148
0 0.179760 0.862157 0.043073 0.071852
0 0.044229 0.196296 0.013104 0.022222
0 0.643417 0.062259 0.019792 0.023148
0 0.731091 0.063102 0.033755 0.025648
0 0.111849 0.063426 0.020573 0.021296
0 0.399115 0.144907 0.141354 0.025000
0 0.510938 0.088194 0.153229 0.027315
0 0.788411 0.090361 0.016146 0.022426
0 0.772396 0.066481 0.016667 0.023704
0 0.859245 0.081944 0.024219 0.050926
0 0.913852 0.514329 0.169505 0.017176
0 0.442599 0.061620 0.015104 0.024074
0 0.884542 0.081435 0.023958 0.054630
0 0.820578 0.089755 0.013542 0.026046
0 0.063958 0.247824 0.016458 0.025278
0 0.189000 0.088380 0.136167 0.025093
0 0.805990 0.065000 0.017188 0.020741
0 0.519336 0.063120 0.135078 0.021611
0 0.356128 0.089481 0.145661 0.025815
0 0.933333 0.033796 0.021875 0.025000
0 0.189901 0.063444 0.134365 0.022815
0 0.272656 0.065278 0.020313 0.025000
0 0.683776 0.063704 0.061302 0.024444
0 0.354997 0.062750 0.145526 0.026056
0 0.931638 0.976306 0.010016 0.021926
0 0.839513 0.715398 0.020286 0.031907
0 0.838474 0.680486 0.015083 0.021269
0 0.838086 0.658991 0.010661 0.018963
0 0.925398 0.707995 0.149203 0.017176
0 0.924234 0.689769 0.151531 0.017167
0 0.924932 0.672366 0.150135 0.017176
0 0.925398 0.654139 0.149203 0.017167
0 0.915594 0.603463 0.168812 0.017167
0 0.914896 0.585509 0.169510 0.017167
0 0.914547 0.566940 0.169510 0.017176
0 0.914896 0.548991 0.169510 0.017167
0 0.914547 0.531657 0.169510 0.017167
