0 0.914203 0.267005 0.169865 0.018454
0 0.772396 0.066343 0.016667 0.021574
0 0.858464 0.080731 0.025781 0.050926
0 0.988563 0.008968 0.013542 0.017935
0 0.009375 0.248009 0.015625 0.025648
0 0.026219 0.247528 0.015625 0.024074
0 0.820732 0.064731 0.012880 0.021093
0 0.190117 0.088884 0.134766 0.024806
0 0.983375 0.081481 0.025521 0.062963
0 0.839141 0.681556 0.013646 0.024167
0 0.805990 0.066019 0.017188 0.022778
0 0.933849 0.032648 0.019594 0.024074
0 0.190062 0.062708 0.134250 0.023565
0 0.976250 0.976361 0.035104 0.028833
0 0.027250 0.032806 0.015104 0.020370
0 0.916927 0.338889 0.166146 0.016667
0 0.919844 0.461111 0.159688 0.014815
0 0.919135 0.389741 0.161729 0.016667
0 0.837604 0.065157 0.016094 0.020833
0 0.788602 0.066694 0.013734 0.022463
0 0.914581 0.496167 0.170203 0.018889
0 0.919818 0.425926 0.160365 0.018519
0 0.947812 0.975880 0.015104 0.026852
0 0.821466 0.090648 0.013109 0.019815
0 0.928880 0.090565 0.016667 0.028704
0 0.100255 0.196912 0.018750 0.023639
0 0.070505 0.926625 0.141010 0.014935
0 0.071323 0.804630 0.140625 0.027778
0 0.914818 0.513102 0.169323 0.016389
0 0.047203 0.033986 0.016385 0.020769
0 0.070302 0.032745 0.024583 0.022620
0 0.097589 0.032282 0.020573 0.021694
0 0.119206 0.033056 0.014641 0.020148
0 0.140997 0.032588 0.018828 0.022935
0 0.161568 0.033366 0.014646 0.018898
0 0.186326 0.032435 0.027891 0.017667
0 0.216073 0.034125 0.023135 0.017991
0 0.919203 0.976394 0.010531 0.027843
0 0.931763 0.976394 0.012422 0.023046
0 0.915237 0.602190 0.169526 0.016472
0 0.914102 0.584042 0.170505 0.018583
0 0.913292 0.566185 0.170500 0.016463
0 0.915237 0.549861 0.169526 0.016463
0 0.771630 0.089829 0.015760 0.021787
0 0.805482 0.090949 0.016734 0.022657
0 0.835620 0.715921 0.010781 0.029806
0 0.963078 0.008986 0.014583 0.017972
0 0.819682 0.174537 0.013542 0.021296
0 0.919323 0.408796 0.161354 0.019444
0 0.919479 0.444074 0.161042 0.019259
0 0.910651 0.090102 0.017708 0.027778
0 0.872135 0.637037 0.067187 0.014815
0 0.009651 0.032972 0.013719 0.017593
0 0.925260 0.654630 0.149479 0.016667
0 0.915115 0.919185 0.169771 0.019167
0 0.026745 0.195972 0.018073 0.027130
0 0.925234 0.706944 0.149427 0.015741
0 0.924557 0.671759 0.150885 0.019444
0 0.044971 0.194597 0.016307 0.024380
0 0.116406 0.195981 0.010937 0.023148
0 0.914505 0.304167 0.168906 0.017593
0 0.914271 0.285787 0.169896 0.017315
0 0.913750 0.530556 0.169375 0.018519
0 0.914578 0.250222 0.170406 0.016185
0 0.398125 0.144907 0.143333 0.025000
0 0.111198 0.089102 0.016146 0.027778
0 0.112260 0.062352 0.020990 0.021296
0 0.924326 0.690324 0.151349 0.016667
0 0.788568 0.090833 0.015677 0.020185
0 0.953906 0.079120 0.021354 0.056389
0 0.838406 0.657528 0.015625 0.022222
0 0.245573 0.145833 0.014063 0.026852
0 0.747656 0.088889 0.014063 0.022222
0 0.008594 0.221759 0.014063 0.025000
0 0.973698 0.033333 0.050521 0.025926
0 0.099219 0.701389 0.014063 0.023148
0 0.280469 0.146296 0.018229 0.025926
0 0.080729 0.700926 0.012500 0.024074
0 0.271354 0.089815 0.017708 0.024074
0 0.008073 0.352315 0.015104 0.023148
0 0.616146 0.980093 0.019792 0.030556
0 0.676562 0.088426 0.012500 0.021296
0 0.894271 0.034722 0.013542 0.021296
0 0.026042 0.700926 0.014583 0.025926
0 0.883333 0.082870 0.023958 0.054630
0 0.008333 0.727778 0.016667 0.020370
0 0.007812 0.325463 0.015625 0.023148
0 0.098958 0.585185 0.016667 0.022222
0 0.115104 0.561111 0.009375 0.018519
0 0.899740 0.976852 0.020313 0.025926
0 0.008073 0.663426 0.016146 0.030556
0 0.592448 0.979630 0.018229 0.031481
0 0.078646 0.146759 0.014583 0.025000
0 0.965885 0.171759 0.011979 0.015741
0 0.134896 0.756481 0.007292 0.016667
0 0.237240 0.033333 0.017188 0.020370
0 0.847656 0.373148 0.035937 0.016667
0 0.881250 0.199537 0.032292 0.028704
0 0.994792 0.172222 0.009375 0.016667
0 0.642188 0.088889 0.015625 0.025926
0 0.080469 0.662500 0.013021 0.028704
0 0.608594 0.076852 0.034896 0.055556
0 0.643750 0.064352 0.019792 0.023148
0 0.546875 0.977778 0.016667 0.025926
0 0.062500 0.195370 0.013542 0.024074
0 0.080469 0.584722 0.015104 0.021296
0 0.477865 0.977315 0.017188 0.026852
0 0.105990 0.756481 0.009896 0.018519
0 0.116927 0.221759 0.013021 0.023148
0 0.338542 0.977778 0.019792 0.027778
0 0.939323 0.008333 0.010937 0.016667
0 0.190104 0.146296 0.017708 0.025926
0 0.117188 0.248148 0.013542 0.025926
0 0.062500 0.299074 0.013542 0.024074
0 0.879427 0.977315 0.016146 0.026852
0 0.177344 0.871759 0.031771 0.056481
0 0.731250 0.062963 0.035417 0.025926
0 0.008333 0.584722 0.016667 0.025000
0 0.170833 0.145833 0.017708 0.025000
0 0.008073 0.610185 0.016146 0.022222
0 0.099219 0.221296 0.014063 0.022222
0 0.917708 0.200463 0.036458 0.025000
0 0.116667 0.636574 0.014583 0.025000
0 0.207813 0.145370 0.014583 0.025926
0 0.643750 0.072222 0.018750 0.040741
0 0.008333 0.273148 0.014583 0.024074
0 0.025260 0.222222 0.015104 0.024074
0 0.151823 0.146296 0.019271 0.024074
0 0.988802 0.145833 0.019271 0.023148
0 0.661198 0.980093 0.017188 0.026852
0 0.116406 0.609722 0.015104 0.023148
0 0.638542 0.980556 0.015625 0.025926
0 0.026042 0.273148 0.015625 0.025926
0 0.079948 0.194907 0.013021 0.023148
0 0.117188 0.584722 0.015625 0.021296
0 0.570052 0.978704 0.018229 0.027778
0 0.044010 0.610648 0.015104 0.023148
0 0.909896 0.034259 0.013542 0.025926
0 0.967708 0.146296 0.019792 0.022222
0 0.063281 0.700463 0.017188 0.025000
0 0.008333 0.298148 0.015625 0.027778
0 0.227344 0.146296 0.019271 0.025926
0 0.063021 0.727315 0.015625 0.021296
0 0.062500 0.221759 0.013542 0.023148
0 0.080469 0.326389 0.015104 0.025000
0 0.007552 0.194907 0.015104 0.025000
0 0.117969 0.326389 0.017188 0.023148
0 0.132812 0.147685 0.014583 0.025000
0 0.098958 0.609722 0.015625 0.025000
0 0.846875 0.199537 0.035417 0.028704
0 0.263021 0.146759 0.014583 0.026852
0 0.946354 0.146759 0.013542 0.021296
0 0.694792 0.089352 0.014583 0.021296
0 0.729948 0.088889 0.015104 0.024074
0 0.062240 0.325463 0.013021 0.025000
0 0.441927 0.064815 0.015104 0.024074
0 0.501042 0.976852 0.016667 0.024074
0 0.711979 0.088889 0.013542 0.022222
0 0.043750 0.584259 0.015625 0.022222
0 0.044271 0.352778 0.015625 0.025926
0 0.115365 0.756481 0.006771 0.016667
0 0.070312 0.905093 0.140625 0.026852
0 0.124740 0.172685 0.008854 0.017593
0 0.974219 0.172222 0.008854 0.014815
0 0.070052 0.857870 0.140104 0.026852
0 0.025781 0.609259 0.017188 0.020370
0 0.115104 0.173611 0.010417 0.017593
0 0.984375 0.171296 0.009375 0.016667
0 0.197396 0.173611 0.008333 0.019444
0 0.124740 0.756481 0.007812 0.016667
0 0.026042 0.145370 0.050000 0.027778
0 0.060677 0.146296 0.016146 0.025926
0 0.124479 0.560648 0.007292 0.017593
0 0.863021 0.978241 0.014583 0.028704
0 0.135156 0.560185 0.007812 0.016667
0 0.134635 0.172222 0.009896 0.020370
0 0.061719 0.584259 0.015104 0.022222
0 0.193750 0.212963 0.087500 0.018519
0 0.166589 0.172685 0.046719 0.019444
0 0.354948 0.062037 0.147396 0.027778
0 0.070312 0.831019 0.140625 0.026852
0 0.098698 0.273611 0.013021 0.025000
0 0.016667 0.081944 0.026042 0.062037
0 0.080469 0.272685 0.015104 0.025000
0 0.098958 0.636111 0.015625 0.025926
0 0.062240 0.636111 0.016146 0.025926
0 0.684115 0.062500 0.061979 0.026852
0 0.116667 0.274074 0.013542 0.022222
0 0.062500 0.272685 0.014583 0.025000
0 0.080469 0.727315 0.014063 0.023148
0 0.080469 0.636111 0.015104 0.025926
0 0.097396 0.147222 0.017708 0.025926
0 0.065104 0.083333 0.021875 0.061111
0 0.271615 0.065278 0.018229 0.025000
0 0.354167 0.088426 0.148958 0.026852
0 0.044010 0.636574 0.015104 0.025000
0 0.044010 0.325463 0.014063 0.025000
0 0.408333 0.976389 0.116667 0.034259
0 0.044010 0.662500 0.014063 0.028704
0 0.062240 0.610648 0.015104 0.021296
0 0.478646 0.146759 0.014583 0.021296
0 0.098437 0.247685 0.012500 0.025000
0 0.316406 0.146296 0.016146 0.024074
0 0.044531 0.727315 0.015104 0.021296
0 0.044010 0.273148 0.015104 0.024074
0 0.044271 0.298611 0.014583 0.025000
0 0.118229 0.300463 0.017708 0.025000
0 0.062500 0.662500 0.015625 0.028704
0 0.040885 0.083333 0.021354 0.061111
0 0.088542 0.082407 0.023958 0.061111
0 0.099479 0.300000 0.013542 0.024074
0 0.025781 0.662963 0.014063 0.029630
0 0.043750 0.247685 0.013542 0.023148
0 0.063281 0.247222 0.015104 0.024074
0 0.025781 0.325463 0.015104 0.023148
0 0.008594 0.635648 0.014063 0.025000
0 0.025521 0.636111 0.016667 0.024074
0 0.044271 0.700926 0.014583 0.025926
0 0.608594 0.087500 0.034896 0.032407
0 0.518229 0.088426 0.139583 0.026852
0 0.008073 0.700463 0.016146 0.026852
0 0.025781 0.584259 0.016146 0.024074
0 0.659115 0.089352 0.013021 0.021296
0 0.080469 0.610648 0.015104 0.023148
0 0.080729 0.299074 0.014583 0.024074
0 0.025521 0.352315 0.014583 0.026852
0 0.080469 0.221759 0.013021 0.023148
0 0.026042 0.727315 0.015625 0.021296
0 0.098698 0.325463 0.013021 0.025000
0 0.918750 0.063426 0.036458 0.025000
0 0.044010 0.222222 0.013021 0.022222
0 0.114844 0.147685 0.014063 0.025000
0 0.080729 0.247222 0.014583 0.024074
0 0.025781 0.299537 0.014063 0.025000
0 0.518750 0.062500 0.137500 0.026852
0 0.117188 0.701389 0.014583 0.023148
0 0.523698 0.977315 0.017188 0.025000
0 0.441927 0.088426 0.016146 0.025000
0 0.298438 0.146296 0.015625 0.025926
