0 0.983073 0.081481 0.025521 0.062963
0 0.070312 0.904630 0.140625 0.025926
0 0.070052 0.857870 0.140104 0.026852
0 0.025781 0.609259 0.017188 0.020370
0 0.114844 0.173611 0.010937 0.017593
0 0.984375 0.171296 0.009375 0.016667
0 0.124740 0.756481 0.007812 0.016667
0 0.818750 0.174537 0.013542 0.021296
0 0.026042 0.145370 0.050000 0.027778
0 0.961458 0.010185 0.013542 0.020370
0 0.197396 0.173148 0.008333 0.020370
0 0.060677 0.146296 0.016146 0.025926
0 0.135156 0.560185 0.007812 0.016667
0 0.134635 0.172222 0.009896 0.020370
0 0.974219 0.172222 0.008854 0.014815
0 0.124740 0.172685 0.008854 0.017593
0 0.847656 0.373148 0.035937 0.016667
0 0.939323 0.008333 0.010937 0.016667
0 0.944792 0.976852 0.013542 0.025926
0 0.899740 0.977315 0.021354 0.026852
0 0.236979 0.033333 0.016667 0.020370
0 0.851302 0.320833 0.042188 0.015741
0 0.070573 0.804630 0.141146 0.027778
0 0.070573 0.831019 0.141146 0.026852
0 0.098698 0.273611 0.013021 0.025000
0 0.016667 0.081944 0.026042 0.062037
0 0.080469 0.272685 0.015104 0.025000
0 0.062240 0.636111 0.016146 0.025926
0 0.684115 0.062500 0.061979 0.026852
0 0.116927 0.274074 0.014063 0.022222
0 0.065104 0.082870 0.021875 0.060185
0 0.062500 0.272685 0.014583 0.025000
0 0.080469 0.727315 0.014063 0.023148
0 0.080469 0.636111 0.015104 0.025926
0 0.088542 0.082407 0.023958 0.061111
0 0.044010 0.325463 0.014063 0.025000
0 0.044010 0.636111 0.015104 0.025926
0 0.478385 0.146759 0.015104 0.021296
0 0.118229 0.300463 0.017708 0.025000
0 0.044010 0.662500 0.014063 0.028704
0 0.062500 0.610648 0.014583 0.021296
0 0.396615 0.976389 0.117188 0.034259
0 0.044010 0.273148 0.015104 0.024074
0 0.044531 0.727315 0.015104 0.021296
0 0.098437 0.247685 0.012500 0.025000
0 0.044271 0.298611 0.014583 0.025000
0 0.040885 0.082870 0.021354 0.062037
0 0.099479 0.300000 0.013542 0.024074
0 0.062500 0.662500 0.015625 0.028704
0 0.025781 0.662963 0.014063 0.029630
0 0.080729 0.299074 0.014583 0.024074
0 0.025781 0.325463 0.015104 0.023148
0 0.025521 0.636111 0.016667 0.024074
0 0.043750 0.247685 0.013542 0.023148
0 0.115365 0.756481 0.006771 0.016667
0 0.044271 0.700926 0.014583 0.025926
0 0.080469 0.610648 0.015104 0.023148
0 0.008594 0.221759 0.014063 0.025000
0 0.080729 0.247222 0.014583 0.024074
0 0.007812 0.247222 0.013542 0.024074
0 0.245573 0.145833 0.015104 0.026852
0 0.025000 0.248148 0.015625 0.024074
0 0.280469 0.146296 0.018229 0.025926
0 0.512760 0.977315 0.017188 0.025000
0 0.008073 0.663426 0.016146 0.030556
0 0.044010 0.610648 0.015104 0.023148
0 0.099219 0.701389 0.014063 0.023148
0 0.883333 0.082870 0.023958 0.054630
0 0.558594 0.978241 0.019271 0.028704
0 0.063281 0.700463 0.017188 0.025000
0 0.080469 0.325926 0.015104 0.025926
0 0.062240 0.325463 0.013021 0.025000
0 0.063021 0.727315 0.015625 0.021296
0 0.988281 0.010648 0.014063 0.021296
0 0.946354 0.146759 0.013542 0.023148
0 0.441927 0.064815 0.015104 0.024074
0 0.080729 0.700926 0.012500 0.024074
0 0.580729 0.979167 0.018750 0.030556
0 0.025781 0.299537 0.014063 0.025000
0 0.044271 0.353241 0.015625 0.026852
0 0.747656 0.088889 0.014063 0.022222
0 0.729948 0.088889 0.015104 0.024074
0 0.711979 0.088889 0.013542 0.022222
0 0.062500 0.299074 0.013542 0.024074
0 0.909896 0.034259 0.013542 0.025926
0 0.694792 0.089352 0.014583 0.021296
0 0.117448 0.248148 0.014063 0.025926
0 0.043750 0.583796 0.015625 0.023148
0 0.117969 0.326389 0.017188 0.023148
0 0.263021 0.146759 0.014583 0.026852
0 0.604167 0.979630 0.020833 0.031481
0 0.227344 0.146296 0.019271 0.025926
0 0.967708 0.146296 0.019792 0.022222
0 0.062500 0.221759 0.013542 0.023148
0 0.026042 0.273148 0.015625 0.025926
0 0.007812 0.325463 0.015625 0.023148
0 0.534896 0.977778 0.017708 0.025926
0 0.846875 0.199537 0.035417 0.028704
0 0.098698 0.325463 0.013021 0.025000
0 0.489844 0.976852 0.018229 0.024074
0 0.026042 0.700463 0.014583 0.026852
0 0.894271 0.034259 0.013542 0.022222
0 0.008333 0.727778 0.016667 0.020370
0 0.008073 0.351852 0.015104 0.024074
0 0.298438 0.146296 0.015625 0.025926
0 0.117188 0.701389 0.014583 0.023148
0 0.672917 0.981019 0.016667 0.028704
0 0.676562 0.088426 0.012500 0.021296
0 0.114844 0.147685 0.014063 0.025000
0 0.044010 0.222222 0.013021 0.022222
0 0.008594 0.635648 0.014063 0.025000
0 0.650260 0.980556 0.017188 0.029630
0 0.008073 0.700463 0.016146 0.026852
0 0.025521 0.352315 0.014583 0.026852
0 0.080469 0.221759 0.013021 0.023148
0 0.025781 0.584259 0.016146 0.024074
0 0.465885 0.978241 0.017188 0.026852
0 0.061719 0.583796 0.015104 0.021296
0 0.659115 0.089352 0.013021 0.021296
0 0.116406 0.636574 0.015104 0.025000
0 0.316667 0.146296 0.016667 0.024074
0 0.098958 0.609722 0.015625 0.025000
0 0.098958 0.636111 0.015625 0.025926
0 0.026042 0.727315 0.015625 0.021296
0 0.097396 0.147222 0.017708 0.025926
0 0.327083 0.978241 0.020833 0.025000
0 0.132812 0.147685 0.014583 0.025000
0 0.627083 0.980556 0.016667 0.027778
0 0.007552 0.194907 0.015104 0.025000
0 0.008333 0.298148 0.015625 0.027778
0 0.117188 0.584722 0.015625 0.021296
0 0.918490 0.063426 0.036979 0.025000
0 0.079948 0.194907 0.013021 0.023148
0 0.008333 0.273148 0.014583 0.024074
0 0.116406 0.609722 0.015104 0.023148
0 0.152083 0.146296 0.019792 0.024074
0 0.025260 0.222222 0.015104 0.024074
0 0.988802 0.145833 0.019271 0.023148
0 0.207813 0.145370 0.015625 0.025926
0 0.879948 0.977315 0.014063 0.026852
0 0.917708 0.200463 0.036458 0.025000
0 0.098958 0.221296 0.014583 0.022222
0 0.170833 0.145833 0.017708 0.025000
0 0.008073 0.609722 0.016146 0.023148
0 0.008333 0.584259 0.016667 0.025926
0 0.846354 0.977778 0.014583 0.025926
0 0.731250 0.062963 0.035417 0.025926
0 0.116927 0.221759 0.013021 0.023148
0 0.080469 0.584722 0.015104 0.021296
0 0.080469 0.662500 0.013021 0.028704
0 0.062500 0.195370 0.013542 0.024074
0 0.116406 0.194907 0.010937 0.023148
0 0.642188 0.088889 0.015625 0.025926
0 0.134896 0.756944 0.007292 0.017593
0 0.994792 0.172222 0.009375 0.016667
0 0.608594 0.076852 0.034896 0.055556
0 0.863281 0.976852 0.015104 0.027778
0 0.098958 0.585185 0.016667 0.022222
0 0.115104 0.561111 0.009375 0.018519
0 0.881250 0.199537 0.032292 0.028704
0 0.078646 0.146759 0.014583 0.025000
0 0.105990 0.756481 0.009896 0.018519
0 0.190104 0.145833 0.017708 0.026852
0 0.919844 0.977634 0.011354 0.025824
0 0.070078 0.925394 0.140156 0.013843
0 0.124646 0.560648 0.007292 0.017593
0 0.927453 0.091315 0.017188 0.030556
0 0.837708 0.063796 0.016250 0.022037
0 0.167005 0.172222 0.047552 0.020370
0 0.909708 0.090620 0.017708 0.027778
0 0.871615 0.637037 0.066146 0.014815
0 0.839313 0.725250 0.017167 0.019481
0 0.027857 0.034194 0.014078 0.018519
0 0.914245 0.917130 0.171510 0.023148
0 0.027005 0.195370 0.018594 0.025926
0 0.180130 0.861852 0.042917 0.076296
0 0.964557 0.171926 0.009948 0.016667
0 0.044911 0.194713 0.017188 0.025000
0 0.642875 0.061685 0.019792 0.023148
0 0.111198 0.089593 0.016146 0.027778
0 0.111615 0.062963 0.020104 0.022222
0 0.509583 0.088426 0.151458 0.025000
0 0.396901 0.144907 0.145781 0.025000
0 0.838672 0.659954 0.015625 0.021296
0 0.100000 0.196824 0.018750 0.025000
0 0.788990 0.089653 0.016146 0.022917
0 0.953906 0.077361 0.021354 0.052870
0 0.772396 0.065787 0.016667 0.022315
0 0.272865 0.089815 0.020729 0.024074
0 0.859271 0.081944 0.024167 0.050926
0 0.064469 0.247417 0.015104 0.024074
0 0.190745 0.088167 0.134865 0.025889
0 0.805990 0.065463 0.017188 0.021667
0 0.517760 0.063519 0.135521 0.024815
0 0.356414 0.088861 0.145089 0.026537
0 0.933073 0.033796 0.021354 0.025000
0 0.189505 0.063944 0.134635 0.023074
0 0.273125 0.064815 0.021250 0.025926
0 0.355656 0.064111 0.144833 0.024889
0 0.848068 0.619042 0.036396 0.015546
0 0.838497 0.680681 0.014995 0.019991
0 0.925581 0.654875 0.148839 0.016880
0 0.925508 0.671588 0.148984 0.016880
0 0.925651 0.689065 0.148698 0.016889
0 0.925867 0.707315 0.148266 0.016889
0 0.914492 0.583324 0.168859 0.016889
0 0.914492 0.566356 0.168859 0.016880
0 0.914057 0.548620 0.168865 0.016889
0 0.914479 0.532106 0.168865 0.016880
0 0.914255 0.515389 0.168865 0.016889
0 0.913768 0.601315 0.168859 0.016889
0 0.914255 0.495880 0.168865 0.016889
0 0.920375 0.461736 0.159250 0.016880
0 0.920039 0.445079 0.159922 0.016880
0 0.919956 0.426940 0.160089 0.016880
0 0.920292 0.409097 0.159417 0.016880
0 0.920292 0.391255 0.159417 0.016880
0 0.915578 0.302625 0.168844 0.016880
0 0.915745 0.284782 0.168510 0.016880
0 0.915578 0.267532 0.168844 0.016880
0 0.915745 0.249097 0.168510 0.016880
0 0.821089 0.089028 0.011698 0.022944
0 0.805521 0.089769 0.014156 0.021574
0 0.771680 0.089097 0.014932 0.022398
0 0.214602 0.033116 0.022120 0.019324
0 0.186922 0.033227 0.025490 0.020435
0 0.161930 0.033449 0.014745 0.019102
0 0.140875 0.033449 0.019615 0.017324
0 0.119870 0.032926 0.013813 0.016426
0 0.097190 0.033009 0.022589 0.016593
0 0.071240 0.034333 0.023708 0.018259
0 0.046878 0.034338 0.017172 0.015269
0 0.919393 0.337120 0.161214 0.016889
0 0.932089 0.977824 0.010625 0.023981
0 0.008854 0.034093 0.015104 0.020370
0 0.975708 0.978000 0.035042 0.030259
0 0.974089 0.033796 0.048698 0.025000
0 0.192188 0.213426 0.076042 0.017593
0 0.788802 0.064815 0.015104 0.020370
0 0.821615 0.063889 0.013021 0.018519
