0 0.152083 0.146296 0.019792 0.024074
0 0.079948 0.194907 0.013021 0.023148
0 0.008333 0.273148 0.014583 0.024074
0 0.918490 0.063426 0.036979 0.025000
0 0.008333 0.298148 0.015625 0.027778
0 0.098958 0.636111 0.015625 0.025926
0 0.007552 0.194907 0.015104 0.025000
0 0.117188 0.584722 0.015625 0.021296
0 0.111198 0.089815 0.016146 0.027778
0 0.098958 0.609722 0.015625 0.025000
0 0.477865 0.977778 0.017188 0.027778
0 0.098698 0.325926 0.013021 0.025926
0 0.894271 0.034259 0.013542 0.022222
0 0.117188 0.701389 0.014583 0.023148
0 0.099740 0.194907 0.019271 0.025000
0 0.008073 0.352315 0.015104 0.025000
0 0.008594 0.635648 0.014063 0.025000
0 0.676562 0.088426 0.012500 0.021296
0 0.114844 0.147685 0.014063 0.025000
0 0.298438 0.146296 0.015625 0.025926
0 0.044010 0.222222 0.013021 0.022222
0 0.008333 0.727778 0.016667 0.020370
0 0.026042 0.700463 0.014583 0.026852
0 0.026042 0.273148 0.015625 0.025926
0 0.025781 0.584259 0.016146 0.024074
0 0.025521 0.352778 0.014583 0.025926
0 0.616146 0.980093 0.019792 0.030556
0 0.008073 0.700463 0.016146 0.026852
0 0.080469 0.221759 0.013021 0.023148
0 0.909896 0.034259 0.013542 0.025926
0 0.061719 0.583796 0.015104 0.021296
0 0.116667 0.637037 0.015625 0.024074
0 0.967708 0.146296 0.019792 0.022222
0 0.062500 0.221759 0.013542 0.023148
0 0.227344 0.146296 0.019271 0.025926
0 0.659115 0.089352 0.013021 0.021296
0 0.316406 0.146296 0.016146 0.024074
0 0.592187 0.979630 0.018750 0.029630
0 0.007812 0.325463 0.015625 0.023148
0 0.263021 0.146759 0.014583 0.026852
0 0.846875 0.199537 0.035417 0.028704
0 0.097396 0.147222 0.017708 0.025926
0 0.501042 0.977315 0.016667 0.025000
0 0.117969 0.326852 0.017188 0.024074
0 0.132812 0.147685 0.014583 0.025000
0 0.026042 0.727315 0.015625 0.021296
0 0.747656 0.088889 0.014063 0.022222
0 0.729948 0.088889 0.015104 0.024074
0 0.070573 0.804630 0.141146 0.027778
0 0.973698 0.033333 0.050521 0.025926
0 0.070573 0.831019 0.141146 0.026852
0 0.098698 0.273611 0.013021 0.025000
0 0.694792 0.088889 0.014583 0.020370
0 0.711979 0.088889 0.013542 0.022222
0 0.016667 0.081944 0.026042 0.062037
0 0.062240 0.636111 0.016146 0.025926
0 0.080469 0.272685 0.015104 0.025000
0 0.116927 0.273611 0.014063 0.023148
0 0.684115 0.062500 0.061979 0.026852
0 0.546615 0.977778 0.017188 0.025926
0 0.065104 0.082870 0.021875 0.060185
0 0.080469 0.727315 0.014063 0.023148
0 0.062500 0.272685 0.014583 0.025000
0 0.117448 0.248148 0.014063 0.025926
0 0.080469 0.636111 0.015104 0.025926
0 0.043750 0.584259 0.015625 0.022222
0 0.062500 0.299074 0.013542 0.024074
0 0.044010 0.636111 0.015104 0.025926
0 0.044010 0.325463 0.014063 0.025000
0 0.478385 0.146759 0.015104 0.021296
0 0.118229 0.300463 0.017708 0.025000
0 0.044271 0.662500 0.014583 0.028704
0 0.062500 0.610648 0.014583 0.021296
0 0.044531 0.727315 0.015104 0.021296
0 0.946354 0.146759 0.013542 0.021296
0 0.044271 0.353241 0.015625 0.026852
0 0.098437 0.247685 0.012500 0.025000
0 0.025781 0.299537 0.014063 0.025000
0 0.088542 0.082407 0.023958 0.061111
0 0.080469 0.325926 0.015104 0.025926
0 0.441927 0.064815 0.015104 0.024074
0 0.988281 0.010648 0.014063 0.021296
0 0.570052 0.978704 0.018229 0.027778
0 0.062240 0.325463 0.013021 0.025000
0 0.063021 0.727315 0.015625 0.021296
0 0.523958 0.977778 0.016667 0.025926
0 0.044010 0.273148 0.015104 0.024074
0 0.080729 0.700926 0.012500 0.024074
0 0.883333 0.082870 0.023958 0.054630
0 0.044271 0.298611 0.014583 0.025000
0 0.280469 0.146296 0.018229 0.025926
0 0.044010 0.610648 0.015104 0.023148
0 0.025000 0.248148 0.015625 0.024074
0 0.063281 0.700463 0.017188 0.025000
0 0.040885 0.083333 0.021354 0.061111
0 0.099479 0.300000 0.013542 0.024074
0 0.408333 0.976389 0.116667 0.034259
0 0.062500 0.662500 0.015625 0.028704
0 0.025781 0.325463 0.015104 0.023148
0 0.025521 0.636111 0.016667 0.024074
0 0.008073 0.663426 0.016146 0.030556
0 0.099219 0.701389 0.014063 0.023148
0 0.080729 0.247222 0.014583 0.024074
0 0.245573 0.145833 0.014063 0.026852
0 0.007812 0.247222 0.013542 0.024074
0 0.063281 0.247222 0.015104 0.024074
0 0.008594 0.221759 0.014063 0.025000
0 0.983073 0.081944 0.025521 0.063889
0 0.080469 0.610185 0.015104 0.022222
0 0.080729 0.299074 0.014583 0.024074
0 0.043750 0.247685 0.013542 0.023148
0 0.025781 0.662963 0.014063 0.029630
0 0.044271 0.700926 0.014583 0.025926
0 0.237240 0.033333 0.017188 0.020370
0 0.899740 0.976852 0.020313 0.025926
0 0.847656 0.373148 0.035937 0.016667
0 0.939323 0.008333 0.010937 0.016667
0 0.124740 0.172685 0.008854 0.017593
0 0.974219 0.172222 0.008854 0.014815
0 0.193750 0.212963 0.087500 0.018519
0 0.134635 0.172222 0.009896 0.020370
0 0.167839 0.172685 0.049219 0.019444
0 0.135156 0.560185 0.007812 0.016667
0 0.124479 0.560648 0.007292 0.017593
0 0.060677 0.146296 0.016146 0.025926
0 0.124740 0.756481 0.007812 0.016667
0 0.026042 0.145370 0.050000 0.027778
0 0.197396 0.173611 0.008333 0.019444
0 0.818750 0.174074 0.013542 0.022222
0 0.984375 0.171296 0.009375 0.016667
0 0.114844 0.173611 0.010937 0.017593
0 0.070312 0.904630 0.140625 0.025926
0 0.025781 0.609259 0.017188 0.020370
0 0.879687 0.976852 0.016667 0.027778
0 0.070052 0.857870 0.140104 0.026852
0 0.863021 0.978241 0.014583 0.028704
0 0.115365 0.756481 0.006771 0.016667
0 0.024479 0.195370 0.013542 0.025926
0 0.190104 0.145370 0.017708 0.025926
0 0.105990 0.756481 0.009896 0.018519
0 0.078646 0.146759 0.014583 0.025000
0 0.115104 0.561111 0.009375 0.018519
0 0.134896 0.756944 0.007292 0.017593
0 0.338542 0.977778 0.019792 0.027778
0 0.608594 0.076852 0.034896 0.055556
0 0.098958 0.585185 0.016667 0.022222
0 0.994792 0.172222 0.009375 0.016667
0 0.881250 0.199537 0.032292 0.028704
0 0.042969 0.194907 0.017188 0.025000
0 0.642188 0.088426 0.015625 0.026852
0 0.116406 0.194907 0.010937 0.023148
0 0.062500 0.195370 0.013542 0.024074
0 0.080469 0.584722 0.015104 0.021296
0 0.080469 0.662500 0.013021 0.028704
0 0.116927 0.221759 0.013021 0.023148
0 0.099219 0.221296 0.014063 0.022222
0 0.170833 0.145833 0.017708 0.025000
0 0.008073 0.610185 0.016146 0.022222
0 0.008333 0.584259 0.016667 0.025926
0 0.661458 0.980093 0.017708 0.026852
0 0.638542 0.980556 0.015625 0.027778
0 0.116406 0.609722 0.015104 0.023148
0 0.207813 0.145370 0.014583 0.025926
0 0.917708 0.200463 0.036458 0.025000
0 0.025260 0.222222 0.015104 0.024074
0 0.988802 0.145833 0.019271 0.023148
0 0.272630 0.065278 0.020260 0.025000
0 0.976474 0.976810 0.037365 0.028065
0 0.028615 0.034380 0.015104 0.020370
0 0.919115 0.976065 0.013229 0.026204
0 0.789234 0.065921 0.015104 0.022583
0 0.070516 0.925218 0.141031 0.013380
0 0.931643 0.974958 0.010984 0.018509
0 0.925906 0.707801 0.148187 0.016880
0 0.925740 0.689958 0.148521 0.016880
0 0.925573 0.673602 0.148854 0.016889
0 0.925406 0.654565 0.149188 0.016889
0 0.839719 0.713444 0.019740 0.034500
0 0.838547 0.679838 0.016063 0.018435
0 0.837792 0.658722 0.014219 0.020222
0 0.848164 0.619764 0.034630 0.014269
0 0.915784 0.602213 0.168432 0.016889
0 0.914409 0.583708 0.168859 0.016880
0 0.914263 0.567255 0.168859 0.016880
0 0.913906 0.549009 0.168865 0.016889
0 0.913815 0.532028 0.168859 0.016889
0 0.913367 0.514912 0.168859 0.016880
0 0.914711 0.497394 0.168859 0.016880
0 0.919362 0.461514 0.161276 0.016880
0 0.919266 0.444310 0.161469 0.016880
0 0.919362 0.426417 0.161276 0.016889
0 0.919362 0.408866 0.161276 0.016880
0 0.919654 0.392005 0.160693 0.016880
0 0.919727 0.337500 0.160547 0.016889
0 0.852174 0.320824 0.042391 0.014111
0 0.913958 0.303162 0.168865 0.016880
0 0.913958 0.286056 0.168865 0.016889
0 0.914583 0.267616 0.168865 0.016880
0 0.915083 0.250069 0.168865 0.016880
0 0.805214 0.089620 0.015333 0.021704
0 0.771625 0.089139 0.014687 0.022278
0 0.214674 0.033338 0.017620 0.017324
0 0.186560 0.033671 0.026370 0.018435
0 0.162029 0.032556 0.014474 0.018241
0 0.140427 0.032653 0.018792 0.016898
0 0.120016 0.033134 0.014687 0.019769
0 0.098094 0.032653 0.022677 0.017657
0 0.071201 0.033134 0.022464 0.020157
0 0.046469 0.033519 0.017062 0.016315
0 0.944688 0.976944 0.011771 0.026111
0 0.821615 0.065231 0.013021 0.021204
0 0.928385 0.090796 0.017188 0.030556
0 0.837609 0.067801 0.016667 0.025972
0 0.962693 0.009523 0.014063 0.019046
0 0.909490 0.089685 0.017708 0.027778
0 0.914193 0.917593 0.171615 0.024074
0 0.872318 0.637500 0.067552 0.015741
0 0.011109 0.034222 0.014448 0.018519
0 0.182542 0.862519 0.043906 0.073426
0 0.965279 0.171185 0.008995 0.015741
0 0.732000 0.062296 0.035417 0.025926
0 0.642740 0.061778 0.019792 0.023148
0 0.397734 0.144907 0.144115 0.025000
0 0.111870 0.062926 0.018750 0.021296
0 0.509818 0.088426 0.151927 0.025000
0 0.272682 0.089815 0.020365 0.024074
0 0.788589 0.090347 0.016146 0.021898
0 0.953906 0.076713 0.021354 0.051574
0 0.772396 0.066528 0.016667 0.021944
0 0.859036 0.081481 0.024635 0.050000
0 0.517422 0.063704 0.134844 0.024444
0 0.821245 0.090227 0.013542 0.024731
0 0.189740 0.089028 0.134375 0.025463
0 0.805990 0.065185 0.017188 0.021111
0 0.932531 0.034259 0.021000 0.024074
0 0.356680 0.088426 0.145286 0.026852
0 0.189349 0.064037 0.133594 0.021778
0 0.356190 0.062199 0.143557 0.025139
