0 0.805859 0.065731 0.014792 0.019630
0 0.932682 0.034259 0.020573 0.024074
0 0.355849 0.089148 0.145073 0.026519
0 0.189880 0.064167 0.134510 0.023519
0 0.272708 0.065278 0.020417 0.025000
0 0.683620 0.064583 0.060990 0.022685
0 0.356057 0.063630 0.143615 0.024667
0 0.945503 0.978426 0.013536 0.021741
0 0.931919 0.976847 0.010828 0.018583
0 0.919367 0.977014 0.010547 0.022231
0 0.925667 0.707944 0.148667 0.017296
0 0.925620 0.690352 0.148760 0.017296
0 0.925526 0.672764 0.148948 0.017306
0 0.925714 0.655509 0.148573 0.017296
0 0.838508 0.682366 0.014620 0.021546
0 0.914219 0.601639 0.168125 0.017296
0 0.914547 0.584361 0.168125 0.017296
0 0.914651 0.567463 0.168125 0.017296
0 0.914219 0.550185 0.168125 0.017296
0 0.914016 0.532185 0.168125 0.017296
0 0.914484 0.514759 0.168125 0.017296
0 0.914672 0.497005 0.168125 0.017306
0 0.919628 0.462648 0.160745 0.017296
0 0.919630 0.445292 0.160740 0.017306
0 0.919669 0.427648 0.160661 0.017296
0 0.919750 0.409870 0.160500 0.017296
0 0.919852 0.391139 0.160297 0.017296
0 0.919745 0.338815 0.160510 0.017296
0 0.913651 0.304194 0.168125 0.017296
0 0.913651 0.286602 0.168125 0.017296
0 0.914174 0.268949 0.168130 0.017306
0 0.914531 0.249741 0.168125 0.017296
0 0.805971 0.089565 0.013318 0.020889
0 0.772010 0.090727 0.012906 0.019213
0 0.214620 0.033046 0.019521 0.018833
0 0.186417 0.033667 0.025594 0.017111
0 0.161768 0.033977 0.013807 0.015250
0 0.140565 0.033551 0.018016 0.018083
0 0.119880 0.033139 0.013625 0.016926
0 0.097065 0.033634 0.020443 0.015269
0 0.071211 0.034880 0.024547 0.018093
0 0.046430 0.033810 0.015682 0.014287
0 0.847922 0.620083 0.036344 0.012426
0 0.976721 0.976199 0.038536 0.029806
0 0.928406 0.088384 0.016667 0.023417
0 0.821615 0.065231 0.013021 0.021204
0 0.070362 0.925750 0.140109 0.013315
0 0.788802 0.064722 0.015104 0.020185
0 0.027885 0.033616 0.012042 0.017028
0 0.835276 0.716162 0.011979 0.026731
0 0.837867 0.065685 0.014120 0.017963
0 0.963187 0.009032 0.013542 0.018065
0 0.167214 0.172685 0.047969 0.019444
0 0.910318 0.089407 0.016302 0.024722
0 0.872552 0.637037 0.068021 0.014815
0 0.838341 0.660523 0.013172 0.019620
0 0.010146 0.032981 0.014479 0.016056
0 0.181188 0.864176 0.044812 0.076463
0 0.913854 0.918787 0.172292 0.024074
0 0.026979 0.195787 0.018542 0.026759
0 0.964771 0.172324 0.009542 0.014278
0 0.608161 0.076278 0.034896 0.055556
0 0.044807 0.194657 0.015281 0.025500
0 0.643750 0.062269 0.019792 0.023148
0 0.731083 0.063722 0.034083 0.022630
0 0.398828 0.144907 0.141927 0.025000
0 0.919396 0.063796 0.036979 0.025000
0 0.110911 0.089815 0.016146 0.027778
0 0.509635 0.088426 0.151562 0.025000
0 0.100208 0.196648 0.018750 0.025000
0 0.788307 0.090898 0.015677 0.020611
0 0.272734 0.089815 0.020469 0.024074
0 0.953906 0.080000 0.021354 0.058148
0 0.772891 0.066944 0.015677 0.022778
0 0.859115 0.081481 0.024479 0.050000
0 0.987698 0.009208 0.013542 0.018417
0 0.883891 0.082000 0.023958 0.054630
0 0.821146 0.090005 0.012875 0.023824
0 0.189969 0.089269 0.135271 0.024426
0 0.518055 0.063593 0.133682 0.022000
0 0.909896 0.034259 0.013542 0.025926
0 0.851302 0.320833 0.042188 0.015741
0 0.237240 0.033333 0.017188 0.020370
0 0.899740 0.976852 0.020313 0.025926
0 0.847656 0.373148 0.035937 0.016667
0 0.939323 0.008333 0.010937 0.016667
0 0.124740 0.172685 0.008854 0.017593
0 0.974219 0.172222 0.008854 0.014815
0 0.193750 0.212963 0.087500 0.018519
0 0.134635 0.172222 0.009896 0.020370
0 0.135156 0.560185 0.007812 0.016667
0 0.124479 0.560648 0.007292 0.017593
0 0.060677 0.146296 0.016146 0.025926
0 0.197396 0.173611 0.008333 0.019444
0 0.026042 0.145370 0.050000 0.027778
0 0.818750 0.174074 0.013542 0.022222
0 0.124740 0.756481 0.007812 0.016667
0 0.984375 0.171296 0.009375 0.016667
0 0.114844 0.173611 0.010937 0.017593
0 0.070312 0.904630 0.140625 0.025926
0 0.025781 0.609259 0.017188 0.020370
0 0.879687 0.976852 0.016667 0.027778
0 0.863021 0.978241 0.014583 0.028704
0 0.070052 0.857870 0.140104 0.026852
0 0.115365 0.756481 0.006771 0.016667
0 0.190104 0.145370 0.017708 0.025926
0 0.338542 0.977778 0.019792 0.027778
0 0.078646 0.146759 0.014583 0.025000
0 0.105990 0.756481 0.009896 0.018519
0 0.115104 0.561111 0.009375 0.018519
0 0.994792 0.172222 0.009375 0.016667
0 0.881250 0.199537 0.032292 0.028704
0 0.134896 0.756944 0.007292 0.017593
0 0.642188 0.089352 0.015625 0.025000
0 0.116406 0.194907 0.010937 0.023148
0 0.098958 0.584722 0.016667 0.021296
0 0.080469 0.584259 0.015104 0.020370
0 0.062500 0.195370 0.013542 0.024074
0 0.080469 0.662500 0.013021 0.028704
0 0.116927 0.221759 0.013021 0.023148
0 0.170833 0.145833 0.017708 0.025000
0 0.099219 0.221296 0.014063 0.022222
0 0.008073 0.610185 0.016146 0.022222
0 0.008333 0.584259 0.016667 0.025926
0 0.638542 0.980556 0.015625 0.027778
0 0.661458 0.980093 0.017708 0.026852
0 0.207813 0.145370 0.014583 0.025926
0 0.988802 0.145833 0.019271 0.023148
0 0.917708 0.200463 0.036458 0.025000
0 0.025260 0.222222 0.015104 0.024074
0 0.152083 0.146296 0.019792 0.024074
0 0.116406 0.609722 0.015104 0.023148
0 0.079948 0.194907 0.013021 0.023148
0 0.008333 0.298148 0.015625 0.027778
0 0.008333 0.273148 0.014583 0.024074
0 0.007552 0.194907 0.015104 0.025000
0 0.117188 0.584722 0.015625 0.021296
0 0.026042 0.727315 0.015625 0.021296
0 0.116667 0.636574 0.015625 0.025000
0 0.110937 0.063426 0.018750 0.021296
0 0.132812 0.147685 0.014583 0.025000
0 0.316406 0.146296 0.016146 0.024074
0 0.097396 0.147222 0.017708 0.025926
0 0.098958 0.609722 0.015625 0.025000
0 0.098958 0.636111 0.015625 0.025926
0 0.659115 0.089352 0.013021 0.021296
0 0.080469 0.221759 0.013021 0.023148
0 0.061719 0.583796 0.015104 0.021296
0 0.008073 0.700463 0.016146 0.026852
0 0.616146 0.980093 0.019792 0.030556
0 0.025781 0.584259 0.016146 0.024074
0 0.044010 0.222222 0.013021 0.022222
0 0.298438 0.146296 0.015625 0.025926
0 0.114844 0.147685 0.014063 0.025000
0 0.008073 0.351852 0.015104 0.024074
0 0.676562 0.088426 0.012500 0.021296
0 0.117188 0.701389 0.014583 0.023148
0 0.025521 0.352315 0.014583 0.025000
0 0.477865 0.977778 0.017188 0.027778
0 0.008594 0.635648 0.014063 0.025000
0 0.008333 0.727778 0.016667 0.020370
0 0.894271 0.034259 0.013542 0.022222
0 0.026042 0.700463 0.014583 0.026852
0 0.967708 0.146296 0.019792 0.022222
0 0.062500 0.221759 0.013542 0.023148
0 0.026042 0.273148 0.015625 0.025926
0 0.227344 0.146296 0.019271 0.025926
0 0.592187 0.979630 0.018750 0.029630
0 0.263021 0.146759 0.014583 0.026852
0 0.846875 0.199537 0.035417 0.028704
0 0.501042 0.977315 0.016667 0.025000
0 0.117969 0.326389 0.017188 0.023148
0 0.098698 0.325926 0.013021 0.025926
0 0.007812 0.325463 0.015625 0.023148
0 0.729948 0.088889 0.015104 0.024074
0 0.711979 0.088889 0.013542 0.022222
0 0.117448 0.248148 0.014063 0.025926
0 0.546615 0.977778 0.017188 0.025926
0 0.946354 0.146759 0.013542 0.021296
0 0.694792 0.089352 0.014583 0.021296
0 0.747656 0.088889 0.014063 0.022222
0 0.043750 0.584259 0.015625 0.022222
0 0.973698 0.033333 0.050521 0.025926
0 0.062500 0.299074 0.013542 0.024074
0 0.025781 0.299537 0.014063 0.025000
0 0.441927 0.064815 0.015104 0.024074
0 0.570052 0.978704 0.018229 0.027778
0 0.044271 0.352778 0.015625 0.025926
0 0.080729 0.700926 0.012500 0.024074
0 0.523958 0.977778 0.016667 0.025926
0 0.063021 0.727315 0.015625 0.021296
0 0.280469 0.146296 0.018229 0.025926
0 0.063281 0.700463 0.017188 0.025000
0 0.044010 0.610648 0.015104 0.023148
0 0.099219 0.701389 0.014063 0.023148
0 0.080469 0.325926 0.015104 0.025926
0 0.008073 0.663426 0.016146 0.030556
0 0.025000 0.248148 0.015625 0.024074
0 0.062240 0.325463 0.013021 0.025000
0 0.245573 0.145833 0.014063 0.026852
0 0.080729 0.247222 0.014583 0.024074
0 0.007812 0.247222 0.013542 0.024074
0 0.008594 0.221759 0.014063 0.025000
0 0.063281 0.247222 0.015104 0.024074
0 0.983073 0.081944 0.025521 0.063889
0 0.080469 0.610185 0.015104 0.022222
0 0.043750 0.247685 0.013542 0.023148
0 0.044271 0.700926 0.014583 0.025926
0 0.025521 0.636111 0.016667 0.024074
0 0.025781 0.325463 0.015104 0.023148
0 0.025781 0.662963 0.014063 0.029630
0 0.080729 0.299074 0.014583 0.024074
0 0.040885 0.083333 0.021354 0.061111
0 0.062500 0.662500 0.015625 0.028704
0 0.044271 0.298611 0.014583 0.025000
0 0.099479 0.300000 0.013542 0.024074
0 0.062500 0.610648 0.014583 0.021296
0 0.088542 0.082407 0.023958 0.061111
0 0.478646 0.146759 0.014583 0.021296
0 0.044010 0.273148 0.015104 0.024074
0 0.098437 0.247685 0.012500 0.025000
0 0.044531 0.727315 0.015104 0.021296
0 0.044010 0.325000 0.014063 0.024074
0 0.044271 0.662500 0.014583 0.028704
0 0.044010 0.636111 0.015104 0.025926
0 0.118229 0.300463 0.017708 0.025000
0 0.408333 0.976389 0.116667 0.034259
0 0.062500 0.272685 0.014583 0.025000
0 0.080469 0.636111 0.015104 0.025926
0 0.080469 0.727315 0.014063 0.023148
0 0.065104 0.082870 0.021875 0.060185
0 0.116927 0.274074 0.014063 0.022222
0 0.080469 0.272685 0.015104 0.025000
0 0.062240 0.636111 0.016146 0.025926
0 0.016667 0.081944 0.026042 0.062037
0 0.098698 0.273611 0.013021 0.025000
0 0.070573 0.831019 0.141146 0.026852
0 0.070573 0.804630 0.141146 0.027778
