0 0.098958 0.609722 0.015625 0.025000
0 0.080469 0.727315 0.014063 0.023148
0 0.080469 0.636111 0.015104 0.025926
0 0.396615 0.976389 0.117188 0.034259
0 0.088542 0.082407 0.023958 0.061111
0 0.044010 0.325463 0.014063 0.025000
0 0.044010 0.636111 0.015104 0.025926
0 0.065104 0.082870 0.021875 0.060185
0 0.116927 0.274074 0.014063 0.022222
0 0.118229 0.300463 0.017708 0.025000
0 0.062240 0.636111 0.016146 0.025926
0 0.080469 0.272685 0.015104 0.025000
0 0.016667 0.081944 0.026042 0.062037
0 0.098698 0.273611 0.013021 0.025000
0 0.354687 0.062500 0.147917 0.028704
0 0.271615 0.065278 0.018229 0.025000
0 0.044010 0.662500 0.014063 0.028704
0 0.044010 0.273148 0.015104 0.024074
0 0.070573 0.831019 0.141146 0.026852
0 0.478385 0.146759 0.015104 0.021296
0 0.062500 0.610648 0.014583 0.021296
0 0.070573 0.804630 0.141146 0.027778
0 0.044531 0.727315 0.015104 0.021296
0 0.098437 0.247685 0.012500 0.025000
0 0.044271 0.298611 0.014583 0.025000
0 0.040885 0.083333 0.021354 0.061111
0 0.099479 0.300000 0.013542 0.024074
0 0.354427 0.088426 0.148438 0.026852
0 0.519010 0.062500 0.138021 0.026852
0 0.062500 0.662500 0.015625 0.028704
0 0.080729 0.299074 0.014583 0.024074
0 0.025781 0.662963 0.014063 0.029630
0 0.025781 0.325463 0.015104 0.023148
0 0.025521 0.636111 0.016667 0.024074
0 0.043750 0.247685 0.013542 0.023148
0 0.044271 0.700926 0.014583 0.025926
0 0.983073 0.081481 0.025521 0.062963
0 0.080469 0.610648 0.015104 0.023148
0 0.063281 0.247222 0.015104 0.024074
0 0.008594 0.221759 0.014063 0.025000
0 0.080729 0.247222 0.014583 0.024074
0 0.007812 0.247222 0.013542 0.024074
0 0.025000 0.248148 0.015625 0.024074
0 0.245573 0.145833 0.015104 0.026852
0 0.080469 0.325926 0.015104 0.025926
0 0.280469 0.146296 0.018229 0.025926
0 0.512760 0.977315 0.017188 0.025000
0 0.883333 0.082870 0.023958 0.054630
0 0.008073 0.663426 0.016146 0.030556
0 0.099219 0.701389 0.014063 0.023148
0 0.044010 0.610648 0.015104 0.023148
0 0.062240 0.325463 0.013021 0.025000
0 0.063281 0.700463 0.017188 0.025000
0 0.558594 0.978241 0.019271 0.028704
0 0.063021 0.727315 0.015625 0.021296
0 0.988281 0.010648 0.014063 0.021296
0 0.080729 0.700926 0.012500 0.024074
0 0.441927 0.064815 0.015104 0.024074
0 0.946354 0.146759 0.013542 0.023148
0 0.044271 0.352778 0.015625 0.025926
0 0.580729 0.979167 0.018750 0.030556
0 0.025781 0.299537 0.014063 0.025000
0 0.062500 0.299074 0.013542 0.024074
0 0.117188 0.248148 0.013542 0.025926
0 0.747656 0.088889 0.014063 0.022222
0 0.043750 0.584259 0.015625 0.022222
0 0.711979 0.088889 0.013542 0.022222
0 0.729948 0.088889 0.015104 0.024074
0 0.694792 0.089352 0.014583 0.021296
0 0.973698 0.033333 0.050521 0.025926
0 0.117969 0.326389 0.017188 0.023148
0 0.263021 0.146759 0.014583 0.026852
0 0.271354 0.089815 0.017708 0.024074
0 0.909896 0.034259 0.013542 0.025926
0 0.604167 0.979630 0.020833 0.031481
0 0.007812 0.325463 0.015625 0.023148
0 0.227344 0.146296 0.019271 0.025926
0 0.062500 0.221759 0.013542 0.023148
0 0.026042 0.273148 0.015625 0.025926
0 0.098698 0.325463 0.013021 0.025000
0 0.967708 0.146296 0.019792 0.022222
0 0.846875 0.199537 0.035417 0.028704
0 0.534896 0.977778 0.017708 0.025926
0 0.489844 0.976852 0.018229 0.024074
0 0.026042 0.700463 0.014583 0.026852
0 0.894271 0.034259 0.013542 0.022222
0 0.008333 0.727778 0.016667 0.020370
0 0.099740 0.194907 0.019271 0.025000
0 0.518490 0.087963 0.139063 0.027778
0 0.672917 0.981019 0.016667 0.028704
0 0.008073 0.351852 0.015104 0.024074
0 0.676562 0.088426 0.012500 0.021296
0 0.298438 0.146296 0.015625 0.025926
0 0.114844 0.147685 0.014063 0.025000
0 0.117188 0.701389 0.014583 0.023148
0 0.044010 0.222222 0.013021 0.022222
0 0.008594 0.635648 0.014063 0.025000
0 0.650260 0.980556 0.017188 0.029630
0 0.441927 0.088426 0.016146 0.025000
0 0.025781 0.584259 0.016146 0.024074
0 0.025521 0.352315 0.014583 0.025000
0 0.008073 0.700463 0.016146 0.026852
0 0.080469 0.221759 0.013021 0.023148
0 0.061719 0.583796 0.015104 0.021296
0 0.466146 0.978241 0.017708 0.026852
0 0.659115 0.089352 0.013021 0.021296
0 0.098958 0.636111 0.015625 0.025926
0 0.062500 0.272685 0.014583 0.025000
0 0.116406 0.636574 0.015104 0.025000
0 0.097396 0.147222 0.017708 0.025926
0 0.316667 0.146296 0.016667 0.024074
0 0.327083 0.978241 0.020833 0.025000
0 0.026042 0.727315 0.015625 0.021296
0 0.111198 0.089815 0.016146 0.027778
0 0.132812 0.147685 0.014583 0.025000
0 0.627083 0.980556 0.016667 0.027778
0 0.007552 0.194907 0.015104 0.025000
0 0.117188 0.584722 0.015625 0.021296
0 0.008333 0.298148 0.015625 0.027778
0 0.079948 0.194907 0.013021 0.023148
0 0.116406 0.609722 0.015104 0.023148
0 0.008333 0.273148 0.014583 0.024074
0 0.152083 0.146296 0.019792 0.024074
0 0.025260 0.222222 0.015104 0.024074
0 0.988802 0.145833 0.019271 0.023148
0 0.207813 0.145370 0.015625 0.025926
0 0.917708 0.200463 0.036458 0.025000
0 0.008333 0.584259 0.016667 0.025926
0 0.879948 0.977315 0.014063 0.026852
0 0.099219 0.221296 0.014063 0.022222
0 0.008073 0.609722 0.016146 0.023148
0 0.170833 0.145833 0.017708 0.025000
0 0.116927 0.221759 0.013021 0.023148
0 0.846354 0.978241 0.014583 0.025000
0 0.080469 0.584722 0.015104 0.021296
0 0.062500 0.195370 0.013542 0.024074
0 0.080469 0.662500 0.013021 0.028704
0 0.116406 0.194907 0.010937 0.023148
0 0.642188 0.088889 0.015625 0.025926
0 0.042969 0.194907 0.017188 0.025000
0 0.098958 0.585185 0.016667 0.022222
0 0.994792 0.172222 0.009375 0.016667
0 0.863021 0.977315 0.015625 0.026852
0 0.881250 0.199537 0.032292 0.028704
0 0.608594 0.076852 0.034896 0.055556
0 0.115104 0.561111 0.009375 0.018519
0 0.078646 0.146759 0.014583 0.025000
0 0.190104 0.145833 0.017708 0.026852
0 0.105990 0.756481 0.009896 0.018519
0 0.024479 0.195370 0.013542 0.025926
0 0.115365 0.756481 0.006771 0.016667
0 0.070312 0.904630 0.140625 0.025926
0 0.070052 0.857870 0.140104 0.026852
0 0.025781 0.609259 0.017188 0.020370
0 0.114844 0.173611 0.010937 0.017593
0 0.984375 0.171296 0.009375 0.016667
0 0.818750 0.174537 0.013542 0.021296
0 0.124740 0.756481 0.007812 0.016667
0 0.026042 0.145370 0.050000 0.027778
0 0.961458 0.010185 0.013542 0.020370
0 0.197396 0.173611 0.008333 0.019444
0 0.060677 0.146296 0.016146 0.025926
0 0.124479 0.560648 0.007292 0.017593
0 0.135156 0.560185 0.007812 0.016667
0 0.134635 0.172222 0.009896 0.020370
0 0.189583 0.212500 0.077083 0.019444
0 0.124740 0.172685 0.008854 0.017593
0 0.939323 0.008333 0.010937 0.016667
0 0.899740 0.976852 0.021354 0.025926
0 0.919010 0.976852 0.013021 0.025926
0 0.237240 0.033333 0.017188 0.020370
0 0.859148 0.079421 0.024484 0.058157
0 0.837799 0.064620 0.016651 0.025778
0 0.822125 0.088824 0.013125 0.024037
0 0.820187 0.062181 0.011948 0.027157
0 0.806081 0.090389 0.015870 0.021593
0 0.806464 0.063921 0.012750 0.027861
0 0.788237 0.090213 0.013516 0.023333
0 0.787549 0.062528 0.014891 0.032037
0 0.772760 0.089519 0.017438 0.025426
0 0.771396 0.062528 0.015104 0.026463
0 0.187010 0.034213 0.025688 0.021407
0 0.161326 0.032431 0.019266 0.020694
0 0.925029 0.705894 0.149943 0.017176
0 0.140716 0.033343 0.017807 0.020296
0 0.924880 0.688838 0.150240 0.017176
0 0.924880 0.673380 0.150240 0.017167
0 0.119906 0.033171 0.015677 0.017898
0 0.046938 0.032657 0.015677 0.018241
0 0.919326 0.062593 0.035422 0.025815
0 0.932620 0.977315 0.011458 0.025000
0 0.976424 0.978787 0.036109 0.029241
0 0.028021 0.031833 0.015104 0.020370
0 0.845781 0.373148 0.033229 0.016667
0 0.974719 0.172222 0.008854 0.014815
0 0.135469 0.757407 0.007188 0.022222
0 0.070312 0.925616 0.140625 0.014880
0 0.928906 0.092565 0.017188 0.030556
0 0.945557 0.977194 0.014063 0.025926
0 0.167083 0.172222 0.047708 0.020370
0 0.909896 0.089806 0.017708 0.027778
0 0.871823 0.637037 0.066562 0.014815
0 0.009023 0.033167 0.014036 0.013519
0 0.914115 0.917593 0.171771 0.022222
0 0.181062 0.861296 0.046667 0.075204
0 0.964792 0.171759 0.009792 0.015741
0 0.643750 0.062972 0.019792 0.023148
0 0.730911 0.063782 0.034740 0.023491
0 0.111615 0.063426 0.020104 0.021296
0 0.398255 0.144907 0.143073 0.025000
0 0.953906 0.080324 0.021354 0.058796
0 0.190419 0.089296 0.135411 0.024333
0 0.932526 0.033796 0.020260 0.025000
0 0.189799 0.061977 0.134776 0.024694
0 0.213500 0.034569 0.024083 0.019269
0 0.683672 0.063519 0.061094 0.024815
0 0.925479 0.656324 0.149042 0.017167
0 0.840117 0.714856 0.020474 0.035472
0 0.838174 0.680542 0.017099 0.019343
0 0.838044 0.658889 0.013734 0.021185
0 0.848208 0.620019 0.034740 0.014889
0 0.914453 0.601093 0.171094 0.017167
0 0.914922 0.583972 0.170156 0.017167
0 0.914870 0.566847 0.170260 0.017176
0 0.915742 0.550435 0.168516 0.017167
0 0.915034 0.533315 0.169505 0.017167
0 0.097357 0.031454 0.022453 0.017204
0 0.915341 0.515472 0.169318 0.017167
0 0.915339 0.496213 0.169323 0.017167
0 0.918812 0.461824 0.162375 0.017167
0 0.919331 0.444324 0.161339 0.017167
0 0.919331 0.426356 0.161339 0.017176
0 0.919591 0.408852 0.160818 0.017167
0 0.920109 0.391347 0.159781 0.017176
0 0.851570 0.321278 0.043016 0.013815
0 0.919810 0.338333 0.160380 0.017167
0 0.914409 0.304120 0.169505 0.017167
0 0.913867 0.284787 0.169505 0.017167
0 0.914315 0.267269 0.169505 0.017167
0 0.914091 0.250546 0.169505 0.017167
0 0.070841 0.033685 0.023224 0.019611
