0 0.838112 0.659329 0.012161 0.021787
0 0.191604 0.061556 0.137500 0.026852
0 0.932396 0.033796 0.020000 0.025000
0 0.191604 0.087963 0.137500 0.025926
0 0.065078 0.248731 0.015104 0.024074
0 0.082422 0.247222 0.014583 0.024074
0 0.398424 0.147167 0.140755 0.025000
0 0.953906 0.075787 0.021354 0.049722
0 0.100016 0.197019 0.019271 0.025000
0 0.112104 0.062778 0.018750 0.022222
0 0.110984 0.090759 0.016146 0.027778
0 0.918703 0.063046 0.036979 0.025000
0 0.045161 0.194093 0.017188 0.025000
0 0.964375 0.172454 0.008958 0.016204
0 0.027266 0.195370 0.019115 0.025926
0 0.070312 0.905639 0.140625 0.025926
0 0.912969 0.917130 0.174063 0.023148
0 0.028023 0.033435 0.014401 0.018519
0 0.873750 0.637037 0.070417 0.014815
0 0.964151 0.009556 0.013542 0.019111
0 0.909365 0.091352 0.017708 0.027778
0 0.165966 0.172657 0.049849 0.020370
0 0.927854 0.090509 0.017188 0.030556
0 0.070987 0.925667 0.140839 0.016259
0 0.975682 0.977185 0.039583 0.029630
0 0.008969 0.034611 0.015104 0.020370
0 0.920310 0.975769 0.014693 0.026611
0 0.046510 0.033231 0.016083 0.016926
0 0.070266 0.033139 0.024865 0.020130
0 0.097932 0.033139 0.022854 0.019000
0 0.119625 0.033514 0.015448 0.020509
0 0.140784 0.032759 0.020526 0.019000
0 0.161841 0.032292 0.015234 0.019935
0 0.186758 0.032292 0.025714 0.021065
0 0.214109 0.032199 0.022854 0.018250
0 0.179857 0.862125 0.049932 0.088250
0 0.932401 0.975838 0.010625 0.024954
0 0.848836 0.618602 0.036307 0.014963
0 0.838385 0.682088 0.016552 0.021454
0 0.834727 0.715741 0.009786 0.033815
0 0.925263 0.655750 0.149474 0.017167
0 0.925354 0.673310 0.149292 0.017176
0 0.925354 0.690546 0.149292 0.017167
0 0.925536 0.707944 0.148927 0.017167
0 0.912859 0.601074 0.169510 0.017167
0 0.914505 0.583681 0.169510 0.017176
0 0.913958 0.567259 0.169510 0.017167
0 0.915286 0.549861 0.169427 0.017167
0 0.915313 0.496981 0.169375 0.017167
0 0.914521 0.514389 0.169510 0.017167
0 0.914521 0.531583 0.169510 0.017167
0 0.919120 0.391963 0.161760 0.017167
0 0.918482 0.407829 0.163036 0.017176
0 0.918693 0.425963 0.162615 0.017167
0 0.919049 0.443588 0.161901 0.017176
0 0.919120 0.460463 0.161760 0.017167
0 0.914312 0.250236 0.170021 0.017176
0 0.914253 0.268167 0.171391 0.017167
0 0.915003 0.285852 0.169505 0.017167
0 0.914792 0.303343 0.169510 0.017167
0 0.920096 0.337019 0.159807 0.017167
0 0.851409 0.320278 0.042745 0.013926
0 0.007552 0.194907 0.015104 0.025000
0 0.327083 0.978241 0.020833 0.025000
0 0.061719 0.583796 0.015104 0.021296
0 0.080469 0.221759 0.013021 0.023148
0 0.008333 0.298148 0.015625 0.027778
0 0.117188 0.584722 0.015625 0.021296
0 0.008333 0.273148 0.014583 0.024074
0 0.079948 0.194907 0.013021 0.023148
0 0.441927 0.088426 0.016146 0.025000
0 0.116406 0.609722 0.015104 0.023148
0 0.025781 0.584259 0.016146 0.024074
0 0.608594 0.087500 0.034896 0.032407
0 0.152083 0.146296 0.019792 0.024074
0 0.988802 0.145833 0.019271 0.023148
0 0.025260 0.222222 0.015104 0.024074
0 0.207813 0.145370 0.015625 0.025926
0 0.879948 0.977315 0.014063 0.026852
0 0.917708 0.200463 0.036458 0.025000
0 0.008333 0.584259 0.016667 0.025926
0 0.170833 0.145833 0.017708 0.025000
0 0.008073 0.609722 0.016146 0.023148
0 0.846615 0.977778 0.014063 0.025926
0 0.099219 0.221296 0.014063 0.022222
0 0.731510 0.062963 0.035937 0.025926
0 0.025521 0.352778 0.014583 0.025926
0 0.080469 0.662500 0.013021 0.028704
0 0.008073 0.700463 0.016146 0.026852
0 0.116927 0.221759 0.013021 0.023148
0 0.080469 0.584722 0.015104 0.021296
0 0.134896 0.756944 0.007292 0.017593
0 0.062500 0.195370 0.013542 0.024074
0 0.650260 0.980556 0.017188 0.029630
0 0.044010 0.222222 0.013021 0.022222
0 0.298698 0.146296 0.015104 0.025926
0 0.643750 0.064352 0.019792 0.023148
0 0.116406 0.194907 0.010937 0.023148
0 0.114844 0.147685 0.014063 0.025000
0 0.608594 0.076852 0.034896 0.055556
0 0.642188 0.088426 0.015625 0.026852
0 0.008594 0.635648 0.014063 0.025000
0 0.994792 0.172222 0.009375 0.016667
0 0.098958 0.585185 0.016667 0.022222
0 0.672917 0.981019 0.016667 0.028704
0 0.863021 0.977315 0.015625 0.026852
0 0.008073 0.352315 0.015104 0.025000
0 0.115104 0.561111 0.009375 0.018519
0 0.117188 0.701389 0.014583 0.023148
0 0.518490 0.087963 0.139063 0.027778
0 0.489844 0.976852 0.018229 0.024074
0 0.881250 0.199537 0.032292 0.028704
0 0.190104 0.145833 0.017708 0.026852
0 0.894271 0.034259 0.013542 0.022222
0 0.078646 0.146759 0.014583 0.025000
0 0.008333 0.727778 0.016667 0.020370
0 0.026042 0.273148 0.015625 0.025926
0 0.534896 0.977778 0.017708 0.025926
0 0.105990 0.756481 0.009896 0.018519
0 0.026042 0.700463 0.014583 0.026852
0 0.115365 0.756481 0.006771 0.016667
0 0.227344 0.146296 0.019271 0.025926
0 0.967708 0.145833 0.019792 0.023148
0 0.062500 0.221759 0.013542 0.023148
0 0.098698 0.325463 0.013021 0.025000
0 0.007812 0.325463 0.015625 0.023148
0 0.070052 0.857870 0.140104 0.026852
0 0.846875 0.199537 0.035417 0.028704
0 0.858073 0.081944 0.026562 0.050926
0 0.263021 0.146759 0.014583 0.026852
0 0.271354 0.089815 0.017708 0.024074
0 0.604167 0.979630 0.020833 0.031481
0 0.025781 0.609259 0.017188 0.020370
0 0.909896 0.034259 0.013542 0.025926
0 0.117969 0.326389 0.017188 0.023148
0 0.973698 0.033333 0.050521 0.025926
0 0.114844 0.173611 0.010937 0.017593
0 0.117188 0.248148 0.013542 0.025926
0 0.984375 0.171296 0.009375 0.016667
0 0.818750 0.174074 0.013542 0.022222
0 0.124740 0.756481 0.007812 0.016667
0 0.026042 0.145370 0.050000 0.027778
0 0.062500 0.299074 0.013542 0.024074
0 0.043750 0.583796 0.015625 0.023148
0 0.197396 0.173148 0.008333 0.020370
0 0.729948 0.088889 0.015104 0.024074
0 0.694792 0.089352 0.014583 0.021296
0 0.060677 0.146296 0.016146 0.025926
0 0.747656 0.088889 0.014063 0.022222
0 0.124479 0.560648 0.007292 0.017593
0 0.135156 0.560185 0.007812 0.016667
0 0.711979 0.088889 0.013542 0.022222
0 0.441927 0.064815 0.015104 0.024074
0 0.025781 0.299537 0.014063 0.025000
0 0.974219 0.172222 0.008854 0.014815
0 0.939323 0.008333 0.010937 0.016667
0 0.899740 0.977315 0.021354 0.026852
0 0.124740 0.172685 0.008854 0.017593
0 0.134635 0.172222 0.009896 0.020370
0 0.944792 0.976852 0.013542 0.025926
0 0.847656 0.373148 0.035937 0.016667
0 0.044271 0.353241 0.015625 0.026852
0 0.580729 0.979167 0.018750 0.030556
0 0.080729 0.700926 0.012500 0.024074
0 0.946354 0.146759 0.013542 0.023148
0 0.988281 0.010648 0.014063 0.021296
0 0.512760 0.977315 0.017188 0.025000
0 0.063021 0.727315 0.015625 0.021296
0 0.062240 0.325463 0.013021 0.025000
0 0.558594 0.978241 0.019271 0.028704
0 0.080469 0.325926 0.015104 0.025926
0 0.280469 0.146296 0.018229 0.025926
0 0.044010 0.610648 0.015104 0.023148
0 0.883333 0.081944 0.023958 0.054630
0 0.063281 0.700463 0.017188 0.025000
0 0.099219 0.701389 0.014063 0.023148
0 0.025000 0.248148 0.015625 0.024074
0 0.245573 0.145833 0.015104 0.026852
0 0.008073 0.663426 0.016146 0.030556
0 0.007812 0.247222 0.013542 0.024074
0 0.008594 0.221759 0.014063 0.025000
0 0.983073 0.081481 0.025521 0.062963
0 0.080469 0.610648 0.015104 0.023148
0 0.043750 0.247685 0.013542 0.023148
0 0.025781 0.325463 0.015104 0.023148
0 0.044271 0.700926 0.014583 0.025926
0 0.025521 0.636111 0.016667 0.024074
0 0.080729 0.299074 0.014583 0.024074
0 0.025781 0.662963 0.014063 0.029630
0 0.396875 0.976389 0.117708 0.034259
0 0.519010 0.062500 0.138021 0.026852
0 0.062500 0.662500 0.015625 0.028704
0 0.354167 0.088426 0.148958 0.026852
0 0.099479 0.300000 0.013542 0.024074
0 0.098437 0.247685 0.012500 0.025000
0 0.044271 0.298611 0.014583 0.025000
0 0.040885 0.083333 0.021354 0.061111
0 0.044010 0.273148 0.015104 0.024074
0 0.044531 0.727315 0.015104 0.021296
0 0.062500 0.610648 0.014583 0.021296
0 0.271615 0.064352 0.018229 0.025000
0 0.478385 0.146759 0.015104 0.021296
0 0.044010 0.662500 0.014063 0.028704
0 0.118229 0.300463 0.017708 0.025000
0 0.044010 0.325463 0.014063 0.025000
0 0.044010 0.636111 0.015104 0.025926
0 0.088542 0.082407 0.023958 0.061111
0 0.080469 0.636111 0.015104 0.025926
0 0.062500 0.272685 0.014583 0.025000
0 0.080469 0.727315 0.014063 0.023148
0 0.116927 0.274074 0.014063 0.022222
0 0.065104 0.082870 0.021875 0.060185
0 0.684115 0.062500 0.061979 0.026852
0 0.080469 0.272685 0.015104 0.025000
0 0.062240 0.636111 0.016146 0.025926
0 0.016667 0.081944 0.026042 0.062037
0 0.837073 0.062907 0.014958 0.023370
0 0.821659 0.087889 0.011786 0.020148
0 0.822000 0.063708 0.012010 0.025787
0 0.805565 0.088088 0.015411 0.018935
0 0.804773 0.064519 0.016995 0.027407
0 0.789247 0.088898 0.014964 0.021352
0 0.789359 0.064519 0.015188 0.021759
0 0.770773 0.088694 0.015641 0.023370
0 0.771794 0.062500 0.018130 0.024981
0 0.098698 0.273611 0.013021 0.025000
0 0.354687 0.062500 0.147917 0.028704
0 0.070573 0.831019 0.141146 0.026852
0 0.237240 0.032870 0.017188 0.021296
0 0.189583 0.212500 0.077083 0.019444
0 0.070573 0.804630 0.141146 0.027778
0 0.098958 0.609722 0.015625 0.025000
0 0.116667 0.636574 0.015625 0.025000
0 0.659115 0.089352 0.013021 0.021296
0 0.026042 0.727315 0.015625 0.021296
0 0.097396 0.147222 0.017708 0.025926
0 0.098958 0.636111 0.015625 0.025926
0 0.316667 0.146296 0.016667 0.024074
0 0.132812 0.147685 0.014583 0.025000
0 0.465885 0.977778 0.017188 0.025926
0 0.627083 0.980556 0.016667 0.027778
