0 0.044271 0.662500 0.014583 0.028704
0 0.271615 0.064815 0.018229 0.025926
0 0.118229 0.300463 0.017708 0.025000
0 0.044010 0.636111 0.015104 0.025926
0 0.044010 0.325463 0.014063 0.025000
0 0.088542 0.082407 0.023958 0.061111
0 0.396875 0.975926 0.117708 0.035185
0 0.080469 0.636111 0.015104 0.025926
0 0.080469 0.727315 0.014063 0.023148
0 0.062500 0.272685 0.014583 0.025000
0 0.116927 0.274074 0.014063 0.022222
0 0.065104 0.082870 0.021875 0.060185
0 0.062240 0.636111 0.016146 0.025926
0 0.080469 0.272685 0.015104 0.025000
0 0.063021 0.727315 0.015625 0.021296
0 0.988281 0.010648 0.014063 0.021296
0 0.946354 0.146759 0.013542 0.023148
0 0.080729 0.700926 0.012500 0.024074
0 0.441927 0.064815 0.015104 0.024074
0 0.044271 0.352778 0.015625 0.025926
0 0.580729 0.979167 0.018750 0.030556
0 0.025781 0.299537 0.014063 0.025000
0 0.973698 0.033333 0.050521 0.025926
0 0.747656 0.088889 0.014063 0.022222
0 0.062500 0.299074 0.013542 0.024074
0 0.098958 0.609722 0.015625 0.025000
0 0.711979 0.088889 0.013542 0.022222
0 0.729948 0.088889 0.015104 0.024074
0 0.098958 0.636111 0.015625 0.025926
0 0.909896 0.034259 0.013542 0.025926
0 0.465885 0.977778 0.017188 0.027778
0 0.659115 0.089352 0.013021 0.021296
0 0.694792 0.089352 0.014583 0.021296
0 0.043750 0.583796 0.015625 0.023148
0 0.117448 0.248148 0.014063 0.025926
0 0.061719 0.583796 0.015104 0.021296
0 0.117969 0.326389 0.017188 0.023148
0 0.263021 0.146759 0.014583 0.026852
0 0.271354 0.089815 0.017708 0.024074
0 0.604167 0.979630 0.020833 0.031481
0 0.007812 0.325463 0.015625 0.023148
0 0.025781 0.584259 0.016146 0.024074
0 0.080469 0.221759 0.013021 0.023148
0 0.008073 0.700463 0.016146 0.026852
0 0.441927 0.088426 0.016146 0.025000
0 0.650260 0.980556 0.017188 0.029630
0 0.608594 0.087037 0.034896 0.031481
0 0.025521 0.352315 0.014583 0.025000
0 0.008594 0.635648 0.014063 0.025000
0 0.672917 0.981019 0.016667 0.028704
0 0.044010 0.222222 0.013021 0.022222
0 0.026042 0.273148 0.015625 0.025926
0 0.227344 0.146296 0.019271 0.025926
0 0.114844 0.147685 0.014063 0.025000
0 0.062500 0.221759 0.013542 0.023148
0 0.967708 0.146296 0.019792 0.022222
0 0.676562 0.088426 0.012500 0.021296
0 0.098698 0.325463 0.013021 0.025000
0 0.534896 0.977778 0.017708 0.025926
0 0.846875 0.199537 0.035417 0.028704
0 0.894271 0.034259 0.013542 0.022222
0 0.026042 0.700463 0.014583 0.026852
0 0.008333 0.727778 0.016667 0.020370
0 0.489844 0.976852 0.018229 0.024074
0 0.518490 0.087963 0.139063 0.027778
0 0.100000 0.194907 0.018750 0.025000
0 0.008073 0.351852 0.015104 0.024074
0 0.117188 0.701389 0.014583 0.023148
0 0.298438 0.146296 0.015625 0.025926
0 0.988802 0.145833 0.019271 0.023148
0 0.025260 0.222222 0.015104 0.024074
0 0.643750 0.071759 0.018750 0.039815
0 0.152083 0.146296 0.019792 0.024074
0 0.116406 0.609722 0.015104 0.023148
0 0.684115 0.062500 0.061979 0.026852
0 0.016667 0.081944 0.026042 0.062037
0 0.098698 0.273611 0.013021 0.025000
0 0.354687 0.062500 0.147917 0.028704
0 0.070573 0.831019 0.141146 0.026852
0 0.070573 0.804630 0.141146 0.027778
0 0.079948 0.194907 0.013021 0.023148
0 0.008333 0.273148 0.014583 0.024074
0 0.117188 0.584722 0.015625 0.021296
0 0.008333 0.298148 0.015625 0.027778
0 0.627083 0.980556 0.016667 0.027778
0 0.007552 0.194907 0.015104 0.025000
0 0.327083 0.978241 0.020833 0.025000
0 0.132812 0.147685 0.014583 0.025000
0 0.116406 0.636574 0.015104 0.025000
0 0.026042 0.727315 0.015625 0.021296
0 0.099219 0.701389 0.014063 0.023148
0 0.008073 0.663426 0.016146 0.030556
0 0.044010 0.610648 0.015104 0.023148
0 0.062240 0.325463 0.013021 0.025000
0 0.097396 0.147222 0.017708 0.025926
0 0.080469 0.325926 0.015104 0.025926
0 0.558594 0.978241 0.019271 0.028704
0 0.063281 0.700463 0.017188 0.025000
0 0.512760 0.977315 0.017188 0.025000
0 0.316667 0.146296 0.016667 0.024074
0 0.917708 0.200463 0.036458 0.025000
0 0.879948 0.977315 0.014063 0.026852
0 0.098958 0.221296 0.014583 0.022222
0 0.170833 0.145833 0.017708 0.025000
0 0.731250 0.062963 0.035417 0.025926
0 0.008073 0.609722 0.016146 0.023148
0 0.008333 0.584259 0.016667 0.025926
0 0.846354 0.978241 0.014583 0.025000
0 0.280469 0.146296 0.018229 0.025926
0 0.116927 0.221759 0.013021 0.023148
0 0.080469 0.662500 0.013021 0.028704
0 0.062500 0.195370 0.013542 0.024074
0 0.080469 0.584722 0.015104 0.021296
0 0.643750 0.064352 0.019792 0.023148
0 0.642188 0.088889 0.015625 0.025926
0 0.116406 0.194907 0.010937 0.023148
0 0.134896 0.756944 0.007292 0.017593
0 0.994792 0.172222 0.009375 0.016667
0 0.098958 0.585185 0.016667 0.022222
0 0.608594 0.076852 0.034896 0.055556
0 0.245573 0.145833 0.015104 0.026852
0 0.115104 0.561111 0.009375 0.018519
0 0.863021 0.977315 0.015625 0.026852
0 0.881250 0.199537 0.032292 0.028704
0 0.078646 0.146759 0.014583 0.025000
0 0.080729 0.247222 0.014583 0.024074
0 0.190104 0.145833 0.017708 0.026852
0 0.008594 0.221759 0.014063 0.025000
0 0.080469 0.610185 0.015104 0.022222
0 0.044271 0.700926 0.014583 0.025926
0 0.105990 0.756481 0.009896 0.018519
0 0.115365 0.756481 0.006771 0.016667
0 0.070312 0.904630 0.140625 0.025926
0 0.983073 0.081481 0.025521 0.062963
0 0.025781 0.609259 0.017188 0.020370
0 0.114844 0.173611 0.010937 0.017593
0 0.025521 0.636111 0.016667 0.024074
0 0.043750 0.247685 0.013542 0.023148
0 0.984375 0.171296 0.009375 0.016667
0 0.025781 0.325463 0.015104 0.023148
0 0.818750 0.174537 0.013542 0.021296
0 0.124740 0.756481 0.007812 0.016667
0 0.026042 0.145370 0.050000 0.027778
0 0.160938 0.172222 0.035417 0.020370
0 0.197396 0.173148 0.008333 0.020370
0 0.060677 0.146296 0.016146 0.025926
0 0.124479 0.560648 0.007292 0.017593
0 0.185938 0.172685 0.011458 0.019444
0 0.135156 0.560185 0.007812 0.016667
0 0.134635 0.172222 0.009896 0.020370
0 0.124740 0.172685 0.008854 0.017593
0 0.974219 0.172222 0.008854 0.014815
0 0.899740 0.977315 0.021354 0.026852
0 0.236979 0.033333 0.016667 0.020370
0 0.003646 0.781481 0.007292 0.016667
0 0.080729 0.299074 0.014583 0.024074
0 0.025781 0.662963 0.014063 0.029630
0 0.519010 0.062500 0.138021 0.026852
0 0.062500 0.662500 0.015625 0.028704
0 0.099479 0.300000 0.013542 0.024074
0 0.354427 0.088426 0.148438 0.026852
0 0.040885 0.083333 0.021354 0.061111
0 0.044271 0.298611 0.014583 0.025000
0 0.098437 0.247685 0.012500 0.025000
0 0.062240 0.610648 0.015104 0.021296
0 0.207813 0.145370 0.015625 0.025926
0 0.044531 0.727315 0.015104 0.021296
0 0.044010 0.273148 0.015104 0.024074
0 0.478385 0.146759 0.015104 0.021296
0 0.027870 0.033565 0.015104 0.020370
0 0.070625 0.858287 0.140000 0.023981
0 0.910156 0.090046 0.017708 0.027778
0 0.963138 0.009722 0.012995 0.018519
0 0.838099 0.683472 0.015625 0.022222
0 0.837500 0.062454 0.016667 0.019352
0 0.821016 0.063565 0.011823 0.017870
0 0.929870 0.088657 0.019115 0.023611
0 0.945625 0.976389 0.011875 0.028704
0 0.788464 0.064954 0.014427 0.020648
0 0.919193 0.975833 0.014427 0.027593
0 0.938151 0.008796 0.010937 0.016667
0 0.976255 0.977750 0.038948 0.027722
0 0.046953 0.033278 0.016021 0.015741
0 0.070328 0.034088 0.023177 0.018287
0 0.097414 0.032583 0.021099 0.019907
0 0.120206 0.032352 0.015109 0.017130
0 0.872161 0.637037 0.067240 0.014815
0 0.140081 0.032352 0.017568 0.014870
0 0.161482 0.033148 0.016214 0.019222
0 0.186151 0.032528 0.027542 0.017352
0 0.214857 0.031606 0.021005 0.019083
0 0.071008 0.926421 0.141234 0.016806
0 0.932622 0.976074 0.010286 0.021870
0 0.848753 0.620662 0.034297 0.012491
0 0.925156 0.655727 0.149688 0.016472
0 0.924482 0.672051 0.151036 0.016472
0 0.924211 0.688852 0.151578 0.016463
0 0.924615 0.707097 0.150771 0.016472
0 0.914896 0.603384 0.170208 0.016472
0 0.915172 0.585167 0.169656 0.016463
0 0.915440 0.566921 0.169120 0.016472
0 0.915576 0.549639 0.168849 0.016463
0 0.914974 0.496389 0.170052 0.016463
0 0.914393 0.514681 0.170505 0.016472
0 0.914773 0.531894 0.170453 0.016472
0 0.918349 0.390167 0.163302 0.016463
0 0.918888 0.408889 0.162224 0.016463
0 0.918753 0.426171 0.162495 0.016472
0 0.918617 0.443935 0.162766 0.016463
0 0.918214 0.461699 0.163573 0.016472
0 0.919932 0.337912 0.160135 0.016472
0 0.851635 0.321634 0.040969 0.014565
0 0.914656 0.303815 0.170500 0.016463
0 0.913784 0.285532 0.170505 0.016472
0 0.914307 0.267866 0.170500 0.016472
0 0.914789 0.250509 0.170422 0.016463
0 0.771719 0.089931 0.014646 0.020139
0 0.804758 0.089778 0.015516 0.023556
0 0.846253 0.370574 0.035620 0.016667
0 0.191797 0.213426 0.075260 0.017593
0 0.191630 0.062500 0.137500 0.026852
0 0.932995 0.033796 0.021198 0.025000
0 0.805990 0.065231 0.017188 0.021204
0 0.189297 0.089204 0.137500 0.025926
0 0.065146 0.248463 0.015104 0.024074
0 0.820049 0.089088 0.013026 0.025528
0 0.009323 0.247222 0.016562 0.024074
0 0.027919 0.247935 0.014932 0.022815
0 0.883161 0.080389 0.023958 0.054630
0 0.857979 0.079463 0.024979 0.050926
0 0.772396 0.066019 0.016667 0.022778
0 0.953906 0.079306 0.021354 0.056759
0 0.787661 0.089417 0.016656 0.022463
0 0.398594 0.144907 0.142396 0.025000
0 0.838156 0.713370 0.010417 0.031481
0 0.111745 0.062963 0.020365 0.022222
0 0.920443 0.063889 0.036979 0.025000
0 0.044253 0.195718 0.014620 0.024213
0 0.964573 0.171324 0.010573 0.014167
0 0.026458 0.195556 0.017500 0.026296
0 0.178974 0.863704 0.045156 0.072593
0 0.111063 0.088324 0.016562 0.028444
0 0.010234 0.032870 0.015260 0.018519
0 0.915599 0.917593 0.168802 0.022222
0 0.837766 0.660583 0.013490 0.017593
