0 0.642974 0.061241 0.019792 0.023148
0 0.397292 0.144907 0.145000 0.025000
0 0.512487 0.087963 0.156120 0.027778
0 0.788510 0.090278 0.016146 0.020741
0 0.099776 0.197306 0.018750 0.025000
0 0.953906 0.077731 0.021354 0.053611
0 0.273885 0.089120 0.020052 0.024074
0 0.772396 0.067269 0.016667 0.023426
0 0.987380 0.009648 0.014063 0.019296
0 0.442510 0.062056 0.015104 0.024074
0 0.820776 0.090528 0.013542 0.025056
0 0.520302 0.062157 0.137500 0.026852
0 0.805990 0.065000 0.017188 0.020741
0 0.933073 0.034259 0.021354 0.024074
0 0.356135 0.089514 0.145125 0.026065
0 0.273656 0.063204 0.021146 0.025000
0 0.684203 0.063718 0.059823 0.023731
0 0.046219 0.032856 0.016792 0.016120
0 0.356656 0.062134 0.144083 0.026676
0 0.932281 0.976620 0.012521 0.023611
0 0.975596 0.977083 0.039849 0.029167
0 0.027109 0.031361 0.015104 0.020370
0 0.847380 0.618250 0.036698 0.015741
0 0.916510 0.338426 0.166354 0.017593
0 0.788802 0.065602 0.015104 0.021944
0 0.975026 0.172778 0.007240 0.013704
0 0.070484 0.926602 0.140281 0.016241
0 0.821615 0.064259 0.013021 0.019259
0 0.928708 0.092130 0.017188 0.030556
0 0.964380 0.009185 0.013542 0.018370
0 0.910547 0.090972 0.017708 0.026852
0 0.873932 0.637037 0.070781 0.014815
0 0.010115 0.032833 0.013937 0.018519
0 0.027083 0.195370 0.018750 0.025926
0 0.914193 0.917593 0.171615 0.024074
0 0.965026 0.172315 0.010260 0.014630
0 0.180849 0.862222 0.044375 0.075556
0 0.045057 0.195509 0.017188 0.026204
0 0.924573 0.705778 0.150854 0.017167
0 0.923971 0.688125 0.152057 0.017176
0 0.923820 0.672611 0.152359 0.017167
0 0.923820 0.653889 0.152359 0.017167
0 0.840620 0.715435 0.019865 0.034241
0 0.837458 0.680394 0.013542 0.019787
0 0.837609 0.658727 0.013240 0.022472
0 0.915276 0.601194 0.169448 0.017167
0 0.915008 0.583542 0.169505 0.017176
0 0.915276 0.565889 0.169448 0.017167
0 0.913805 0.548769 0.169505 0.017167
0 0.914104 0.531648 0.169510 0.017167
0 0.914104 0.514532 0.169510 0.017176
0 0.914104 0.496343 0.169510 0.017167
0 0.919323 0.461995 0.161354 0.017176
0 0.919193 0.443963 0.161615 0.017167
0 0.918411 0.425472 0.163177 0.017167
0 0.919063 0.408824 0.161875 0.017167
0 0.918802 0.391259 0.162396 0.017167
0 0.914737 0.302056 0.169505 0.017167
0 0.914135 0.284940 0.169510 0.017176
0 0.913534 0.267287 0.169505 0.017167
0 0.914135 0.250704 0.169510 0.017167
0 0.805141 0.089537 0.015240 0.022185
0 0.771690 0.090181 0.015672 0.020380
0 0.214055 0.032773 0.021443 0.026509
0 0.186555 0.031944 0.027036 0.019889
0 0.162086 0.033190 0.019109 0.020713
0 0.140411 0.032361 0.020510 0.019056
0 0.120094 0.033301 0.016792 0.017009
0 0.097091 0.033898 0.021828 0.015815
0 0.070482 0.033602 0.024682 0.017019
0 0.730865 0.063458 0.033479 0.025620
0 0.016667 0.081944 0.026042 0.062037
0 0.190104 0.145833 0.017708 0.026852
0 0.115365 0.756481 0.006771 0.016667
0 0.879687 0.977315 0.016667 0.026852
0 0.078646 0.146759 0.014583 0.025000
0 0.070052 0.857870 0.140104 0.026852
0 0.862760 0.978241 0.014063 0.028704
0 0.025781 0.609259 0.017188 0.020370
0 0.115104 0.173611 0.010417 0.017593
0 0.070312 0.904630 0.140625 0.025926
0 0.984375 0.171759 0.009375 0.015741
0 0.818750 0.174074 0.013542 0.022222
0 0.124740 0.756481 0.007812 0.016667
0 0.026042 0.145370 0.050000 0.027778
0 0.105990 0.756481 0.009896 0.018519
0 0.944271 0.977315 0.013542 0.025000
0 0.837500 0.070833 0.016667 0.034259
0 0.197396 0.173611 0.008333 0.019444
0 0.994792 0.172222 0.009375 0.016667
0 0.060677 0.146296 0.016146 0.025926
0 0.338542 0.977778 0.019792 0.027778
0 0.115104 0.561111 0.009375 0.018519
0 0.124479 0.560648 0.007292 0.017593
0 0.135156 0.560185 0.007812 0.016667
0 0.134896 0.756944 0.007292 0.017593
0 0.642188 0.089352 0.015625 0.025000
0 0.098958 0.584722 0.016667 0.021296
0 0.134896 0.172222 0.009375 0.018519
0 0.124740 0.172685 0.008854 0.017593
0 0.116406 0.194907 0.010937 0.023148
0 0.881250 0.199537 0.032292 0.028704
0 0.080469 0.584259 0.015104 0.020370
0 0.062500 0.195370 0.013542 0.024074
0 0.080469 0.662500 0.013021 0.028704
0 0.098958 0.221296 0.013542 0.022222
0 0.116927 0.221759 0.013021 0.023148
0 0.170833 0.145833 0.017708 0.025000
0 0.847656 0.373148 0.035937 0.016667
0 0.008073 0.609722 0.016146 0.023148
0 0.207813 0.145370 0.014583 0.025926
0 0.988802 0.145833 0.019271 0.023148
0 0.661458 0.980093 0.017708 0.026852
0 0.025260 0.222222 0.015104 0.024074
0 0.008333 0.584259 0.016667 0.025926
0 0.193750 0.212963 0.087500 0.018519
0 0.638542 0.980093 0.015625 0.026852
0 0.116406 0.609722 0.015104 0.023148
0 0.151823 0.146296 0.019271 0.024074
0 0.917708 0.200463 0.036458 0.025000
0 0.918490 0.063426 0.036979 0.025000
0 0.079948 0.194907 0.013021 0.023148
0 0.008333 0.298148 0.015625 0.027778
0 0.008333 0.273148 0.014583 0.024074
0 0.007552 0.194907 0.015104 0.025000
0 0.117188 0.584722 0.015625 0.021296
0 0.098958 0.636111 0.015625 0.025926
0 0.026042 0.727315 0.015625 0.021296
0 0.939323 0.008333 0.010937 0.016667
0 0.116667 0.636574 0.015625 0.025000
0 0.899479 0.976852 0.019792 0.025926
0 0.237240 0.032870 0.017188 0.021296
0 0.316406 0.146296 0.016146 0.024074
0 0.111198 0.089815 0.016146 0.027778
0 0.098958 0.609722 0.015625 0.025000
0 0.919010 0.976852 0.013021 0.025926
0 0.097396 0.147222 0.017708 0.025926
0 0.851042 0.320370 0.041667 0.016667
0 0.132812 0.147685 0.014583 0.025000
0 0.110937 0.063426 0.018750 0.021296
0 0.659115 0.089352 0.013021 0.021296
0 0.080469 0.221759 0.013021 0.023148
0 0.061719 0.583796 0.015104 0.021296
0 0.298698 0.146296 0.015104 0.025926
0 0.008073 0.700463 0.016146 0.026852
0 0.615885 0.980093 0.019271 0.030556
0 0.044010 0.222222 0.013021 0.022222
0 0.026042 0.584259 0.016667 0.024074
0 0.025521 0.352315 0.014583 0.025000
0 0.114844 0.147685 0.014063 0.025000
0 0.117188 0.701389 0.014583 0.023148
0 0.676562 0.088426 0.012500 0.021296
0 0.008073 0.352315 0.015104 0.025000
0 0.477865 0.977778 0.017188 0.027778
0 0.008594 0.635648 0.014063 0.025000
0 0.008333 0.727778 0.016667 0.020370
0 0.894271 0.034259 0.013542 0.022222
0 0.026042 0.273148 0.015625 0.025926
0 0.227344 0.146296 0.019271 0.025926
0 0.967708 0.146296 0.019792 0.022222
0 0.909896 0.034259 0.013542 0.025926
0 0.026042 0.700926 0.014583 0.025926
0 0.858073 0.081481 0.026562 0.050000
0 0.062500 0.221759 0.013542 0.023148
0 0.263021 0.146759 0.014583 0.026852
0 0.098698 0.325926 0.013021 0.025926
0 0.501302 0.977315 0.017188 0.025000
0 0.117969 0.326852 0.017188 0.024074
0 0.007812 0.325463 0.015625 0.023148
0 0.592708 0.979630 0.018750 0.031481
0 0.546615 0.977778 0.017188 0.025926
0 0.729948 0.088889 0.015104 0.024074
0 0.846875 0.199537 0.035417 0.028704
0 0.973698 0.033333 0.050521 0.025926
0 0.747656 0.088889 0.014063 0.022222
0 0.711979 0.088889 0.013542 0.022222
0 0.117448 0.248148 0.014063 0.025926
0 0.043750 0.583796 0.015625 0.023148
0 0.694792 0.089352 0.014583 0.021296
0 0.062500 0.299074 0.013542 0.024074
0 0.025781 0.299537 0.014063 0.025000
0 0.946354 0.146296 0.013542 0.022222
0 0.044271 0.353241 0.015625 0.026852
0 0.570052 0.978704 0.018229 0.027778
0 0.280469 0.146296 0.018229 0.025926
0 0.080469 0.325926 0.015104 0.025926
0 0.063021 0.727315 0.015625 0.021296
0 0.523958 0.977778 0.017708 0.025926
0 0.080729 0.700926 0.012500 0.024074
0 0.883333 0.082870 0.023958 0.054630
0 0.062240 0.325463 0.013021 0.025000
0 0.025000 0.248148 0.015625 0.024074
0 0.044010 0.610648 0.015104 0.023148
0 0.099219 0.701389 0.014063 0.023148
0 0.008073 0.663426 0.016146 0.030556
0 0.608594 0.076852 0.034896 0.055556
0 0.189062 0.087963 0.137500 0.025926
0 0.080729 0.247222 0.014583 0.024074
0 0.063281 0.700463 0.017188 0.025000
0 0.245573 0.145833 0.014063 0.026852
0 0.008073 0.247222 0.013021 0.024074
0 0.063281 0.247222 0.015104 0.024074
0 0.008594 0.221759 0.014063 0.025000
0 0.983073 0.081481 0.025521 0.062963
0 0.080469 0.610185 0.015104 0.022222
0 0.025781 0.662963 0.014063 0.029630
0 0.043750 0.247685 0.013542 0.023148
0 0.025521 0.636111 0.016667 0.024074
0 0.025781 0.325463 0.015104 0.023148
0 0.044271 0.700926 0.014583 0.025926
0 0.080729 0.299074 0.014583 0.024074
0 0.062500 0.662500 0.015625 0.028704
0 0.040885 0.083333 0.021354 0.061111
0 0.099479 0.300000 0.013542 0.024074
0 0.044271 0.298611 0.014583 0.025000
0 0.478385 0.146759 0.015104 0.021296
0 0.189062 0.062500 0.137500 0.026852
0 0.062500 0.610648 0.014583 0.021296
0 0.098437 0.247685 0.012500 0.025000
0 0.044010 0.273148 0.015104 0.024074
0 0.044531 0.727315 0.015104 0.021296
0 0.044010 0.662500 0.014063 0.028704
0 0.044010 0.325000 0.014063 0.024074
0 0.118229 0.300463 0.017708 0.025000
0 0.044010 0.636111 0.015104 0.025926
0 0.088281 0.082407 0.023438 0.061111
0 0.167292 0.172685 0.048125 0.019444
0 0.408333 0.976389 0.116667 0.034259
0 0.080469 0.636111 0.015104 0.025926
0 0.062500 0.272685 0.014583 0.025000
0 0.080469 0.727315 0.014063 0.023148
0 0.116927 0.273611 0.014063 0.023148
0 0.065104 0.082870 0.021875 0.060185
0 0.070573 0.804630 0.141146 0.027778
0 0.080469 0.272685 0.015104 0.025000
0 0.070573 0.831019 0.141146 0.026852
0 0.098698 0.273611 0.013021 0.025000
0 0.062240 0.636111 0.016146 0.025926
