0 0.044010 0.636111 0.015104 0.025926
0 0.237240 0.033333 0.017188 0.020370
0 0.919010 0.976852 0.013021 0.025926
0 0.899740 0.976852 0.021354 0.025926
0 0.939323 0.008333 0.010937 0.016667
0 0.847917 0.373148 0.036458 0.016667
0 0.124740 0.172685 0.008854 0.017593
0 0.189583 0.212500 0.077083 0.019444
0 0.134635 0.172222 0.009896 0.020370
0 0.135156 0.560185 0.007812 0.016667
0 0.944010 0.976389 0.014063 0.026852
0 0.124479 0.560648 0.007292 0.017593
0 0.060677 0.146296 0.016146 0.025926
0 0.961458 0.010185 0.013542 0.020370
0 0.026042 0.145370 0.050000 0.027778
0 0.818750 0.174537 0.013542 0.021296
0 0.124740 0.756481 0.007812 0.016667
0 0.984375 0.171296 0.009375 0.016667
0 0.114844 0.173611 0.010937 0.017593
0 0.025781 0.609259 0.017188 0.020370
0 0.070052 0.857870 0.140104 0.026852
0 0.115365 0.756481 0.006771 0.016667
0 0.105990 0.756481 0.009896 0.018519
0 0.190104 0.145833 0.017708 0.026852
0 0.078646 0.146759 0.014583 0.025000
0 0.863021 0.977315 0.015625 0.026852
0 0.881250 0.199537 0.032292 0.028704
0 0.115104 0.561111 0.009375 0.018519
0 0.608594 0.076852 0.034896 0.055556
0 0.098958 0.585185 0.016667 0.022222
0 0.994792 0.172222 0.009375 0.016667
0 0.134896 0.756944 0.007292 0.017593
0 0.116406 0.194907 0.010937 0.023148
0 0.642188 0.089352 0.015625 0.025000
0 0.080469 0.584722 0.015104 0.021296
0 0.062500 0.195370 0.013542 0.024074
0 0.116927 0.221759 0.013021 0.023148
0 0.080469 0.662500 0.013021 0.028704
0 0.846615 0.977778 0.014063 0.025926
0 0.170833 0.145833 0.017708 0.025000
0 0.008073 0.609722 0.016146 0.023148
0 0.008333 0.584259 0.016667 0.025926
0 0.098958 0.221296 0.014583 0.022222
0 0.917708 0.200463 0.036458 0.025000
0 0.879948 0.977315 0.014063 0.026852
0 0.988802 0.145833 0.019271 0.023148
0 0.025260 0.222222 0.015104 0.024074
0 0.152083 0.146296 0.019792 0.024074
0 0.207813 0.145370 0.015625 0.025926
0 0.008333 0.273148 0.014583 0.024074
0 0.079948 0.194907 0.013021 0.023148
0 0.117188 0.584722 0.015625 0.021296
0 0.116406 0.609722 0.015104 0.023148
0 0.008333 0.298148 0.015625 0.027778
0 0.007552 0.194907 0.015104 0.025000
0 0.627083 0.980556 0.016667 0.027778
0 0.327083 0.978241 0.020833 0.025000
0 0.132812 0.147685 0.014583 0.025000
0 0.316667 0.146296 0.016667 0.024074
0 0.097396 0.147222 0.017708 0.025926
0 0.026042 0.727315 0.015625 0.021296
0 0.116406 0.636574 0.015104 0.025000
0 0.098958 0.609722 0.015625 0.025000
0 0.659115 0.089352 0.013021 0.021296
0 0.061719 0.583796 0.015104 0.021296
0 0.466146 0.978241 0.017708 0.026852
0 0.098958 0.636111 0.015625 0.025926
0 0.080469 0.221759 0.013021 0.023148
0 0.025781 0.584259 0.016146 0.024074
0 0.008073 0.700463 0.016146 0.026852
0 0.025521 0.352315 0.014583 0.025000
0 0.650260 0.980556 0.017188 0.029630
0 0.044010 0.222222 0.013021 0.022222
0 0.008594 0.635648 0.014063 0.025000
0 0.117188 0.701389 0.014583 0.023148
0 0.114844 0.147685 0.014063 0.025000
0 0.676562 0.088426 0.012500 0.021296
0 0.298438 0.146296 0.015625 0.025926
0 0.672917 0.981019 0.016667 0.028704
0 0.008073 0.351852 0.015104 0.024074
0 0.100000 0.194907 0.018750 0.025000
0 0.489844 0.976852 0.018229 0.024074
0 0.008333 0.727778 0.016667 0.020370
0 0.894271 0.034259 0.013542 0.022222
0 0.026042 0.700463 0.014583 0.026852
0 0.534896 0.977778 0.017708 0.025926
0 0.846875 0.199537 0.035417 0.028704
0 0.098698 0.325463 0.013021 0.025000
0 0.967708 0.146296 0.019792 0.022222
0 0.007812 0.325463 0.015625 0.023148
0 0.062500 0.221759 0.013542 0.023148
0 0.227344 0.146296 0.019271 0.025926
0 0.026042 0.273148 0.015625 0.025926
0 0.604167 0.979630 0.020833 0.031481
0 0.263021 0.146759 0.014583 0.026852
0 0.117188 0.248148 0.013542 0.025926
0 0.117969 0.326389 0.017188 0.023148
0 0.043750 0.583796 0.015625 0.023148
0 0.729948 0.088889 0.015104 0.024074
0 0.694792 0.089352 0.014583 0.021296
0 0.711979 0.088889 0.013542 0.022222
0 0.062500 0.299074 0.013542 0.024074
0 0.747656 0.088889 0.014063 0.022222
0 0.973698 0.033333 0.050521 0.025926
0 0.909896 0.034259 0.013542 0.025926
0 0.025781 0.299537 0.014063 0.025000
0 0.580729 0.979167 0.018750 0.030556
0 0.044271 0.352778 0.015625 0.025926
0 0.080729 0.700926 0.012500 0.024074
0 0.441927 0.064815 0.015104 0.024074
0 0.946354 0.146759 0.013542 0.023148
0 0.063021 0.727315 0.015625 0.021296
0 0.080469 0.326389 0.015104 0.025000
0 0.988281 0.010648 0.014063 0.021296
0 0.063281 0.700463 0.017188 0.025000
0 0.512760 0.977315 0.017188 0.025000
0 0.558594 0.978241 0.019271 0.028704
0 0.099219 0.701389 0.014063 0.023148
0 0.883333 0.082870 0.023958 0.054630
0 0.062240 0.325463 0.013021 0.025000
0 0.044010 0.610648 0.015104 0.023148
0 0.280469 0.146296 0.018229 0.025926
0 0.008073 0.663426 0.016146 0.030556
0 0.245573 0.145833 0.015104 0.026852
0 0.007812 0.247222 0.013542 0.024074
0 0.025000 0.248148 0.015625 0.024074
0 0.080729 0.247222 0.014583 0.024074
0 0.008594 0.221759 0.014063 0.025000
0 0.080469 0.610185 0.015104 0.022222
0 0.044271 0.700926 0.014583 0.025926
0 0.025521 0.636111 0.016667 0.024074
0 0.983073 0.082407 0.025521 0.062963
0 0.025781 0.325463 0.015104 0.023148
0 0.080729 0.299074 0.014583 0.024074
0 0.043750 0.247685 0.013542 0.023148
0 0.025781 0.662963 0.014063 0.029630
0 0.099479 0.300000 0.013542 0.024074
0 0.062500 0.662500 0.015625 0.028704
0 0.040885 0.082870 0.021354 0.062037
0 0.044271 0.298611 0.014583 0.025000
0 0.098437 0.247685 0.012500 0.025000
0 0.062240 0.610648 0.015104 0.021296
0 0.044531 0.727315 0.015104 0.021296
0 0.044010 0.273148 0.015104 0.024074
0 0.118229 0.300463 0.017708 0.025000
0 0.478385 0.146759 0.015104 0.021296
0 0.044271 0.662500 0.014583 0.028704
0 0.044010 0.325463 0.014063 0.025000
0 0.088542 0.082407 0.023958 0.061111
0 0.396615 0.976389 0.117188 0.034259
0 0.080469 0.636111 0.015104 0.025926
0 0.080469 0.727315 0.014063 0.023148
0 0.062500 0.272685 0.014583 0.025000
0 0.116667 0.274074 0.013542 0.022222
0 0.065104 0.082870 0.021875 0.060185
0 0.062240 0.636111 0.016146 0.025926
0 0.080469 0.272685 0.015104 0.025000
0 0.016667 0.081944 0.026042 0.062037
0 0.098698 0.273611 0.013021 0.025000
0 0.070573 0.831019 0.141146 0.026852
0 0.070573 0.804630 0.141146 0.027778
0 0.272917 0.064815 0.020833 0.025926
0 0.837362 0.682829 0.014411 0.018787
0 0.839172 0.723787 0.019333 0.015185
0 0.924521 0.707417 0.150958 0.017167
0 0.924182 0.690231 0.151635 0.017167
0 0.924633 0.671449 0.150734 0.017176
0 0.924857 0.653870 0.150286 0.017167
0 0.848724 0.620889 0.035740 0.014778
0 0.915500 0.602778 0.169000 0.017167
0 0.914557 0.584278 0.170885 0.017167
0 0.915500 0.566713 0.169000 0.017167
0 0.915760 0.549602 0.168479 0.017167
0 0.914195 0.532500 0.169505 0.017167
0 0.913156 0.514000 0.169510 0.017167
0 0.914195 0.496435 0.169505 0.017167
0 0.917919 0.461019 0.164161 0.017167
0 0.917469 0.443898 0.165063 0.017167
0 0.918070 0.426782 0.163859 0.017176
0 0.918823 0.409667 0.162354 0.017167
0 0.919424 0.390944 0.161151 0.017167
0 0.919391 0.337731 0.161219 0.017167
0 0.850589 0.320745 0.044281 0.014787
0 0.179531 0.860648 0.046146 0.078704
0 0.027005 0.195370 0.018594 0.025926
0 0.914167 0.917593 0.171667 0.022222
0 0.070010 0.906231 0.140021 0.025926
0 0.110052 0.091176 0.015937 0.031944
0 0.010414 0.033759 0.015630 0.018519
0 0.910187 0.090796 0.017708 0.027778
0 0.873464 0.637037 0.069844 0.014815
0 0.166016 0.172222 0.045573 0.020370
0 0.965211 0.172222 0.010422 0.016667
0 0.197786 0.173148 0.009115 0.020370
0 0.927948 0.092657 0.017188 0.030556
0 0.837318 0.063611 0.016302 0.021667
0 0.821615 0.063935 0.013021 0.018611
0 0.069714 0.926245 0.139427 0.013806
0 0.788927 0.064764 0.015104 0.020713
0 0.974656 0.171963 0.008854 0.014815
0 0.027578 0.031917 0.015104 0.020370
0 0.975786 0.976389 0.038542 0.026852
0 0.931232 0.977574 0.009932 0.023241
0 0.044635 0.196537 0.014479 0.022333
0 0.643359 0.062278 0.019792 0.023148
0 0.731143 0.063657 0.033651 0.024537
0 0.919943 0.063426 0.036979 0.025000
0 0.112005 0.062963 0.020885 0.022222
0 0.399141 0.144907 0.141302 0.025000
0 0.510513 0.088546 0.152932 0.024074
0 0.789177 0.089028 0.016146 0.027315
0 0.772396 0.066111 0.016667 0.022963
0 0.953906 0.077500 0.021354 0.053148
0 0.858698 0.081944 0.025312 0.050926
0 0.273438 0.089352 0.021354 0.024074
0 0.820865 0.088046 0.014063 0.024463
0 0.064036 0.247593 0.016615 0.024815
0 0.189742 0.089236 0.136141 0.024769
0 0.805990 0.064398 0.017188 0.019537
0 0.518430 0.063519 0.134911 0.024815
0 0.933958 0.033796 0.023125 0.025000
0 0.356508 0.090741 0.145318 0.025926
0 0.190013 0.063880 0.134349 0.022019
0 0.837935 0.658852 0.014609 0.019574
0 0.683828 0.063889 0.061406 0.024074
0 0.355596 0.062037 0.144536 0.025926
0 0.046138 0.031532 0.018203 0.022657
0 0.070062 0.033384 0.024969 0.021731
0 0.096464 0.033616 0.023146 0.022194
0 0.118568 0.031995 0.015865 0.016176
0 0.140154 0.034542 0.019505 0.020343
0 0.914617 0.303556 0.169505 0.017167
0 0.161740 0.031532 0.018469 0.022657
0 0.185927 0.031995 0.026271 0.021731
0 0.214664 0.031995 0.022891 0.023583
0 0.771721 0.089602 0.015297 0.021185
0 0.805398 0.089157 0.013922 0.022963
0 0.914172 0.251236 0.169510 0.017176
0 0.913315 0.267954 0.169505 0.017167
0 0.913315 0.285523 0.169505 0.017176
