0 0.043750 0.583796 0.015625 0.023148
0 0.070573 0.804630 0.141146 0.027778
0 0.070573 0.831019 0.141146 0.026852
0 0.098698 0.273611 0.013021 0.025000
0 0.016667 0.081944 0.026042 0.062037
0 0.062240 0.636111 0.016146 0.025926
0 0.080469 0.272685 0.015104 0.025000
0 0.116927 0.273611 0.014063 0.023148
0 0.065104 0.082870 0.021875 0.060185
0 0.080469 0.727315 0.014063 0.023148
0 0.062500 0.272685 0.014583 0.025000
0 0.080469 0.636111 0.015104 0.025926
0 0.408333 0.976389 0.116667 0.034259
0 0.118229 0.300463 0.017708 0.025000
0 0.044010 0.636111 0.015104 0.025926
0 0.088542 0.082407 0.023958 0.061111
0 0.044010 0.325463 0.014063 0.025000
0 0.478385 0.146759 0.015104 0.021296
0 0.044010 0.662500 0.014063 0.028704
0 0.098437 0.247685 0.012500 0.025000
0 0.044010 0.273148 0.015104 0.024074
0 0.044531 0.727315 0.015104 0.021296
0 0.062500 0.610648 0.014583 0.021296
0 0.044271 0.298611 0.014583 0.025000
0 0.040885 0.082870 0.021354 0.062037
0 0.099479 0.300000 0.013542 0.024074
0 0.062500 0.662500 0.015625 0.028704
0 0.025781 0.325463 0.015104 0.023148
0 0.025781 0.662963 0.014063 0.029630
0 0.080729 0.299074 0.014583 0.024074
0 0.025521 0.636111 0.016667 0.024074
0 0.043750 0.247685 0.013542 0.023148
0 0.044271 0.700926 0.014583 0.025926
0 0.983073 0.081481 0.025521 0.062963
0 0.080469 0.610185 0.015104 0.022222
0 0.245573 0.145833 0.014063 0.026852
0 0.063281 0.247222 0.015104 0.024074
0 0.080729 0.247222 0.014583 0.024074
0 0.280469 0.146296 0.018229 0.025926
0 0.099219 0.701389 0.014063 0.023148
0 0.063281 0.700463 0.017188 0.025000
0 0.044010 0.610648 0.015104 0.023148
0 0.008073 0.663426 0.016146 0.030556
0 0.523958 0.977778 0.017708 0.025926
0 0.062240 0.325463 0.013021 0.025000
0 0.063021 0.727315 0.015625 0.021296
0 0.570052 0.978704 0.018229 0.027778
0 0.988281 0.010648 0.014063 0.021296
0 0.080729 0.700926 0.012500 0.024074
0 0.080469 0.325926 0.015104 0.025926
0 0.973698 0.033333 0.050521 0.025926
0 0.441927 0.064815 0.015104 0.024074
0 0.025781 0.299537 0.014063 0.025000
0 0.044271 0.352778 0.015625 0.025926
0 0.946354 0.146296 0.013542 0.022222
0 0.117448 0.248148 0.014063 0.025926
0 0.546615 0.977778 0.017188 0.025926
0 0.062500 0.299074 0.013542 0.024074
0 0.747656 0.088889 0.014063 0.022222
0 0.263021 0.146759 0.014583 0.026852
0 0.694792 0.089352 0.014583 0.021296
0 0.729948 0.088889 0.015104 0.024074
0 0.592708 0.979630 0.018750 0.031481
0 0.711979 0.088889 0.013542 0.022222
0 0.846875 0.199537 0.035417 0.028704
0 0.117969 0.326389 0.017188 0.023148
0 0.227344 0.146296 0.019271 0.025926
0 0.909896 0.034259 0.013542 0.025926
0 0.501042 0.977315 0.017708 0.025000
0 0.026042 0.273148 0.015625 0.025926
0 0.007812 0.325000 0.015625 0.024074
0 0.062500 0.221759 0.013542 0.023148
0 0.837500 0.658333 0.015625 0.022222
0 0.967708 0.146296 0.019792 0.022222
0 0.098698 0.325463 0.013021 0.025000
0 0.026042 0.700463 0.014583 0.026852
0 0.894271 0.034259 0.013542 0.022222
0 0.008333 0.727778 0.016667 0.020370
0 0.477604 0.977778 0.017708 0.027778
0 0.117188 0.701389 0.014583 0.023148
0 0.008073 0.351852 0.015104 0.024074
0 0.114844 0.147685 0.014063 0.025000
0 0.008594 0.635648 0.014063 0.025000
0 0.298438 0.146296 0.015625 0.025926
0 0.676562 0.088426 0.012500 0.021296
0 0.615885 0.980093 0.020313 0.030556
0 0.044010 0.222222 0.013021 0.022222
0 0.025781 0.584259 0.016146 0.024074
0 0.025521 0.352315 0.014583 0.025000
0 0.008073 0.700463 0.016146 0.026852
0 0.834375 0.714352 0.010417 0.030556
0 0.080469 0.221759 0.013021 0.023148
0 0.061719 0.583796 0.015104 0.021296
0 0.146615 0.193519 0.011979 0.022222
0 0.659115 0.089352 0.013021 0.021296
0 0.316406 0.146296 0.016146 0.024074
0 0.097396 0.147222 0.017708 0.025926
0 0.132812 0.147685 0.014583 0.025000
0 0.098958 0.636111 0.015625 0.025926
0 0.116667 0.636574 0.015625 0.025000
0 0.098958 0.609722 0.015625 0.025000
0 0.026042 0.727315 0.015625 0.021296
0 0.111198 0.089815 0.016146 0.027778
0 0.117188 0.584722 0.015625 0.021296
0 0.008333 0.298148 0.015625 0.027778
0 0.008333 0.273148 0.014583 0.024074
0 0.079948 0.194907 0.013021 0.023148
0 0.116406 0.609722 0.015104 0.023148
0 0.152083 0.146296 0.019792 0.024074
0 0.025260 0.222222 0.015104 0.024074
0 0.988802 0.145833 0.019271 0.023148
0 0.207813 0.145370 0.014583 0.025926
0 0.638542 0.980093 0.015625 0.026852
0 0.661458 0.980093 0.017708 0.026852
0 0.917708 0.200463 0.036458 0.025000
0 0.008333 0.584259 0.016667 0.025926
0 0.008073 0.610185 0.016146 0.022222
0 0.170833 0.145833 0.017708 0.025000
0 0.099219 0.221296 0.014063 0.022222
0 0.116927 0.221759 0.013021 0.023148
0 0.062500 0.195370 0.013542 0.024074
0 0.080469 0.584259 0.015104 0.020370
0 0.080469 0.662500 0.013021 0.028704
0 0.116406 0.194907 0.010937 0.023148
0 0.134896 0.756944 0.007292 0.017593
0 0.881250 0.199537 0.032292 0.028704
0 0.642188 0.088889 0.015625 0.025926
0 0.098958 0.584722 0.016667 0.021296
0 0.994792 0.172222 0.009375 0.016667
0 0.115104 0.561111 0.009375 0.018519
0 0.608594 0.076852 0.034896 0.055556
0 0.338281 0.978241 0.020313 0.026852
0 0.078646 0.146759 0.014583 0.025000
0 0.105990 0.756481 0.009896 0.018519
0 0.190104 0.145833 0.017708 0.026852
0 0.134635 0.858333 0.009896 0.024074
0 0.115365 0.756481 0.006771 0.016667
0 0.879427 0.977315 0.016146 0.026852
0 0.863021 0.978241 0.014583 0.028704
0 0.070052 0.857870 0.140104 0.026852
0 0.025781 0.609259 0.017188 0.020370
0 0.114844 0.173611 0.010937 0.017593
0 0.984375 0.171296 0.009375 0.016667
0 0.818750 0.174074 0.013542 0.022222
0 0.124740 0.756481 0.007812 0.016667
0 0.961458 0.010185 0.013542 0.020370
0 0.026042 0.145370 0.050000 0.027778
0 0.197396 0.173611 0.008333 0.019444
0 0.060677 0.146296 0.016146 0.025926
0 0.124479 0.560648 0.007292 0.017593
0 0.134896 0.560648 0.007292 0.015741
0 0.134635 0.172222 0.009896 0.020370
0 0.193750 0.212963 0.087500 0.018519
0 0.974219 0.172222 0.008854 0.014815
0 0.124740 0.172685 0.008854 0.017593
0 0.939323 0.008333 0.010937 0.016667
0 0.899740 0.976852 0.020313 0.025926
0 0.237240 0.033333 0.017188 0.020370
0 0.851302 0.320833 0.042188 0.015741
0 0.919010 0.976852 0.013021 0.025926
0 0.914680 0.515519 0.168859 0.017778
0 0.355953 0.064273 0.145490 0.025583
0 0.683737 0.063296 0.060859 0.024926
0 0.273828 0.063833 0.018229 0.025926
0 0.188815 0.063935 0.133724 0.023981
0 0.355958 0.089588 0.145687 0.026565
0 0.932760 0.033796 0.020729 0.025000
0 0.805990 0.064769 0.017188 0.020278
0 0.517917 0.064259 0.135833 0.023333
0 0.190219 0.088565 0.134563 0.027130
0 0.009172 0.221759 0.014063 0.025000
0 0.009401 0.247870 0.016719 0.025370
0 0.820880 0.089014 0.013542 0.025491
0 0.026583 0.248917 0.015625 0.024074
0 0.883948 0.082870 0.023958 0.054630
0 0.859177 0.080852 0.025823 0.050926
0 0.772396 0.065324 0.016667 0.021389
0 0.953906 0.078009 0.021354 0.054167
0 0.788724 0.090005 0.016146 0.020731
0 0.100000 0.196954 0.018750 0.025000
0 0.273411 0.089250 0.017708 0.024074
0 0.510495 0.088426 0.153281 0.025000
0 0.112411 0.063713 0.018750 0.021296
0 0.007698 0.194648 0.015104 0.025000
0 0.398203 0.144907 0.143177 0.025000
0 0.919198 0.062926 0.036979 0.025000
0 0.643750 0.063046 0.019792 0.023148
0 0.731565 0.064042 0.033849 0.024750
0 0.044625 0.195648 0.016167 0.024074
0 0.181349 0.861435 0.044427 0.078056
0 0.964510 0.171380 0.009438 0.015741
0 0.026979 0.195667 0.018542 0.025926
0 0.914844 0.917593 0.170313 0.024074
0 0.070312 0.905093 0.140625 0.025926
0 0.010344 0.031981 0.013479 0.018519
0 0.872344 0.637037 0.067604 0.014815
0 0.909896 0.090731 0.017708 0.027778
0 0.168073 0.172685 0.049687 0.019444
0 0.849003 0.618935 0.037516 0.013796
0 0.837500 0.064120 0.016667 0.022685
0 0.928385 0.092287 0.017188 0.030556
0 0.933042 0.976648 0.012083 0.022796
0 0.821615 0.064352 0.013021 0.019444
0 0.069583 0.924625 0.139167 0.015380
0 0.788802 0.064491 0.015104 0.019722
0 0.946286 0.976648 0.013542 0.025000
0 0.028036 0.033204 0.015104 0.020370
0 0.976841 0.976537 0.038714 0.027889
0 0.925635 0.707370 0.148729 0.016889
0 0.925852 0.689375 0.148297 0.016880
0 0.925852 0.672528 0.148297 0.016889
0 0.925906 0.655106 0.148187 0.016880
0 0.838839 0.681912 0.014750 0.021435
0 0.915352 0.601819 0.168859 0.016880
0 0.914919 0.584588 0.168859 0.016880
0 0.914940 0.566375 0.168859 0.016880
0 0.914690 0.549236 0.168859 0.016713
0 0.046177 0.032708 0.018354 0.016028
0 0.070107 0.033583 0.024255 0.019519
0 0.096984 0.033000 0.019667 0.018352
0 0.118865 0.032417 0.014917 0.017778
0 0.140336 0.032708 0.017536 0.018361
0 0.161560 0.032269 0.014422 0.019815
0 0.187289 0.033583 0.026547 0.017778
0 0.214414 0.033435 0.020161 0.021556
0 0.771828 0.089315 0.015177 0.022204
0 0.805576 0.089806 0.014068 0.023741
0 0.915240 0.249435 0.169521 0.017778
0 0.915570 0.267769 0.168859 0.017778
0 0.915596 0.286102 0.168807 0.017778
0 0.915203 0.303963 0.168865 0.017778
0 0.920289 0.337796 0.159422 0.017778
0 0.846086 0.372778 0.030703 0.014611
0 0.919711 0.391102 0.160578 0.017778
0 0.919435 0.409259 0.161130 0.017778
0 0.919497 0.426972 0.161005 0.017778
0 0.919310 0.445361 0.161380 0.017778
0 0.918893 0.463120 0.162214 0.017778
0 0.914839 0.497019 0.168865 0.017778
0 0.914250 0.531981 0.168865 0.017778
