0 0.263021 0.146759 0.014583 0.026852
0 0.062500 0.221759 0.013542 0.023148
0 0.007812 0.325463 0.015625 0.023148
0 0.098698 0.325463 0.013021 0.025000
0 0.227344 0.146296 0.019271 0.025926
0 0.967708 0.145833 0.019792 0.023148
0 0.026042 0.273148 0.015625 0.025926
0 0.534896 0.977778 0.017708 0.025926
0 0.026042 0.700463 0.014583 0.026852
0 0.008333 0.727778 0.016667 0.020370
0 0.894271 0.034259 0.013542 0.022222
0 0.490104 0.976852 0.018750 0.024074
0 0.099740 0.194907 0.019271 0.025000
0 0.008073 0.352315 0.015104 0.025000
0 0.117188 0.701389 0.014583 0.023148
0 0.672917 0.981019 0.016667 0.028704
0 0.114844 0.147685 0.014063 0.025000
0 0.676562 0.088426 0.012500 0.021296
0 0.298698 0.146296 0.015104 0.025926
0 0.008594 0.635648 0.014063 0.025000
0 0.044010 0.222222 0.013021 0.022222
0 0.650000 0.980556 0.016667 0.029630
0 0.008073 0.700463 0.016146 0.026852
0 0.025521 0.352315 0.014583 0.026852
0 0.025781 0.584259 0.016146 0.024074
0 0.080469 0.221759 0.013021 0.023148
0 0.061719 0.583796 0.015104 0.021296
0 0.110937 0.062963 0.018750 0.022222
0 0.465885 0.977315 0.017188 0.026852
0 0.098958 0.609722 0.015625 0.025000
0 0.116406 0.636574 0.015104 0.025000
0 0.316667 0.146296 0.016667 0.024074
0 0.097396 0.147222 0.017708 0.025926
0 0.659115 0.089352 0.013021 0.021296
0 0.098958 0.636111 0.015625 0.025926
0 0.026042 0.727315 0.015625 0.021296
0 0.111198 0.089815 0.016146 0.027778
0 0.132812 0.147685 0.014583 0.025000
0 0.627083 0.980556 0.016667 0.027778
0 0.007552 0.194907 0.015104 0.025000
0 0.117188 0.584722 0.015625 0.021296
0 0.327083 0.978241 0.020833 0.025000
0 0.008333 0.298148 0.015625 0.027778
0 0.116406 0.609722 0.015104 0.023148
0 0.079948 0.194907 0.013021 0.023148
0 0.008333 0.273148 0.014583 0.024074
0 0.152083 0.146296 0.019792 0.024074
0 0.988802 0.145833 0.019271 0.023148
0 0.025260 0.222222 0.015104 0.024074
0 0.879948 0.977315 0.014063 0.026852
0 0.207813 0.145370 0.015625 0.025926
0 0.917708 0.200463 0.036458 0.025000
0 0.008333 0.584259 0.016667 0.025926
0 0.099219 0.221296 0.014063 0.022222
0 0.170833 0.145833 0.017708 0.025000
0 0.008073 0.609722 0.016146 0.023148
0 0.846615 0.977778 0.014063 0.025926
0 0.116927 0.221759 0.013021 0.023148
0 0.080469 0.584722 0.015104 0.021296
0 0.062500 0.195370 0.013542 0.024074
0 0.080469 0.662500 0.013021 0.028704
0 0.116406 0.194907 0.010937 0.023148
0 0.642188 0.088889 0.015625 0.025926
0 0.608594 0.076852 0.034896 0.055556
0 0.134896 0.756944 0.007292 0.017593
0 0.994792 0.172222 0.009375 0.016667
0 0.098958 0.585185 0.016667 0.022222
0 0.863021 0.977315 0.015625 0.026852
0 0.881250 0.199537 0.032292 0.028704
0 0.115104 0.561111 0.009375 0.018519
0 0.078646 0.146759 0.014583 0.025000
0 0.105990 0.756481 0.009896 0.018519
0 0.190104 0.145833 0.017708 0.026852
0 0.115365 0.756481 0.006771 0.016667
0 0.070312 0.904630 0.140625 0.025926
0 0.070052 0.857870 0.140104 0.026852
0 0.114844 0.173611 0.010937 0.017593
0 0.025781 0.609259 0.017188 0.020370
0 0.984375 0.171296 0.009375 0.016667
0 0.818750 0.174537 0.013542 0.021296
0 0.124740 0.756481 0.007812 0.016667
0 0.026042 0.145370 0.050000 0.027778
0 0.961458 0.010185 0.013542 0.020370
0 0.197396 0.173148 0.008333 0.020370
0 0.060677 0.146296 0.016146 0.025926
0 0.124479 0.560648 0.007292 0.017593
0 0.135156 0.560185 0.007812 0.016667
0 0.134635 0.172222 0.009896 0.020370
0 0.189583 0.212500 0.077083 0.019444
0 0.124740 0.172685 0.008854 0.017593
0 0.939323 0.008333 0.010937 0.016667
0 0.237240 0.032870 0.017188 0.021296
0 0.847656 0.373148 0.035937 0.016667
0 0.899740 0.977315 0.021354 0.026852
0 0.919010 0.976389 0.013021 0.026852
0 0.851302 0.320833 0.042188 0.015741
0 0.070573 0.804630 0.141146 0.027778
0 0.070573 0.831019 0.141146 0.026852
0 0.354687 0.062500 0.147917 0.028704
0 0.098698 0.273611 0.013021 0.025000
0 0.016667 0.081944 0.026042 0.062037
0 0.062240 0.636111 0.016146 0.025926
0 0.080469 0.272685 0.015104 0.025000
0 0.065104 0.082870 0.021875 0.060185
0 0.684115 0.062500 0.061979 0.026852
0 0.116927 0.274074 0.014063 0.022222
0 0.062500 0.272685 0.014583 0.025000
0 0.080469 0.727315 0.014063 0.023148
0 0.080469 0.636111 0.015104 0.025926
0 0.088542 0.082407 0.023958 0.061111
0 0.044010 0.636111 0.015104 0.025926
0 0.044010 0.325463 0.014063 0.025000
0 0.118229 0.300463 0.017708 0.025000
0 0.478385 0.146759 0.015104 0.021296
0 0.271615 0.064352 0.018229 0.025000
0 0.044010 0.662500 0.014063 0.028704
0 0.062500 0.610648 0.014583 0.021296
0 0.189062 0.062500 0.137500 0.026852
0 0.044010 0.273148 0.015104 0.024074
0 0.044531 0.727315 0.015104 0.021296
0 0.098437 0.247685 0.012500 0.025000
0 0.044271 0.298611 0.014583 0.025000
0 0.040885 0.083333 0.021354 0.061111
0 0.099479 0.300000 0.013542 0.024074
0 0.354167 0.088426 0.148958 0.026852
0 0.519010 0.062500 0.138021 0.026852
0 0.062500 0.662500 0.015625 0.028704
0 0.025781 0.662963 0.014063 0.029630
0 0.080729 0.299074 0.014583 0.024074
0 0.396875 0.976389 0.117708 0.034259
0 0.025781 0.325463 0.015104 0.023148
0 0.025521 0.636111 0.016667 0.024074
0 0.043750 0.247685 0.013542 0.023148
0 0.044271 0.700926 0.014583 0.025926
0 0.983073 0.081481 0.025521 0.062963
0 0.080469 0.610648 0.015104 0.023148
0 0.189062 0.087963 0.137500 0.025926
0 0.008594 0.221759 0.014063 0.025000
0 0.080729 0.247222 0.014583 0.024074
0 0.007812 0.247222 0.013542 0.024074
0 0.245573 0.145833 0.015104 0.026852
0 0.025000 0.248148 0.015625 0.024074
0 0.099219 0.701389 0.014063 0.023148
0 0.008073 0.663426 0.016146 0.030556
0 0.063281 0.700463 0.017188 0.025000
0 0.044010 0.610648 0.015104 0.023148
0 0.280469 0.146296 0.018229 0.025926
0 0.558594 0.978241 0.019271 0.028704
0 0.080469 0.325926 0.015104 0.025926
0 0.062240 0.325463 0.013021 0.025000
0 0.063021 0.727315 0.015625 0.021296
0 0.512760 0.977315 0.017188 0.025000
0 0.080729 0.700926 0.012500 0.024074
0 0.946354 0.146759 0.013542 0.023148
0 0.580729 0.979167 0.018750 0.030556
0 0.025781 0.299537 0.014063 0.025000
0 0.441927 0.064815 0.015104 0.024074
0 0.044271 0.353241 0.015625 0.026852
0 0.747656 0.088889 0.014063 0.022222
0 0.711979 0.088889 0.013542 0.022222
0 0.062500 0.299074 0.013542 0.024074
0 0.117448 0.248148 0.014063 0.025926
0 0.729948 0.088889 0.015104 0.024074
0 0.694792 0.089352 0.014583 0.021296
0 0.043750 0.583796 0.015625 0.023148
0 0.117969 0.326389 0.017188 0.023148
0 0.973698 0.033333 0.050521 0.025926
0 0.604167 0.979630 0.020833 0.031481
0 0.909896 0.034259 0.013542 0.025926
0 0.271354 0.089815 0.017708 0.024074
0 0.846875 0.199537 0.035417 0.028704
0 0.964234 0.171287 0.010281 0.014815
0 0.932813 0.033796 0.020833 0.025000
0 0.805344 0.066287 0.015885 0.021389
0 0.820922 0.089463 0.013542 0.020519
0 0.063854 0.247593 0.016250 0.024815
0 0.883615 0.082704 0.023958 0.054630
0 0.988375 0.009236 0.014063 0.018472
0 0.859375 0.081944 0.023958 0.050926
0 0.772396 0.067222 0.016667 0.025185
0 0.953906 0.078796 0.021354 0.055741
0 0.788693 0.090042 0.016146 0.018991
0 0.509870 0.088426 0.152031 0.025000
0 0.919234 0.062926 0.036979 0.025000
0 0.731995 0.062130 0.035417 0.025926
0 0.642880 0.062296 0.019792 0.023148
0 0.044484 0.194611 0.015198 0.025000
0 0.180453 0.862537 0.042656 0.078611
0 0.027396 0.195370 0.019375 0.025926
0 0.915547 0.917593 0.168906 0.022222
0 0.009302 0.031593 0.010417 0.018519
0 0.872135 0.637037 0.067187 0.014815
0 0.909896 0.089352 0.017708 0.021296
0 0.837615 0.065528 0.014063 0.022037
0 0.166458 0.172222 0.046458 0.020370
0 0.928198 0.088389 0.017188 0.023407
0 0.821615 0.065880 0.013021 0.022500
0 0.070273 0.925472 0.139974 0.014611
0 0.974302 0.171796 0.008854 0.014815
0 0.788802 0.065139 0.015104 0.021019
0 0.945911 0.976852 0.013542 0.025926
0 0.028401 0.032852 0.015104 0.020370
0 0.976036 0.976847 0.036677 0.029250
0 0.046648 0.033148 0.014984 0.017537
0 0.070286 0.034306 0.024844 0.017870
0 0.097883 0.033727 0.020474 0.021676
0 0.120169 0.033394 0.014609 0.017380
0 0.141576 0.033972 0.017964 0.017204
0 0.161956 0.034306 0.015172 0.017870
0 0.186672 0.032884 0.027563 0.016843
0 0.214669 0.033648 0.021536 0.016852
0 0.914813 0.250241 0.168125 0.017296
0 0.914641 0.269167 0.168125 0.017296
0 0.914474 0.287009 0.168125 0.017296
0 0.914641 0.303667 0.168125 0.017296
0 0.920219 0.338574 0.159562 0.017296
0 0.919742 0.393306 0.160516 0.017296
0 0.919305 0.410815 0.161391 0.017296
0 0.919305 0.428236 0.161391 0.017306
0 0.918977 0.445583 0.162047 0.017296
0 0.918922 0.462676 0.162156 0.017296
0 0.915276 0.496741 0.168125 0.017296
0 0.914406 0.515250 0.168125 0.017296
0 0.914844 0.532472 0.168125 0.017296
0 0.914266 0.549435 0.168125 0.017296
0 0.914266 0.566657 0.168125 0.017296
0 0.914406 0.584130 0.168125 0.017296
0 0.914120 0.601611 0.168125 0.017296
0 0.847846 0.619477 0.035964 0.015361
0 0.838018 0.659796 0.012578 0.019537
0 0.839391 0.683315 0.018792 0.023389
0 0.840331 0.723796 0.018651 0.012333
0 0.926029 0.655676 0.147943 0.017296
0 0.925883 0.673148 0.148234 0.017296
0 0.925883 0.690889 0.148234 0.017296
0 0.925737 0.708366 0.148526 0.017306
0 0.932388 0.976685 0.011109 0.020407
0 0.772271 0.092343 0.015563 0.018833
0 0.805586 0.090417 0.014797 0.022278
