0 0.009242 0.032685 0.013599 0.018519
0 0.945943 0.977222 0.012948 0.019926
0 0.026729 0.032130 0.015104 0.020370
0 0.788802 0.065509 0.015104 0.021759
0 0.070365 0.926949 0.140729 0.012213
0 0.976677 0.977537 0.036958 0.029889
0 0.821615 0.065046 0.013021 0.020833
0 0.837760 0.064491 0.016146 0.021574
0 0.165990 0.172685 0.045521 0.019444
0 0.909521 0.090815 0.017708 0.026852
0 0.872604 0.637037 0.068125 0.014815
0 0.837964 0.682009 0.015625 0.022222
0 0.838521 0.659657 0.013917 0.016667
0 0.913490 0.917593 0.173021 0.024074
0 0.026797 0.195370 0.018177 0.025926
0 0.044547 0.194648 0.016010 0.025000
0 0.732411 0.062278 0.035417 0.025926
0 0.642396 0.062630 0.019792 0.023148
0 0.920224 0.063685 0.036979 0.025000
0 0.112609 0.063130 0.018750 0.021296
0 0.399141 0.144907 0.141302 0.025000
0 0.100375 0.197352 0.018750 0.025000
0 0.788620 0.088880 0.016146 0.022426
0 0.509661 0.088426 0.151615 0.025000
0 0.953906 0.081935 0.021354 0.054648
0 0.772396 0.064907 0.016667 0.018704
0 0.272865 0.089815 0.020729 0.024074
0 0.859010 0.081481 0.024688 0.050000
0 0.839773 0.724801 0.017120 0.017991
0 0.884005 0.082870 0.023958 0.054630
0 0.027604 0.246352 0.015625 0.024074
0 0.820573 0.090222 0.013542 0.022333
0 0.010318 0.249019 0.016354 0.024074
0 0.190143 0.088870 0.135651 0.025963
0 0.064406 0.248556 0.015104 0.024074
0 0.517656 0.064028 0.135312 0.023796
0 0.805990 0.065880 0.017188 0.022500
0 0.933542 0.034259 0.022292 0.024074
0 0.355969 0.089213 0.145563 0.026204
0 0.190323 0.063972 0.134667 0.023315
0 0.272865 0.065278 0.020729 0.025000
0 0.355807 0.063731 0.143906 0.023574
0 0.045674 0.033301 0.015901 0.014731
0 0.070755 0.034097 0.023063 0.018713
0 0.097404 0.034097 0.019932 0.018713
0 0.119016 0.033102 0.012990 0.019111
0 0.139956 0.031708 0.018589 0.020306
0 0.161456 0.033500 0.015005 0.021500
0 0.186872 0.033102 0.026870 0.019111
0 0.213633 0.033500 0.020380 0.018315
0 0.772687 0.088750 0.014104 0.020889
0 0.804987 0.089394 0.014339 0.021528
0 0.928299 0.089870 0.017151 0.024574
0 0.915349 0.248671 0.168865 0.016880
0 0.914846 0.267106 0.168859 0.016880
0 0.914177 0.285546 0.168865 0.016889
0 0.914680 0.302796 0.168859 0.016889
0 0.919937 0.338444 0.160125 0.016889
0 0.920146 0.391181 0.159708 0.016880
0 0.919857 0.408917 0.160286 0.016889
0 0.920003 0.425366 0.159995 0.016880
0 0.919568 0.443102 0.160865 0.016889
0 0.919641 0.461866 0.160719 0.016880
0 0.915878 0.496426 0.168245 0.016889
0 0.915878 0.514866 0.168245 0.016880
0 0.915625 0.531519 0.168750 0.016889
0 0.915180 0.549662 0.168859 0.016880
0 0.915073 0.567153 0.168865 0.016880
0 0.915073 0.584403 0.168865 0.016880
0 0.914740 0.601653 0.168865 0.016880
0 0.849201 0.620685 0.036578 0.014648
0 0.925529 0.656296 0.148943 0.016889
0 0.925529 0.673542 0.148943 0.016880
0 0.925612 0.690495 0.148776 0.016880
0 0.925529 0.707449 0.148943 0.016880
0 0.931948 0.975324 0.009427 0.020907
0 0.179794 0.864037 0.050641 0.083870
0 0.117969 0.326389 0.017188 0.023148
0 0.263021 0.146759 0.014583 0.026852
0 0.592708 0.979630 0.018750 0.031481
0 0.846875 0.199537 0.035417 0.028704
0 0.298698 0.146296 0.015104 0.025926
0 0.008073 0.700463 0.016146 0.026852
0 0.729948 0.088889 0.015104 0.024074
0 0.546615 0.977778 0.017188 0.025926
0 0.711979 0.088889 0.013542 0.022222
0 0.061719 0.583796 0.015104 0.021296
0 0.080469 0.221759 0.013021 0.023148
0 0.747656 0.088889 0.014063 0.022222
0 0.117448 0.248148 0.014063 0.025926
0 0.973698 0.033333 0.050521 0.025926
0 0.062500 0.299074 0.013542 0.024074
0 0.659115 0.089352 0.013021 0.021296
0 0.043750 0.583796 0.015625 0.023148
0 0.098958 0.609722 0.015625 0.025000
0 0.098958 0.636111 0.015625 0.025926
0 0.694792 0.089352 0.014583 0.021296
0 0.080469 0.662500 0.013021 0.028704
0 0.132812 0.147685 0.014583 0.025000
0 0.946354 0.146296 0.013542 0.022222
0 0.025781 0.299537 0.014063 0.025000
0 0.097396 0.147222 0.017708 0.025926
0 0.044271 0.353241 0.015625 0.026852
0 0.316406 0.146296 0.016146 0.024074
0 0.441927 0.064815 0.015104 0.024074
0 0.570052 0.978704 0.018229 0.027778
0 0.988281 0.010648 0.014063 0.021296
0 0.116667 0.636574 0.015625 0.025000
0 0.080469 0.325926 0.015104 0.025926
0 0.080729 0.700926 0.012500 0.024074
0 0.080469 0.584259 0.015104 0.020370
0 0.098958 0.221296 0.013542 0.022222
0 0.280469 0.146296 0.018229 0.025926
0 0.063021 0.727315 0.015625 0.021296
0 0.111198 0.089815 0.016146 0.027778
0 0.062240 0.325463 0.013021 0.025000
0 0.170833 0.145833 0.017708 0.025000
0 0.523958 0.977778 0.017708 0.025926
0 0.044010 0.610648 0.015104 0.023148
0 0.099219 0.701389 0.014063 0.023148
0 0.008073 0.663426 0.016146 0.030556
0 0.063281 0.700463 0.017188 0.025000
0 0.080729 0.247222 0.014583 0.024074
0 0.245573 0.146296 0.014063 0.025926
0 0.008594 0.221759 0.014063 0.025000
0 0.983073 0.081481 0.025521 0.062963
0 0.080469 0.610185 0.015104 0.022222
0 0.008073 0.610185 0.016146 0.022222
0 0.043750 0.247685 0.013542 0.023148
0 0.025781 0.662963 0.014063 0.029630
0 0.025781 0.325463 0.015104 0.023148
0 0.025521 0.636111 0.016667 0.024074
0 0.044271 0.700926 0.014583 0.025926
0 0.080729 0.299074 0.014583 0.024074
0 0.062500 0.662500 0.015625 0.028704
0 0.099479 0.300000 0.013542 0.024074
0 0.026042 0.727315 0.015625 0.021296
0 0.040885 0.083333 0.021354 0.061111
0 0.117188 0.584722 0.015625 0.021296
0 0.044271 0.298611 0.014583 0.025000
0 0.007552 0.194907 0.015104 0.025000
0 0.008333 0.298148 0.015625 0.027778
0 0.008333 0.273148 0.014583 0.024074
0 0.062500 0.610648 0.014583 0.021296
0 0.478385 0.146759 0.015104 0.021296
0 0.079948 0.194907 0.013021 0.023148
0 0.098437 0.247685 0.012500 0.025000
0 0.044010 0.273148 0.015104 0.024074
0 0.044531 0.727315 0.015104 0.021296
0 0.044010 0.662500 0.014063 0.028704
0 0.044010 0.325463 0.014063 0.025000
0 0.118229 0.300463 0.017708 0.025000
0 0.116406 0.609722 0.015104 0.023148
0 0.044010 0.636111 0.015104 0.025926
0 0.151823 0.146296 0.019271 0.024074
0 0.088281 0.082407 0.023438 0.061111
0 0.917708 0.200463 0.036458 0.025000
0 0.638542 0.980093 0.015625 0.026852
0 0.025260 0.222222 0.015104 0.024074
0 0.408333 0.976389 0.116667 0.034259
0 0.062500 0.272685 0.014583 0.025000
0 0.661458 0.980093 0.017708 0.026852
0 0.080469 0.636111 0.015104 0.025926
0 0.080469 0.727315 0.014063 0.023148
0 0.116927 0.273611 0.014063 0.023148
0 0.684115 0.062500 0.061979 0.026852
0 0.065104 0.082870 0.021875 0.060185
0 0.080469 0.272685 0.015104 0.025000
0 0.062240 0.636111 0.016146 0.025926
0 0.190104 0.145370 0.017708 0.025926
0 0.078646 0.146759 0.014583 0.025000
0 0.237240 0.032870 0.017188 0.021296
0 0.134896 0.172222 0.009375 0.018519
0 0.608594 0.076852 0.034896 0.055556
0 0.338542 0.977778 0.019792 0.027778
0 0.105990 0.756481 0.009896 0.018519
0 0.994792 0.172222 0.009375 0.016667
0 0.115104 0.561111 0.009375 0.018519
0 0.193750 0.212963 0.087500 0.018519
0 0.016667 0.081944 0.026042 0.062037
0 0.642188 0.088889 0.015625 0.025926
0 0.197396 0.173611 0.008333 0.019444
0 0.939323 0.008333 0.010937 0.016667
0 0.899740 0.976852 0.020313 0.025926
0 0.134896 0.756944 0.007292 0.017593
0 0.116406 0.194907 0.010937 0.023148
0 0.965885 0.171759 0.011979 0.015741
0 0.879687 0.976852 0.016667 0.027778
0 0.115365 0.756481 0.006771 0.016667
0 0.881250 0.199537 0.032292 0.028704
0 0.863021 0.978241 0.014583 0.028704
0 0.098698 0.273611 0.013021 0.025000
0 0.919010 0.976852 0.013021 0.025926
0 0.070052 0.857870 0.140104 0.026852
0 0.070312 0.904630 0.140625 0.025926
0 0.974219 0.172222 0.008854 0.014815
0 0.851302 0.320833 0.042188 0.015741
0 0.025781 0.609259 0.017188 0.020370
0 0.060677 0.146296 0.016146 0.025926
0 0.115104 0.173611 0.010417 0.017593
0 0.124479 0.560648 0.007292 0.017593
0 0.984375 0.171759 0.009375 0.015741
0 0.818750 0.174074 0.013542 0.022222
0 0.124740 0.756481 0.007812 0.016667
0 0.026042 0.145370 0.050000 0.027778
0 0.124740 0.172685 0.008854 0.017593
0 0.961458 0.010185 0.013542 0.020370
0 0.134896 0.560648 0.007292 0.015741
0 0.847656 0.373148 0.035937 0.016667
0 0.967708 0.146296 0.019792 0.022222
0 0.070312 0.831019 0.140625 0.026852
0 0.008333 0.584259 0.016667 0.025926
0 0.026042 0.273148 0.015625 0.025926
0 0.988802 0.145833 0.019271 0.023148
0 0.026042 0.700926 0.014583 0.025926
0 0.894271 0.034259 0.013542 0.022222
0 0.098958 0.584722 0.016667 0.021296
0 0.909896 0.034259 0.013542 0.025926
0 0.008333 0.727778 0.016667 0.020370
0 0.477865 0.977778 0.017188 0.027778
0 0.070573 0.804630 0.141146 0.027778
0 0.207813 0.145370 0.014583 0.025926
0 0.008594 0.635648 0.014063 0.025000
0 0.008073 0.351852 0.015104 0.024074
0 0.676562 0.088426 0.012500 0.021296
0 0.117188 0.701389 0.014583 0.023148
0 0.114844 0.147685 0.014063 0.025000
0 0.025781 0.584259 0.016146 0.024074
0 0.227344 0.146296 0.019271 0.025926
0 0.062500 0.195370 0.013542 0.024074
0 0.062500 0.221759 0.013542 0.023148
0 0.044010 0.222222 0.013021 0.022222
0 0.025521 0.352315 0.014583 0.025000
0 0.616146 0.980093 0.019792 0.030556
0 0.116927 0.221759 0.013021 0.023148
0 0.098698 0.325926 0.013021 0.025926
0 0.007812 0.325463 0.015625 0.023148
0 0.501042 0.977315 0.017708 0.025000
