0 0.925799 0.655940 0.148401 0.016880
0 0.925854 0.707394 0.148292 0.016880
0 0.926070 0.690306 0.147859 0.016889
0 0.926070 0.673218 0.147859 0.016880
0 0.838690 0.681657 0.014891 0.021593
0 0.849232 0.620657 0.037484 0.012222
0 0.914487 0.602144 0.168859 0.016880
0 0.914487 0.584597 0.168859 0.016880
0 0.914487 0.568241 0.168859 0.016889
0 0.915326 0.550398 0.168859 0.016889
0 0.915492 0.532255 0.168859 0.016880
0 0.915698 0.514713 0.168604 0.016889
0 0.915378 0.495477 0.168859 0.016880
0 0.919721 0.461255 0.160557 0.016880
0 0.919784 0.443704 0.160432 0.016889
0 0.919909 0.426597 0.160182 0.016880
0 0.920034 0.409046 0.159932 0.016889
0 0.920159 0.391051 0.159682 0.016880
0 0.919883 0.337977 0.160234 0.016880
0 0.916148 0.303606 0.167703 0.016880
0 0.915427 0.284583 0.168865 0.016889
0 0.915427 0.267366 0.168865 0.016880
0 0.915716 0.249116 0.168568 0.016880
0 0.805276 0.090657 0.015010 0.025926
0 0.771208 0.089500 0.014917 0.020074
0 0.215057 0.032394 0.021604 0.017676
0 0.186922 0.033069 0.026677 0.017454
0 0.162245 0.033644 0.017281 0.017880
0 0.140753 0.033556 0.018141 0.016130
0 0.119591 0.032565 0.013734 0.018352
0 0.096549 0.032069 0.021474 0.017843
0 0.070331 0.034176 0.022453 0.020333
0 0.046484 0.032630 0.017990 0.019463
0 0.918417 0.976852 0.013542 0.025926
0 0.975732 0.977477 0.034057 0.028843
0 0.027062 0.030926 0.015104 0.020370
0 0.931682 0.977444 0.011281 0.027778
0 0.788802 0.065324 0.015104 0.021389
0 0.068620 0.927199 0.137240 0.013935
0 0.946052 0.976259 0.017708 0.027778
0 0.821615 0.065093 0.013021 0.020926
0 0.928375 0.091315 0.016667 0.028704
0 0.837719 0.066958 0.016667 0.026139
0 0.166771 0.172685 0.047083 0.019444
0 0.871198 0.637037 0.065313 0.014815
0 0.909896 0.090630 0.017708 0.027778
0 0.838771 0.660185 0.015104 0.017593
0 0.839401 0.723852 0.019115 0.017704
0 0.009284 0.031991 0.011849 0.018519
0 0.914922 0.917593 0.170156 0.024074
0 0.182406 0.862093 0.046563 0.073056
0 0.026510 0.195741 0.017604 0.026667
0 0.044703 0.194398 0.017188 0.025000
0 0.643750 0.063583 0.019792 0.023148
0 0.398516 0.144907 0.142552 0.025000
0 0.111953 0.063426 0.020781 0.021296
0 0.511354 0.090528 0.152083 0.025278
0 0.274036 0.089815 0.020781 0.024074
0 0.100000 0.196963 0.018750 0.025000
0 0.787833 0.088838 0.016146 0.021954
0 0.953906 0.081157 0.021354 0.060463
0 0.772396 0.066389 0.016667 0.021667
0 0.859036 0.081481 0.024635 0.050000
0 0.441927 0.063704 0.015104 0.024074
0 0.025578 0.248148 0.015625 0.024074
0 0.821245 0.091384 0.013542 0.027046
0 0.009297 0.247731 0.015469 0.024074
0 0.518385 0.064259 0.135521 0.023333
0 0.192745 0.089750 0.137500 0.025926
0 0.805990 0.065093 0.017188 0.020926
0 0.932578 0.034259 0.020365 0.024074
0 0.357906 0.089213 0.144448 0.026204
0 0.191573 0.062796 0.137500 0.026852
0 0.273214 0.065056 0.018677 0.025000
0 0.357849 0.062843 0.145271 0.024741
0 0.025521 0.352315 0.014583 0.025000
0 0.044010 0.222222 0.013021 0.022222
0 0.008594 0.635648 0.014063 0.025000
0 0.114844 0.147685 0.014063 0.025000
0 0.008073 0.351852 0.015104 0.024074
0 0.676562 0.088426 0.012500 0.021296
0 0.117188 0.701389 0.014583 0.023148
0 0.080469 0.636111 0.015104 0.025926
0 0.408333 0.976389 0.116667 0.034259
0 0.477865 0.977778 0.017188 0.027778
0 0.894271 0.034259 0.013542 0.022222
0 0.044010 0.636111 0.015104 0.025926
0 0.008333 0.727778 0.016667 0.020370
0 0.044271 0.662500 0.014583 0.028704
0 0.026042 0.700926 0.014583 0.025926
0 0.044010 0.325463 0.014063 0.025000
0 0.098698 0.325463 0.013021 0.025000
0 0.909896 0.034259 0.013542 0.025926
0 0.044531 0.727315 0.015104 0.021296
0 0.118229 0.300463 0.017708 0.025000
0 0.227344 0.146296 0.019271 0.025926
0 0.967708 0.146296 0.019792 0.022222
0 0.062500 0.221759 0.013542 0.023148
0 0.592187 0.980093 0.018750 0.030556
0 0.026042 0.273148 0.015625 0.025926
0 0.007812 0.325463 0.015625 0.023148
0 0.846875 0.199537 0.035417 0.028704
0 0.117969 0.326389 0.017188 0.023148
0 0.044010 0.273148 0.015104 0.024074
0 0.263021 0.146759 0.014583 0.026852
0 0.478385 0.146759 0.015104 0.021296
0 0.501042 0.977315 0.016667 0.025000
0 0.546615 0.977778 0.017188 0.025926
0 0.729948 0.088889 0.015104 0.024074
0 0.711979 0.088889 0.013542 0.022222
0 0.117188 0.248148 0.013542 0.025926
0 0.098437 0.247685 0.012500 0.025000
0 0.062240 0.610648 0.015104 0.021296
0 0.044271 0.298611 0.014583 0.025000
0 0.088542 0.082407 0.023958 0.061111
0 0.062500 0.662500 0.015625 0.028704
0 0.040885 0.083333 0.021354 0.061111
0 0.099479 0.300000 0.013542 0.024074
0 0.025781 0.662963 0.014063 0.029630
0 0.025781 0.325463 0.015104 0.023148
0 0.080729 0.299074 0.014583 0.024074
0 0.025521 0.636111 0.016667 0.024074
0 0.043750 0.247685 0.013542 0.023148
0 0.044271 0.700926 0.014583 0.025926
0 0.080469 0.610185 0.015104 0.022222
0 0.063281 0.247222 0.015104 0.024074
0 0.983073 0.081481 0.025521 0.062963
0 0.008594 0.221759 0.014063 0.025000
0 0.080729 0.247222 0.014583 0.024074
0 0.245312 0.145833 0.014583 0.026852
0 0.099219 0.701389 0.014063 0.023148
0 0.008073 0.663426 0.016146 0.030556
0 0.044010 0.610648 0.015104 0.023148
0 0.062240 0.325463 0.013021 0.025000
0 0.280469 0.146296 0.018229 0.025926
0 0.063281 0.700463 0.017188 0.025000
0 0.063021 0.727315 0.015625 0.021296
0 0.883333 0.082870 0.023958 0.054630
0 0.523958 0.977315 0.016667 0.025000
0 0.080469 0.325926 0.015104 0.025926
0 0.988021 0.010648 0.013542 0.021296
0 0.080729 0.700926 0.012500 0.024074
0 0.570052 0.978704 0.018229 0.027778
0 0.044271 0.353241 0.015625 0.026852
0 0.025781 0.299537 0.014063 0.025000
0 0.062500 0.299074 0.013542 0.024074
0 0.747656 0.088889 0.014063 0.022222
0 0.946354 0.146759 0.013542 0.021296
0 0.043750 0.584259 0.015625 0.022222
0 0.973698 0.033333 0.050521 0.025926
0 0.694792 0.089352 0.014583 0.021296
0 0.070573 0.804630 0.141146 0.027778
0 0.070573 0.831019 0.141146 0.026852
0 0.098698 0.273611 0.013021 0.025000
0 0.016667 0.081944 0.026042 0.062037
0 0.062240 0.636111 0.016146 0.025926
0 0.684115 0.062500 0.061979 0.026852
0 0.080469 0.272685 0.015104 0.025000
0 0.851302 0.320833 0.042188 0.015741
0 0.237240 0.033333 0.017188 0.020370
0 0.899740 0.976852 0.020313 0.025926
0 0.847656 0.373148 0.035937 0.016667
0 0.939323 0.008333 0.010937 0.016667
0 0.160156 0.213426 0.011979 0.017593
0 0.124740 0.172685 0.008854 0.017593
0 0.974219 0.172222 0.008854 0.014815
0 0.116927 0.274074 0.014063 0.022222
0 0.193750 0.212963 0.087500 0.018519
0 0.134635 0.172222 0.009896 0.020370
0 0.135156 0.560185 0.007812 0.016667
0 0.124479 0.560648 0.007292 0.017593
0 0.060677 0.146296 0.016146 0.025926
0 0.197396 0.173611 0.008333 0.019444
0 0.026042 0.145370 0.050000 0.027778
0 0.124740 0.756481 0.007812 0.016667
0 0.961458 0.010185 0.013542 0.020370
0 0.818750 0.174537 0.013542 0.021296
0 0.984375 0.171296 0.009375 0.016667
0 0.115104 0.173611 0.010417 0.017593
0 0.025781 0.609259 0.017188 0.020370
0 0.070312 0.904630 0.140625 0.025926
0 0.863021 0.978241 0.014583 0.028704
0 0.070052 0.857870 0.140104 0.026852
0 0.879687 0.976852 0.016667 0.027778
0 0.115365 0.756481 0.006771 0.016667
0 0.190104 0.145370 0.017708 0.025926
0 0.338542 0.977778 0.019792 0.027778
0 0.608594 0.076852 0.034896 0.055556
0 0.105990 0.756481 0.009896 0.018519
0 0.965885 0.171759 0.011979 0.015741
0 0.078646 0.146759 0.014583 0.025000
0 0.134896 0.757407 0.007292 0.016667
0 0.115104 0.561111 0.009375 0.018519
0 0.994792 0.172222 0.009375 0.016667
0 0.881250 0.199537 0.032292 0.028704
0 0.098958 0.584722 0.016667 0.021296
0 0.116406 0.194907 0.010937 0.023148
0 0.642188 0.089352 0.015625 0.025000
0 0.080469 0.584722 0.015104 0.021296
0 0.062500 0.195370 0.013542 0.024074
0 0.080469 0.662500 0.013021 0.028704
0 0.731250 0.062963 0.035417 0.025926
0 0.116927 0.221759 0.013021 0.023148
0 0.170833 0.145833 0.017708 0.025000
0 0.099219 0.221296 0.014063 0.022222
0 0.008073 0.610185 0.016146 0.022222
0 0.008333 0.584722 0.016667 0.025000
0 0.661458 0.980093 0.017708 0.026852
0 0.065104 0.082870 0.021875 0.060185
0 0.638542 0.980556 0.015625 0.027778
0 0.080469 0.727315 0.014063 0.023148
0 0.917708 0.200463 0.036458 0.025000
0 0.207813 0.145370 0.014583 0.025926
0 0.988802 0.145833 0.019271 0.023148
0 0.025260 0.222222 0.015104 0.024074
0 0.152083 0.146296 0.019792 0.024074
0 0.062500 0.272685 0.014583 0.025000
0 0.116406 0.609722 0.015104 0.023148
0 0.008333 0.273148 0.014583 0.024074
0 0.079948 0.194907 0.013021 0.023148
0 0.008333 0.298148 0.015625 0.027778
0 0.117188 0.584722 0.015625 0.021296
0 0.007552 0.194907 0.015104 0.025000
0 0.918750 0.063426 0.036458 0.025000
0 0.111198 0.089815 0.016146 0.027778
0 0.026042 0.727315 0.015625 0.021296
0 0.132812 0.147685 0.014583 0.025000
0 0.116667 0.636574 0.015625 0.025000
0 0.097396 0.147222 0.017708 0.025926
0 0.146615 0.193519 0.011979 0.022222
0 0.098958 0.609722 0.015625 0.025000
0 0.316406 0.146296 0.016146 0.024074
0 0.098958 0.636111 0.015625 0.025926
0 0.061719 0.583796 0.015104 0.021296
0 0.615885 0.980093 0.020313 0.030556
0 0.080469 0.221759 0.013021 0.023148
0 0.659115 0.089352 0.013021 0.021296
0 0.008073 0.700463 0.016146 0.026852
0 0.025781 0.584259 0.016146 0.024074
0 0.298438 0.146296 0.015625 0.025926
