0 0.025781 0.299537 0.014063 0.025000
0 0.025521 0.257870 0.015625 0.043519
0 0.851302 0.320833 0.042188 0.015741
0 0.236979 0.032870 0.016667 0.021296
0 0.899740 0.977315 0.021354 0.026852
0 0.944792 0.976852 0.013542 0.025926
0 0.939323 0.008333 0.010937 0.016667
0 0.847656 0.373148 0.035937 0.016667
0 0.124740 0.172685 0.008854 0.017593
0 0.974219 0.172222 0.008854 0.014815
0 0.189583 0.212500 0.077083 0.019444
0 0.134635 0.172222 0.009896 0.020370
0 0.135156 0.560185 0.007812 0.016667
0 0.185938 0.172685 0.011458 0.019444
0 0.124479 0.560648 0.007292 0.017593
0 0.060677 0.146296 0.016146 0.025926
0 0.160938 0.172222 0.035417 0.020370
0 0.197396 0.173148 0.008333 0.020370
0 0.026042 0.145370 0.050000 0.027778
0 0.124740 0.756481 0.007812 0.016667
0 0.818750 0.174537 0.013542 0.021296
0 0.984375 0.171296 0.009375 0.016667
0 0.114844 0.173611 0.010937 0.017593
0 0.025781 0.609259 0.017188 0.020370
0 0.070052 0.857870 0.140104 0.026852
0 0.070312 0.905556 0.140625 0.027778
0 0.115365 0.756481 0.006771 0.016667
0 0.024479 0.195370 0.013542 0.025926
0 0.105990 0.756481 0.009896 0.018519
0 0.190104 0.145833 0.017708 0.026852
0 0.078646 0.146759 0.014583 0.025000
0 0.881250 0.199537 0.032292 0.028704
0 0.115104 0.561111 0.009375 0.018519
0 0.098958 0.585185 0.016667 0.022222
0 0.863281 0.976852 0.015104 0.027778
0 0.994792 0.172222 0.009375 0.016667
0 0.042969 0.194907 0.017188 0.025000
0 0.642188 0.088426 0.015625 0.026852
0 0.116406 0.194907 0.010937 0.023148
0 0.080469 0.662500 0.013021 0.028704
0 0.062500 0.195370 0.013542 0.024074
0 0.080469 0.584722 0.015104 0.021296
0 0.116927 0.221759 0.013021 0.023148
0 0.846354 0.977778 0.014583 0.025926
0 0.008333 0.584259 0.016667 0.025926
0 0.008073 0.609722 0.016146 0.023148
0 0.398906 0.144907 0.141771 0.025000
0 0.170833 0.145833 0.017708 0.025000
0 0.098958 0.221296 0.014583 0.022222
0 0.917708 0.200463 0.036458 0.025000
0 0.879948 0.977315 0.014063 0.026852
0 0.207813 0.145370 0.015625 0.025926
0 0.988802 0.145833 0.019271 0.023148
0 0.025260 0.222222 0.015104 0.024074
0 0.152083 0.146296 0.019792 0.024074
0 0.116406 0.609722 0.015104 0.023148
0 0.008333 0.273148 0.014583 0.024074
0 0.079948 0.194907 0.013021 0.023148
0 0.117188 0.584722 0.015625 0.021296
0 0.008333 0.298148 0.015625 0.027778
0 0.007552 0.194907 0.015104 0.025000
0 0.627083 0.980556 0.016667 0.027778
0 0.327083 0.978241 0.020833 0.025000
0 0.132812 0.147685 0.014583 0.025000
0 0.098958 0.636111 0.015625 0.025926
0 0.659115 0.089352 0.013021 0.021296
0 0.111198 0.089815 0.016146 0.027778
0 0.098958 0.609722 0.015625 0.025000
0 0.026042 0.727315 0.015625 0.021296
0 0.097396 0.147222 0.017708 0.025926
0 0.316667 0.146296 0.016667 0.024074
0 0.116406 0.636574 0.015104 0.025000
0 0.061719 0.583796 0.015104 0.021296
0 0.465885 0.977315 0.017188 0.026852
0 0.025781 0.584259 0.016146 0.024074
0 0.080469 0.221759 0.013021 0.023148
0 0.008073 0.700463 0.016146 0.026852
0 0.025521 0.352315 0.014583 0.026852
0 0.650000 0.980556 0.016667 0.029630
0 0.008594 0.635648 0.014063 0.025000
0 0.044010 0.222222 0.013021 0.022222
0 0.672917 0.981019 0.016667 0.028704
0 0.676562 0.088426 0.012500 0.021296
0 0.114844 0.147685 0.014063 0.025000
0 0.298438 0.146296 0.015625 0.025926
0 0.008073 0.352315 0.015104 0.025000
0 0.117188 0.701389 0.014583 0.023148
0 0.099740 0.194907 0.019271 0.025000
0 0.894271 0.034259 0.013542 0.022222
0 0.026042 0.700463 0.014583 0.026852
0 0.490104 0.976852 0.018750 0.024074
0 0.008333 0.727778 0.016667 0.020370
0 0.098698 0.325463 0.013021 0.025000
0 0.007812 0.325463 0.015625 0.023148
0 0.534896 0.977778 0.017708 0.025926
0 0.026042 0.273148 0.015625 0.025926
0 0.967708 0.145833 0.019792 0.023148
0 0.062500 0.221759 0.013542 0.023148
0 0.846875 0.199537 0.035417 0.028704
0 0.227344 0.146296 0.019271 0.025926
0 0.604167 0.979630 0.020833 0.031481
0 0.909896 0.034259 0.013542 0.025926
0 0.694792 0.089352 0.014583 0.021296
0 0.263021 0.146759 0.014583 0.026852
0 0.711979 0.088889 0.013542 0.022222
0 0.043750 0.583796 0.015625 0.023148
0 0.062500 0.299074 0.013542 0.024074
0 0.117969 0.326389 0.017188 0.023148
0 0.729948 0.088889 0.015104 0.024074
0 0.973698 0.033333 0.050521 0.025926
0 0.044271 0.353241 0.015625 0.026852
0 0.747656 0.088889 0.014063 0.022222
0 0.117448 0.248148 0.014063 0.025926
0 0.580729 0.979167 0.018750 0.030556
0 0.441927 0.064815 0.015104 0.024074
0 0.080729 0.700926 0.012500 0.024074
0 0.946354 0.146759 0.013542 0.023148
0 0.988281 0.010648 0.014063 0.021296
0 0.062240 0.325463 0.013021 0.025000
0 0.063021 0.727315 0.015625 0.021296
0 0.080469 0.325926 0.015104 0.025926
0 0.558594 0.978241 0.019271 0.028704
0 0.512760 0.977315 0.017188 0.025000
0 0.063281 0.700463 0.017188 0.025000
0 0.883333 0.081944 0.023958 0.054630
0 0.008073 0.663426 0.016146 0.030556
0 0.044010 0.610648 0.015104 0.023148
0 0.099219 0.701389 0.014063 0.023148
0 0.280469 0.146296 0.018229 0.025926
0 0.025000 0.248148 0.015625 0.024074
0 0.245573 0.145833 0.015104 0.026852
0 0.007812 0.247222 0.013542 0.024074
0 0.080729 0.247222 0.014583 0.024074
0 0.063281 0.247222 0.015104 0.024074
0 0.008594 0.221759 0.014063 0.025000
0 0.080469 0.610648 0.015104 0.023148
0 0.044271 0.700926 0.014583 0.025926
0 0.983073 0.081481 0.025521 0.062963
0 0.043750 0.247685 0.013542 0.023148
0 0.025781 0.325463 0.015104 0.023148
0 0.025521 0.636111 0.016667 0.024074
0 0.396615 0.976389 0.117188 0.034259
0 0.080729 0.299074 0.014583 0.024074
0 0.025781 0.662963 0.014063 0.029630
0 0.062500 0.662500 0.015625 0.028704
0 0.099479 0.300000 0.013542 0.024074
0 0.040885 0.082870 0.021354 0.062037
0 0.044271 0.298611 0.014583 0.025000
0 0.044531 0.727315 0.015104 0.021296
0 0.098437 0.247685 0.012500 0.025000
0 0.044010 0.273148 0.015104 0.024074
0 0.062500 0.610648 0.014583 0.021296
0 0.044010 0.662500 0.014063 0.028704
0 0.118229 0.300463 0.017708 0.025000
0 0.478385 0.146759 0.015104 0.021296
0 0.044010 0.325463 0.014063 0.025000
0 0.044010 0.636111 0.015104 0.025926
0 0.080469 0.727315 0.014063 0.023148
0 0.080469 0.636111 0.015104 0.025926
0 0.062500 0.272685 0.014583 0.025000
0 0.065104 0.082870 0.021875 0.060185
0 0.116927 0.274074 0.014063 0.022222
0 0.080469 0.272685 0.015104 0.025000
0 0.062240 0.636111 0.016146 0.025926
0 0.016667 0.081944 0.026042 0.062037
0 0.098698 0.273611 0.013021 0.025000
0 0.070573 0.831019 0.141146 0.026852
0 0.070573 0.804630 0.141146 0.027778
0 0.805620 0.090440 0.016427 0.021565
0 0.355138 0.063417 0.144932 0.025722
0 0.683734 0.063273 0.059927 0.023769
0 0.088542 0.081741 0.023958 0.061111
0 0.273203 0.063065 0.018229 0.025000
0 0.189891 0.064269 0.134802 0.023907
0 0.932344 0.033796 0.019896 0.025000
0 0.518641 0.063282 0.134385 0.023231
0 0.805990 0.064769 0.017188 0.020278
0 0.355281 0.089431 0.145792 0.025398
0 0.190060 0.088102 0.135818 0.026204
0 0.821354 0.065602 0.013542 0.021944
0 0.858724 0.081944 0.025260 0.050926
0 0.273089 0.090074 0.017708 0.024074
0 0.772396 0.067315 0.016667 0.025370
0 0.953906 0.080231 0.021354 0.058611
0 0.788802 0.066667 0.016146 0.024074
0 0.509701 0.088426 0.151120 0.025000
0 0.111609 0.062963 0.018750 0.022222
0 0.920917 0.063593 0.036979 0.025000
0 0.730932 0.064028 0.032823 0.023796
0 0.643417 0.062861 0.019792 0.023148
0 0.608760 0.076259 0.034896 0.055556
0 0.182141 0.863704 0.043438 0.073519
0 0.964219 0.172593 0.009479 0.015926
0 0.913333 0.917130 0.173333 0.023148
0 0.027068 0.032389 0.013365 0.018519
0 0.872630 0.637037 0.068177 0.014815
0 0.962651 0.011019 0.014063 0.020370
0 0.909521 0.090787 0.017708 0.027778
0 0.837734 0.063611 0.017135 0.021667
0 0.135000 0.758333 0.009167 0.022222
0 0.929346 0.091657 0.017464 0.030537
0 0.008802 0.033519 0.015104 0.020370
0 0.919930 0.976407 0.012849 0.027556
0 0.974565 0.976986 0.037120 0.028046
0 0.070922 0.926319 0.141521 0.013083
0 0.931758 0.976491 0.009703 0.026167
0 0.848495 0.619880 0.035240 0.016000
0 0.925242 0.706144 0.149516 0.016880
0 0.925680 0.688375 0.148641 0.016880
0 0.925432 0.671713 0.149135 0.016889
0 0.926305 0.654384 0.147391 0.016880
0 0.835299 0.715852 0.007359 0.033315
0 0.838479 0.680167 0.016062 0.019630
0 0.838143 0.659051 0.012714 0.021417
0 0.914789 0.601870 0.168859 0.016889
0 0.914982 0.583977 0.168859 0.016880
0 0.915664 0.566431 0.168672 0.016880
0 0.914208 0.548532 0.168865 0.016880
0 0.914789 0.532361 0.168859 0.016889
0 0.914208 0.514125 0.168865 0.016880
0 0.915174 0.497606 0.168859 0.016880
0 0.919732 0.460208 0.160536 0.016880
0 0.919898 0.443852 0.160203 0.016889
0 0.919898 0.426005 0.160203 0.016880
0 0.919898 0.408162 0.160203 0.016880
0 0.919815 0.391213 0.160370 0.016889
0 0.920258 0.337782 0.159484 0.016880
0 0.914721 0.303023 0.168859 0.016880
0 0.914615 0.284593 0.168865 0.016889
0 0.914831 0.267694 0.168859 0.016889
0 0.915044 0.250032 0.168859 0.016880
0 0.820930 0.088116 0.011016 0.019583
0 0.788630 0.090773 0.015865 0.019583
0 0.772198 0.091866 0.016052 0.021843
0 0.214935 0.032505 0.021682 0.019269
0 0.187294 0.033519 0.028193 0.021333
0 0.161992 0.032106 0.015182 0.020565
0 0.140737 0.033903 0.020391 0.018509
0 0.119339 0.032491 0.013448 0.017222
0 0.097073 0.032231 0.022125 0.019278
0 0.069677 0.034292 0.024000 0.019787
0 0.045531 0.031847 0.016771 0.017991
