0 0.788542 0.092731 0.016146 0.020463
0 0.953906 0.078611 0.021354 0.055370
0 0.356826 0.089819 0.145620 0.028324
0 0.805990 0.066667 0.017188 0.024074
0 0.932943 0.034259 0.021094 0.024074
0 0.189555 0.063102 0.135474 0.025648
0 0.272682 0.065278 0.020365 0.025000
0 0.355745 0.063185 0.144240 0.026000
0 0.919674 0.426593 0.160651 0.016889
0 0.919674 0.409505 0.160651 0.016880
0 0.919794 0.391690 0.160411 0.016880
0 0.851133 0.320778 0.041609 0.015556
0 0.919620 0.338097 0.160760 0.016880
0 0.915724 0.301394 0.168552 0.016880
0 0.914878 0.284069 0.168859 0.016880
0 0.914628 0.267185 0.168859 0.016889
0 0.914503 0.249190 0.168859 0.016880
0 0.805836 0.091847 0.014943 0.023250
0 0.772104 0.090454 0.015156 0.019074
0 0.215299 0.033625 0.020495 0.019769
0 0.186935 0.032847 0.025745 0.016880
0 0.161328 0.033060 0.016094 0.018046
0 0.140971 0.033731 0.018359 0.015556
0 0.120128 0.033634 0.015984 0.019194
0 0.097445 0.033250 0.022464 0.014593
0 0.070445 0.033921 0.022901 0.020546
0 0.047010 0.033731 0.019010 0.015556
0 0.772396 0.067176 0.016667 0.023241
0 0.884005 0.082278 0.023958 0.054630
0 0.931201 0.977616 0.010245 0.022380
0 0.925630 0.707616 0.148740 0.016880
0 0.925977 0.690125 0.148047 0.016880
0 0.925937 0.673204 0.148125 0.016889
0 0.926138 0.654847 0.147724 0.016880
0 0.839091 0.715653 0.018130 0.035769
0 0.838409 0.680884 0.017245 0.021324
0 0.837578 0.658338 0.013552 0.019361
0 0.847732 0.619773 0.034995 0.013824
0 0.915474 0.602264 0.168865 0.016880
0 0.914893 0.583495 0.168859 0.016880
0 0.915039 0.566278 0.168859 0.016889
0 0.915594 0.549310 0.168812 0.016880
0 0.914581 0.531551 0.168859 0.016880
0 0.914258 0.513699 0.168859 0.016880
0 0.915013 0.496801 0.168859 0.016880
0 0.919674 0.461343 0.160651 0.016889
0 0.919620 0.443681 0.160760 0.016880
0 0.190734 0.088556 0.137500 0.025926
0 0.821354 0.090449 0.013542 0.021509
0 0.517396 0.063009 0.134792 0.025833
0 0.008891 0.034574 0.015104 0.020370
0 0.976005 0.978000 0.039062 0.027778
0 0.837917 0.065588 0.015833 0.025491
0 0.789375 0.066713 0.015104 0.024352
0 0.918841 0.976199 0.014089 0.027231
0 0.070237 0.925991 0.139839 0.012648
0 0.821552 0.067046 0.013021 0.022981
0 0.928000 0.089315 0.016667 0.028704
0 0.963583 0.009630 0.014583 0.019259
0 0.166719 0.172685 0.046979 0.019444
0 0.909771 0.088852 0.017708 0.027778
0 0.914349 0.917593 0.171302 0.024074
0 0.873177 0.637037 0.069271 0.014815
0 0.027276 0.033648 0.011740 0.018519
0 0.179734 0.863222 0.042552 0.076759
0 0.859245 0.081481 0.024219 0.050000
0 0.964438 0.171759 0.010125 0.015741
0 0.732547 0.062389 0.035417 0.025926
0 0.643427 0.062435 0.019792 0.023148
0 0.399297 0.144907 0.140990 0.025000
0 0.918615 0.061870 0.036979 0.025000
0 0.110698 0.089222 0.016146 0.027778
0 0.112109 0.062537 0.018750 0.021296
0 0.273177 0.089815 0.021354 0.024074
0 0.508724 0.088426 0.149740 0.025000
0 0.917708 0.200463 0.036458 0.025000
0 0.008333 0.584722 0.016667 0.025000
0 0.098958 0.221296 0.014583 0.022222
0 0.170833 0.145833 0.017708 0.025000
0 0.116927 0.221759 0.013021 0.023148
0 0.080469 0.584722 0.015104 0.021296
0 0.062500 0.195370 0.013542 0.024074
0 0.116406 0.194907 0.010937 0.023148
0 0.080469 0.662500 0.013021 0.028704
0 0.642188 0.088426 0.015625 0.026852
0 0.042969 0.194907 0.017188 0.025000
0 0.881250 0.199537 0.032292 0.028704
0 0.994792 0.172222 0.009375 0.016667
0 0.608594 0.076852 0.034896 0.055556
0 0.134896 0.757407 0.007292 0.016667
0 0.098958 0.585185 0.016667 0.022222
0 0.115104 0.561111 0.009375 0.018519
0 0.078646 0.146759 0.014583 0.025000
0 0.190104 0.146296 0.017708 0.025926
0 0.105990 0.756481 0.009896 0.018519
0 0.024479 0.195370 0.013542 0.025926
0 0.025781 0.325463 0.015104 0.023148
0 0.338542 0.977778 0.019792 0.027778
0 0.879687 0.976852 0.016667 0.027778
0 0.115365 0.756481 0.006771 0.016667
0 0.863021 0.977778 0.014583 0.029630
0 0.070312 0.905556 0.140625 0.027778
0 0.070052 0.857870 0.140104 0.026852
0 0.025781 0.609259 0.017188 0.020370
0 0.115104 0.173611 0.010417 0.017593
0 0.984375 0.171296 0.009375 0.016667
0 0.818750 0.174074 0.013542 0.022222
0 0.197396 0.173611 0.008333 0.019444
0 0.124740 0.756481 0.007812 0.016667
0 0.025521 0.257407 0.015625 0.044444
0 0.237240 0.033333 0.017188 0.020370
0 0.899740 0.976852 0.020313 0.025926
0 0.939323 0.008333 0.010937 0.016667
0 0.847656 0.373148 0.035937 0.016667
0 0.026042 0.145370 0.050000 0.027778
0 0.944792 0.977778 0.013542 0.025926
0 0.060677 0.146296 0.016146 0.025926
0 0.124740 0.172685 0.008854 0.017593
0 0.974219 0.172222 0.008854 0.014815
0 0.193750 0.212963 0.087500 0.018519
0 0.134635 0.172222 0.009896 0.020370
0 0.135156 0.560185 0.007812 0.016667
0 0.124479 0.560648 0.007292 0.017593
0 0.025781 0.662963 0.014063 0.029630
0 0.044271 0.700926 0.014583 0.025926
0 0.043750 0.247685 0.013542 0.023148
0 0.080469 0.610648 0.015104 0.023148
0 0.080729 0.299074 0.014583 0.024074
0 0.063281 0.247222 0.015104 0.024074
0 0.983073 0.081944 0.025521 0.063889
0 0.080729 0.247222 0.014583 0.024074
0 0.245573 0.145833 0.014063 0.026852
0 0.523958 0.977315 0.016667 0.025000
0 0.008594 0.221759 0.014063 0.025000
0 0.008073 0.247222 0.013021 0.024074
0 0.044010 0.610648 0.015104 0.023148
0 0.099219 0.701389 0.014063 0.023148
0 0.280469 0.145833 0.018229 0.026852
0 0.025000 0.248148 0.015625 0.024074
0 0.063281 0.700463 0.017188 0.025000
0 0.570052 0.978704 0.018229 0.027778
0 0.008073 0.663426 0.016146 0.030556
0 0.546615 0.977778 0.017188 0.025926
0 0.080729 0.700926 0.012500 0.024074
0 0.063021 0.727315 0.015625 0.021296
0 0.988281 0.010648 0.014063 0.021296
0 0.062240 0.325463 0.013021 0.025000
0 0.592448 0.979630 0.018229 0.031481
0 0.501042 0.976852 0.016667 0.024074
0 0.025781 0.299537 0.014063 0.025000
0 0.441927 0.064815 0.015104 0.024074
0 0.946354 0.146759 0.013542 0.021296
0 0.747656 0.088889 0.014063 0.022222
0 0.043750 0.584259 0.015625 0.022222
0 0.117448 0.248148 0.014063 0.025926
0 0.973698 0.033333 0.050521 0.025926
0 0.729948 0.088889 0.015104 0.024074
0 0.062500 0.299074 0.013542 0.024074
0 0.263021 0.146759 0.014583 0.026852
0 0.711979 0.088889 0.013542 0.022222
0 0.694792 0.089352 0.014583 0.021296
0 0.117969 0.326389 0.017188 0.023148
0 0.846875 0.199537 0.035417 0.028704
0 0.044271 0.353241 0.015625 0.026852
0 0.080469 0.325926 0.015104 0.025926
0 0.227344 0.146296 0.019271 0.025926
0 0.062500 0.221759 0.013542 0.023148
0 0.967708 0.146296 0.019792 0.022222
0 0.909896 0.034259 0.013542 0.025926
0 0.007812 0.325463 0.015625 0.023148
0 0.477865 0.977778 0.017188 0.027778
0 0.026042 0.273148 0.015625 0.025926
0 0.008333 0.727778 0.016667 0.020370
0 0.026042 0.700926 0.014583 0.025926
0 0.894271 0.034259 0.013542 0.022222
0 0.099740 0.194907 0.019271 0.025000
0 0.676562 0.088426 0.012500 0.021296
0 0.008073 0.352315 0.015104 0.023148
0 0.117188 0.701389 0.014583 0.023148
0 0.298438 0.146296 0.015625 0.025926
0 0.615885 0.980093 0.020313 0.030556
0 0.114844 0.147685 0.014063 0.025000
0 0.044010 0.222222 0.013021 0.022222
0 0.070573 0.804630 0.141146 0.027778
0 0.070573 0.831019 0.141146 0.026852
0 0.098698 0.273611 0.013021 0.025000
0 0.098698 0.325463 0.013021 0.025000
0 0.025781 0.584259 0.016146 0.024074
0 0.080469 0.221759 0.013021 0.023148
0 0.016667 0.081944 0.026042 0.062037
0 0.062240 0.636111 0.016146 0.025926
0 0.080469 0.272685 0.015104 0.025000
0 0.116927 0.274074 0.014063 0.022222
0 0.025521 0.352315 0.014583 0.026852
0 0.008073 0.700463 0.016146 0.026852
0 0.062500 0.272685 0.014583 0.025000
0 0.008594 0.635648 0.014063 0.025000
0 0.316406 0.146296 0.016146 0.024074
0 0.065104 0.082870 0.021875 0.060185
0 0.061719 0.583796 0.015104 0.021296
0 0.684115 0.062500 0.061979 0.026852
0 0.659115 0.089352 0.013021 0.021296
0 0.080469 0.727315 0.014063 0.023148
0 0.080469 0.636111 0.015104 0.025926
0 0.116667 0.636574 0.015625 0.025000
0 0.044010 0.636111 0.015104 0.025926
0 0.478385 0.146759 0.015104 0.021296
0 0.026042 0.727315 0.015625 0.021296
0 0.044010 0.325463 0.014063 0.025000
0 0.062500 0.610648 0.014583 0.021296
0 0.044010 0.662500 0.014063 0.028704
0 0.098437 0.247685 0.012500 0.025000
0 0.118229 0.300463 0.017708 0.025000
0 0.044271 0.298611 0.014583 0.025000
0 0.044010 0.273148 0.015104 0.024074
0 0.044531 0.727315 0.015104 0.021296
0 0.088542 0.082407 0.023958 0.061111
0 0.040885 0.083333 0.021354 0.061111
0 0.062500 0.662500 0.015625 0.028704
0 0.097396 0.147222 0.017708 0.025926
0 0.099479 0.300000 0.013542 0.024074
0 0.408333 0.976389 0.116667 0.034259
0 0.098958 0.609722 0.015625 0.025000
0 0.132812 0.147685 0.014583 0.025000
0 0.098958 0.636111 0.015625 0.025926
0 0.007552 0.194907 0.015104 0.025000
0 0.117188 0.584722 0.015625 0.021296
0 0.008333 0.298148 0.015625 0.027778
0 0.079948 0.194907 0.013021 0.023148
0 0.152083 0.146296 0.019792 0.024074
0 0.988802 0.145833 0.019271 0.023148
0 0.025521 0.636111 0.016667 0.024074
0 0.116406 0.609722 0.015104 0.023148
0 0.008333 0.273148 0.014583 0.024074
0 0.025260 0.222222 0.015104 0.024074
0 0.638542 0.980093 0.015625 0.026852
0 0.661198 0.980093 0.017188 0.026852
0 0.207813 0.145370 0.014583 0.025926
0 0.008073 0.610185 0.016146 0.022222
