0 0.933021 0.976991 0.013125 0.026204
0 0.110948 0.090481 0.016146 0.027778
0 0.925284 0.708398 0.149432 0.017778
0 0.925224 0.690685 0.149552 0.017778
0 0.925036 0.672519 0.149927 0.017778
0 0.925036 0.655241 0.149927 0.017778
0 0.835068 0.716162 0.008719 0.035880
0 0.838495 0.680278 0.016573 0.019056
0 0.837995 0.659347 0.013333 0.020602
0 0.848773 0.620588 0.034141 0.013509
0 0.914508 0.602028 0.168089 0.017778
0 0.915008 0.584241 0.168089 0.017778
0 0.914435 0.566556 0.168089 0.017778
0 0.914435 0.549356 0.168089 0.017769
0 0.914771 0.532750 0.168083 0.017778
0 0.914602 0.514667 0.168089 0.017778
0 0.914602 0.496574 0.168089 0.017778
0 0.919372 0.463759 0.161255 0.017778
0 0.919435 0.445370 0.161130 0.017778
0 0.919310 0.427435 0.161380 0.017778
0 0.919435 0.409269 0.161130 0.017778
0 0.919747 0.390667 0.160505 0.017778
0 0.919865 0.337185 0.160271 0.017778
0 0.914643 0.303259 0.168089 0.017778
0 0.914451 0.285074 0.168089 0.017778
0 0.914258 0.267574 0.168089 0.017778
0 0.914557 0.250093 0.168083 0.017778
0 0.070161 0.925690 0.139771 0.011861
0 0.805214 0.091074 0.014479 0.022444
0 0.772156 0.089856 0.015281 0.022306
0 0.215320 0.032787 0.020557 0.018833
0 0.185940 0.032634 0.029151 0.019491
0 0.161833 0.034069 0.015823 0.019713
0 0.140904 0.033296 0.017068 0.015500
0 0.119352 0.032417 0.014891 0.017204
0 0.097201 0.032995 0.022151 0.016713
0 0.070490 0.034481 0.022708 0.022667
0 0.046154 0.032255 0.015911 0.016213
0 0.070411 0.831213 0.140823 0.026852
0 0.355396 0.062042 0.143271 0.026306
0 0.272786 0.064815 0.020573 0.025926
0 0.189492 0.063278 0.134870 0.023963
0 0.356021 0.089125 0.144104 0.025269
0 0.932604 0.033796 0.020417 0.025000
0 0.805703 0.064907 0.016615 0.020556
0 0.520130 0.061833 0.138021 0.026852
0 0.190297 0.088972 0.135240 0.024833
0 0.821276 0.091347 0.013542 0.024528
0 0.884458 0.080444 0.023958 0.054630
0 0.442797 0.061269 0.015104 0.024074
0 0.858839 0.078611 0.026562 0.050926
0 0.772396 0.065231 0.016667 0.021204
0 0.953906 0.077685 0.021354 0.053519
0 0.788479 0.090741 0.016146 0.020741
0 0.272839 0.089815 0.020677 0.024074
0 0.512503 0.088630 0.155526 0.027778
0 0.110937 0.061880 0.018750 0.021296
0 0.919047 0.062806 0.036979 0.025000
0 0.643604 0.063074 0.019792 0.023148
0 0.732219 0.061815 0.035417 0.025926
0 0.180031 0.862157 0.042552 0.075000
0 0.964680 0.171759 0.009568 0.015741
0 0.914375 0.917593 0.171250 0.024074
0 0.070052 0.859787 0.140104 0.026852
0 0.027742 0.033417 0.013786 0.018519
0 0.849661 0.637037 0.022240 0.014815
0 0.910521 0.088769 0.017708 0.023944
0 0.962703 0.009630 0.013542 0.019259
0 0.167292 0.172685 0.048125 0.019444
0 0.837526 0.064074 0.016719 0.022593
0 0.928385 0.088907 0.017188 0.024222
0 0.821615 0.064444 0.013021 0.019630
0 0.195333 0.213222 0.087500 0.018519
0 0.975021 0.171935 0.008854 0.014815
0 0.788802 0.063796 0.015104 0.018333
0 0.946036 0.976648 0.013542 0.025000
0 0.009880 0.033019 0.015104 0.020370
0 0.975284 0.977426 0.036099 0.027444
0 0.298438 0.146296 0.015625 0.025926
0 0.062240 0.636111 0.016146 0.025926
0 0.025521 0.258333 0.015625 0.044444
0 0.919010 0.976852 0.013021 0.025926
0 0.399922 0.144907 0.139740 0.025000
0 0.851302 0.320833 0.042188 0.015741
0 0.237240 0.033333 0.017188 0.020370
0 0.899740 0.976852 0.020313 0.025926
0 0.939323 0.008333 0.010937 0.016667
0 0.847656 0.373148 0.035937 0.016667
0 0.124740 0.172685 0.008854 0.017593
0 0.134635 0.172222 0.009896 0.020370
0 0.134896 0.560648 0.007292 0.015741
0 0.124479 0.560648 0.007292 0.017593
0 0.060677 0.146296 0.016146 0.025926
0 0.197396 0.173611 0.008333 0.019444
0 0.026042 0.145370 0.050000 0.027778
0 0.124740 0.756481 0.007812 0.016667
0 0.818750 0.174074 0.013542 0.022222
0 0.984375 0.171296 0.009375 0.016667
0 0.114844 0.173611 0.010937 0.017593
0 0.025781 0.609259 0.017188 0.020370
0 0.863021 0.978241 0.014583 0.028704
0 0.070312 0.904630 0.140625 0.025926
0 0.879427 0.977315 0.016146 0.026852
0 0.115365 0.756481 0.006771 0.016667
0 0.024479 0.195370 0.013542 0.025926
0 0.190104 0.145833 0.017708 0.026852
0 0.105990 0.756481 0.009896 0.018519
0 0.078646 0.146759 0.014583 0.025000
0 0.338281 0.978241 0.020313 0.026852
0 0.608594 0.076852 0.034896 0.055556
0 0.115104 0.561111 0.009375 0.018519
0 0.994792 0.172222 0.009375 0.016667
0 0.098958 0.584722 0.016667 0.021296
0 0.042969 0.194907 0.017188 0.025000
0 0.642188 0.088889 0.015625 0.025926
0 0.881250 0.199537 0.032292 0.028704
0 0.134896 0.756944 0.007292 0.017593
0 0.116406 0.194907 0.010937 0.023148
0 0.080469 0.662500 0.013021 0.028704
0 0.080469 0.584259 0.015104 0.020370
0 0.062500 0.195370 0.013542 0.024074
0 0.116927 0.221759 0.013021 0.023148
0 0.099219 0.221296 0.014063 0.022222
0 0.170833 0.145833 0.017708 0.025000
0 0.008073 0.610185 0.016146 0.022222
0 0.008333 0.584259 0.016667 0.025926
0 0.917708 0.200463 0.036458 0.025000
0 0.661458 0.980093 0.017708 0.026852
0 0.638542 0.980093 0.015625 0.026852
0 0.207813 0.145370 0.014583 0.025926
0 0.988802 0.145833 0.019271 0.023148
0 0.025260 0.222222 0.015104 0.024074
0 0.152083 0.146296 0.019792 0.024074
0 0.116406 0.609722 0.015104 0.023148
0 0.079948 0.194907 0.013021 0.023148
0 0.008333 0.273148 0.014583 0.024074
0 0.008333 0.298148 0.015625 0.027778
0 0.117188 0.584722 0.015625 0.021296
0 0.007552 0.194907 0.015104 0.025000
0 0.026042 0.727315 0.015625 0.021296
0 0.098958 0.609722 0.015625 0.025000
0 0.116667 0.636574 0.015625 0.025000
0 0.098958 0.636111 0.015625 0.025926
0 0.132812 0.147685 0.014583 0.025000
0 0.097396 0.147222 0.017708 0.025926
0 0.316406 0.146296 0.016146 0.024074
0 0.659115 0.089352 0.013021 0.021296
0 0.061719 0.583796 0.015104 0.021296
0 0.080469 0.221759 0.013021 0.023148
0 0.008073 0.700463 0.016146 0.026852
0 0.025521 0.352315 0.014583 0.025000
0 0.025781 0.584259 0.016146 0.024074
0 0.044010 0.222222 0.013021 0.022222
0 0.615885 0.980093 0.020313 0.030556
0 0.676562 0.088426 0.012500 0.021296
0 0.098437 0.247685 0.012500 0.025000
0 0.044010 0.273148 0.015104 0.024074
0 0.044531 0.727315 0.015104 0.021296
0 0.080469 0.272685 0.015104 0.025000
0 0.062500 0.610648 0.014583 0.021296
0 0.684115 0.062500 0.061979 0.026852
0 0.044271 0.298611 0.014583 0.025000
0 0.040885 0.082870 0.021354 0.062037
0 0.099479 0.300000 0.013542 0.024074
0 0.062500 0.662500 0.015625 0.028704
0 0.025781 0.325463 0.015104 0.023148
0 0.025781 0.662963 0.014063 0.029630
0 0.080729 0.299074 0.014583 0.024074
0 0.025521 0.636111 0.016667 0.024074
0 0.043750 0.247685 0.013542 0.023148
0 0.044271 0.700926 0.014583 0.025926
0 0.983073 0.081481 0.025521 0.062963
0 0.080469 0.610185 0.015104 0.022222
0 0.245573 0.145833 0.014063 0.026852
0 0.063281 0.247222 0.015104 0.024074
0 0.008594 0.221759 0.014063 0.025000
0 0.080729 0.247222 0.014583 0.024074
0 0.007812 0.247222 0.013542 0.024074
0 0.025000 0.248148 0.015625 0.024074
0 0.280469 0.146296 0.018229 0.025926
0 0.099219 0.701389 0.014063 0.023148
0 0.063281 0.700463 0.017188 0.025000
0 0.044010 0.610648 0.015104 0.023148
0 0.008073 0.663426 0.016146 0.030556
0 0.116927 0.273611 0.014063 0.023148
0 0.523958 0.977778 0.017708 0.025926
0 0.062240 0.325463 0.013021 0.025000
0 0.063021 0.727315 0.015625 0.021296
0 0.570052 0.978704 0.018229 0.027778
0 0.065104 0.082870 0.021875 0.060185
0 0.988281 0.010648 0.014063 0.021296
0 0.080729 0.700926 0.012500 0.024074
0 0.080469 0.325926 0.015104 0.025926
0 0.080469 0.727315 0.014063 0.023148
0 0.973698 0.033333 0.050521 0.025926
0 0.025781 0.299537 0.014063 0.025000
0 0.044271 0.352778 0.015625 0.025926
0 0.062500 0.272685 0.014583 0.025000
0 0.080469 0.636111 0.015104 0.025926
0 0.946354 0.146296 0.013542 0.022222
0 0.117448 0.248148 0.014063 0.025926
0 0.546615 0.977778 0.017188 0.025926
0 0.062500 0.299074 0.013542 0.024074
0 0.408333 0.976389 0.116667 0.034259
0 0.043750 0.583796 0.015625 0.023148
0 0.747656 0.088889 0.014063 0.022222
0 0.070573 0.804630 0.141146 0.027778
0 0.118229 0.300463 0.017708 0.025000
0 0.263021 0.146759 0.014583 0.026852
0 0.694792 0.089352 0.014583 0.021296
0 0.729948 0.088889 0.015104 0.024074
0 0.592708 0.979630 0.018750 0.031481
0 0.711979 0.088889 0.013542 0.022222
0 0.044010 0.636111 0.015104 0.025926
0 0.846875 0.199537 0.035417 0.028704
0 0.117969 0.326389 0.017188 0.023148
0 0.098698 0.273611 0.013021 0.025000
0 0.088542 0.082407 0.023958 0.061111
0 0.227344 0.146296 0.019271 0.025926
0 0.909896 0.034259 0.013542 0.025926
0 0.501042 0.977315 0.017708 0.025000
0 0.026042 0.273148 0.015625 0.025926
0 0.044010 0.325463 0.014063 0.025000
0 0.478385 0.146759 0.015104 0.021296
0 0.007812 0.325000 0.015625 0.024074
0 0.062500 0.221759 0.013542 0.023148
0 0.967708 0.146296 0.019792 0.022222
0 0.098698 0.325463 0.013021 0.025000
0 0.026042 0.700463 0.014583 0.026852
0 0.894271 0.034259 0.013542 0.022222
0 0.008333 0.727778 0.016667 0.020370
0 0.044010 0.662500 0.014063 0.028704
0 0.477604 0.977778 0.017708 0.027778
0 0.100000 0.194907 0.018750 0.025000
0 0.117188 0.701389 0.014583 0.023148
0 0.008073 0.351852 0.015104 0.024074
0 0.114844 0.147685 0.014063 0.025000
0 0.016667 0.081944 0.026042 0.062037
0 0.008594 0.635648 0.014063 0.025000
