0 0.114844 0.173611 0.010937 0.017593
0 0.984375 0.171296 0.009375 0.016667
0 0.124740 0.756481 0.007812 0.016667
0 0.044271 0.353241 0.015625 0.026852
0 0.025781 0.299537 0.014063 0.025000
0 0.441927 0.064815 0.015104 0.024074
0 0.818750 0.174537 0.013542 0.021296
0 0.512760 0.977315 0.017188 0.025000
0 0.026042 0.145370 0.050000 0.027778
0 0.080729 0.700926 0.012500 0.024074
0 0.946354 0.146759 0.013542 0.023148
0 0.197396 0.173148 0.008333 0.020370
0 0.060677 0.146296 0.016146 0.025926
0 0.124479 0.560648 0.007292 0.017593
0 0.135156 0.560185 0.007812 0.016667
0 0.134635 0.172222 0.009896 0.020370
0 0.063021 0.727315 0.015625 0.021296
0 0.988281 0.010648 0.014063 0.021296
0 0.189583 0.212500 0.077083 0.019444
0 0.558594 0.978241 0.019271 0.028704
0 0.062240 0.325463 0.013021 0.025000
0 0.080469 0.325926 0.015104 0.025926
0 0.063281 0.700463 0.017188 0.025000
0 0.044010 0.610648 0.015104 0.023148
0 0.099219 0.701389 0.014063 0.023148
0 0.883333 0.082870 0.023958 0.054630
0 0.008073 0.663426 0.016146 0.030556
0 0.280469 0.146296 0.018229 0.025926
0 0.025000 0.248148 0.015625 0.024074
0 0.974219 0.172222 0.008854 0.014815
0 0.124740 0.172685 0.008854 0.017593
0 0.245573 0.145833 0.015104 0.026852
0 0.007812 0.247222 0.013542 0.024074
0 0.847656 0.373148 0.035937 0.016667
0 0.080729 0.247222 0.014583 0.024074
0 0.008594 0.221759 0.014063 0.025000
0 0.063281 0.247222 0.015104 0.024074
0 0.939323 0.008333 0.010937 0.016667
0 0.080469 0.610648 0.015104 0.023148
0 0.983073 0.081481 0.025521 0.062963
0 0.044271 0.700926 0.014583 0.025926
0 0.043750 0.247685 0.013542 0.023148
0 0.944792 0.976852 0.013542 0.025926
0 0.025521 0.636111 0.016667 0.024074
0 0.899740 0.977315 0.021354 0.026852
0 0.025781 0.325463 0.015104 0.023148
0 0.080729 0.299074 0.014583 0.024074
0 0.236979 0.032870 0.016667 0.021296
0 0.025781 0.662963 0.014063 0.029630
0 0.805990 0.077778 0.017188 0.046296
0 0.062500 0.662500 0.015625 0.028704
0 0.099479 0.300000 0.013542 0.024074
0 0.044271 0.298611 0.014583 0.025000
0 0.098437 0.247685 0.012500 0.025000
0 0.040885 0.082870 0.021354 0.062037
0 0.044531 0.727315 0.015104 0.021296
0 0.044010 0.273148 0.015104 0.024074
0 0.062500 0.610648 0.014583 0.021296
0 0.044271 0.662500 0.014583 0.028704
0 0.118229 0.300463 0.017708 0.025000
0 0.044010 0.636111 0.015104 0.025926
0 0.044010 0.325463 0.014063 0.025000
0 0.478385 0.146759 0.015104 0.021296
0 0.396875 0.975926 0.117708 0.035185
0 0.088542 0.082407 0.023958 0.061111
0 0.080469 0.636111 0.015104 0.025926
0 0.080469 0.727315 0.014063 0.023148
0 0.062500 0.272685 0.014583 0.025000
0 0.116927 0.274074 0.014063 0.022222
0 0.065104 0.082870 0.021875 0.060185
0 0.062240 0.636111 0.016146 0.025926
0 0.080469 0.272685 0.015104 0.025000
0 0.016667 0.081944 0.026042 0.062037
0 0.098698 0.273611 0.013021 0.025000
0 0.070573 0.831019 0.141146 0.026852
0 0.070573 0.804630 0.141146 0.027778
0 0.167109 0.172222 0.047760 0.020370
0 0.026042 0.727315 0.015625 0.021296
0 0.098958 0.636111 0.015625 0.025926
0 0.111198 0.089815 0.016146 0.027778
0 0.097396 0.147222 0.017708 0.025926
0 0.132812 0.147685 0.014583 0.025000
0 0.327083 0.978241 0.020833 0.025000
0 0.007552 0.194907 0.015104 0.025000
0 0.627083 0.980556 0.016667 0.027778
0 0.008333 0.298148 0.015625 0.027778
0 0.316667 0.146296 0.016667 0.024074
0 0.117188 0.584722 0.015625 0.021296
0 0.079948 0.194907 0.013021 0.023148
0 0.098958 0.609722 0.015625 0.025000
0 0.008333 0.273148 0.014583 0.024074
0 0.465885 0.977778 0.017188 0.027778
0 0.116667 0.636574 0.015625 0.025000
0 0.116406 0.609722 0.015104 0.023148
0 0.061719 0.583796 0.015104 0.021296
0 0.080469 0.221759 0.013021 0.023148
0 0.152083 0.146296 0.019792 0.024074
0 0.988802 0.145833 0.019271 0.023148
0 0.025260 0.222222 0.015104 0.024074
0 0.207813 0.145370 0.015625 0.025926
0 0.879948 0.976852 0.014063 0.027778
0 0.917708 0.200463 0.036458 0.025000
0 0.025781 0.584259 0.016146 0.024074
0 0.098958 0.221296 0.014583 0.022222
0 0.170833 0.145833 0.017708 0.025000
0 0.025521 0.352315 0.014583 0.026852
0 0.846615 0.977778 0.014063 0.025926
0 0.650260 0.980556 0.017188 0.029630
0 0.008333 0.584259 0.016667 0.025926
0 0.008073 0.700463 0.016146 0.026852
0 0.441927 0.088426 0.016146 0.025000
0 0.672917 0.981019 0.016667 0.028704
0 0.008073 0.609722 0.016146 0.023148
0 0.044010 0.222222 0.013021 0.022222
0 0.114844 0.147685 0.014063 0.025000
0 0.116927 0.221759 0.013021 0.023148
0 0.080469 0.662500 0.013021 0.028704
0 0.080469 0.584722 0.015104 0.021296
0 0.008594 0.635648 0.014063 0.025000
0 0.062500 0.195370 0.013542 0.024074
0 0.676562 0.088426 0.012500 0.021296
0 0.117188 0.701389 0.014583 0.023148
0 0.298438 0.146296 0.015625 0.025926
0 0.008073 0.352315 0.015104 0.025000
0 0.489844 0.976852 0.018229 0.024074
0 0.116406 0.194907 0.010937 0.023148
0 0.008333 0.727778 0.016667 0.020370
0 0.642188 0.088889 0.015625 0.025926
0 0.534896 0.977778 0.017708 0.025926
0 0.026042 0.700463 0.014583 0.026852
0 0.134896 0.756944 0.007292 0.017593
0 0.608594 0.076852 0.034896 0.055556
0 0.994792 0.172222 0.009375 0.016667
0 0.894271 0.034259 0.013542 0.022222
0 0.098958 0.585185 0.016667 0.022222
0 0.846875 0.199537 0.035417 0.028704
0 0.863021 0.976852 0.015625 0.027778
0 0.098698 0.325463 0.013021 0.025000
0 0.115104 0.561111 0.009375 0.018519
0 0.026042 0.273148 0.015625 0.025926
0 0.881250 0.199537 0.032292 0.028704
0 0.062500 0.221759 0.013542 0.023148
0 0.967708 0.146296 0.019792 0.022222
0 0.078646 0.146759 0.014583 0.025000
0 0.007812 0.325463 0.015625 0.023148
0 0.190104 0.145833 0.017708 0.026852
0 0.105990 0.756481 0.009896 0.018519
0 0.115365 0.756481 0.006771 0.016667
0 0.227344 0.146296 0.019271 0.025926
0 0.070312 0.904630 0.140625 0.025926
0 0.604167 0.979630 0.020833 0.031481
0 0.263021 0.146759 0.014583 0.026852
0 0.117969 0.326389 0.017188 0.023148
0 0.117448 0.248148 0.014063 0.025926
0 0.043750 0.583796 0.015625 0.023148
0 0.694792 0.089352 0.014583 0.021296
0 0.070052 0.857870 0.140104 0.026852
0 0.025781 0.609259 0.017188 0.020370
0 0.062500 0.299074 0.013542 0.024074
0 0.909896 0.034259 0.013542 0.025926
0 0.729948 0.088889 0.015104 0.024074
0 0.711979 0.088889 0.013542 0.022222
0 0.973698 0.033333 0.050521 0.025926
0 0.747656 0.088889 0.014063 0.022222
0 0.580729 0.979167 0.018750 0.030556
0 0.871797 0.637037 0.066510 0.014815
0 0.909750 0.089759 0.017708 0.027778
0 0.962958 0.009630 0.013542 0.019259
0 0.837474 0.064769 0.016719 0.023981
0 0.928385 0.090648 0.017188 0.030556
0 0.140883 0.033093 0.018255 0.016130
0 0.119878 0.033384 0.015339 0.015546
0 0.097953 0.032903 0.022896 0.018824
0 0.161133 0.033560 0.014495 0.016880
0 0.070198 0.032806 0.022677 0.022463
0 0.046492 0.033384 0.015443 0.017083
0 0.356258 0.063176 0.143214 0.026352
0 0.684320 0.063468 0.059797 0.024157
0 0.272458 0.063685 0.022344 0.025000
0 0.931492 0.975940 0.008995 0.021546
0 0.925836 0.707060 0.148328 0.016880
0 0.926049 0.689782 0.147901 0.016880
0 0.926049 0.672505 0.147901 0.016880
0 0.925781 0.655032 0.148438 0.016880
0 0.839492 0.716273 0.017818 0.031102
0 0.838466 0.681227 0.015766 0.020546
0 0.838195 0.659648 0.010911 0.019204
0 0.847589 0.619792 0.035844 0.014769
0 0.914539 0.601403 0.168859 0.016880
0 0.914831 0.583412 0.168859 0.016880
0 0.914831 0.566449 0.168859 0.016880
0 0.914831 0.548968 0.168859 0.016880
0 0.915263 0.532005 0.168859 0.016880
0 0.914831 0.513755 0.168859 0.016880
0 0.915263 0.496019 0.168859 0.016889
0 0.919630 0.461528 0.160740 0.016889
0 0.919630 0.444630 0.160740 0.016889
0 0.919737 0.426199 0.160526 0.016880
0 0.919846 0.408532 0.160307 0.016880
0 0.920063 0.391060 0.159875 0.016880
0 0.918365 0.338190 0.163271 0.016880
0 0.851393 0.320403 0.040932 0.014398
0 0.914445 0.302981 0.168859 0.016889
0 0.070318 0.925412 0.139469 0.013731
0 0.821682 0.066477 0.013021 0.024991
0 0.788802 0.065417 0.015104 0.021574
0 0.919672 0.976685 0.013052 0.028556
0 0.027854 0.032454 0.015104 0.020370
0 0.976875 0.977370 0.037396 0.028444
0 0.914865 0.285690 0.168865 0.016880
0 0.189323 0.064519 0.134271 0.022370
0 0.932865 0.033796 0.020938 0.025000
0 0.518768 0.062810 0.134859 0.022657
0 0.357299 0.088074 0.145266 0.026815
0 0.190318 0.088639 0.135510 0.025500
0 0.821354 0.091056 0.013542 0.021778
0 0.272422 0.089815 0.020990 0.024074
0 0.858828 0.081944 0.025052 0.050926
0 0.772396 0.065926 0.016667 0.022593
0 0.185747 0.033560 0.023995 0.017769
0 0.215115 0.033560 0.022990 0.018213
0 0.771151 0.088949 0.015229 0.022083
0 0.915070 0.250130 0.168859 0.016889
0 0.914638 0.267792 0.168859 0.016880
0 0.953906 0.077361 0.021354 0.052870
0 0.787828 0.089491 0.016146 0.022870
0 0.517909 0.088574 0.135224 0.026556
0 0.099833 0.196074 0.019271 0.025000
0 0.399141 0.144907 0.141302 0.025000
0 0.659656 0.088583 0.013021 0.021296
0 0.111432 0.062963 0.019740 0.022222
0 0.919516 0.062759 0.036979 0.025000
0 0.731792 0.062963 0.035417 0.025926
0 0.643750 0.062046 0.019792 0.023148
0 0.044464 0.194907 0.017188 0.025000
0 0.964987 0.172389 0.008099 0.016667
0 0.179781 0.865565 0.044167 0.072685
0 0.027005 0.195370 0.018594 0.025926
0 0.010245 0.030954 0.016385 0.018519
0 0.914896 0.917130 0.170208 0.023148
