0 0.027411 0.196194 0.017010 0.025926
0 0.179177 0.867972 0.044479 0.076111
0 0.964576 0.172028 0.008734 0.016667
0 0.043865 0.194741 0.013937 0.025000
0 0.919646 0.064194 0.036979 0.025000
0 0.111953 0.062963 0.020781 0.022222
0 0.398516 0.144907 0.142552 0.025000
0 0.510391 0.088426 0.153073 0.025000
0 0.099740 0.195833 0.019271 0.026852
0 0.789177 0.089440 0.016146 0.022972
0 0.772135 0.065231 0.017188 0.021204
0 0.355193 0.063694 0.143573 0.025722
0 0.932865 0.033796 0.020938 0.025000
0 0.189828 0.064306 0.134406 0.023241
0 0.805990 0.064769 0.017188 0.020278
0 0.517995 0.064306 0.135990 0.023241
0 0.355245 0.090227 0.145760 0.025639
0 0.189857 0.088755 0.135911 0.025454
0 0.821354 0.064815 0.013542 0.020370
0 0.884458 0.081944 0.023958 0.054630
0 0.858948 0.080167 0.026562 0.050926
0 0.187536 0.032181 0.028740 0.019546
0 0.160919 0.032403 0.015745 0.020435
0 0.140487 0.031847 0.019120 0.021102
0 0.120370 0.031736 0.014875 0.019546
0 0.097385 0.031315 0.021000 0.020241
0 0.070727 0.034551 0.023339 0.020750
0 0.046698 0.032644 0.016896 0.019250
0 0.838086 0.658824 0.012120 0.020889
0 0.848120 0.619755 0.036240 0.012324
0 0.915737 0.601319 0.168526 0.016880
0 0.915401 0.583773 0.168865 0.016880
0 0.914732 0.566523 0.168859 0.016880
0 0.914732 0.548681 0.168859 0.016880
0 0.915807 0.530468 0.168385 0.016880
0 0.915891 0.512625 0.168219 0.016880
0 0.915807 0.495375 0.168385 0.016880
0 0.920167 0.461250 0.159667 0.016889
0 0.919917 0.443407 0.160167 0.016889
0 0.919750 0.425856 0.160500 0.016880
0 0.920419 0.408611 0.159161 0.016889
0 0.920419 0.391361 0.159161 0.016889
0 0.920276 0.336176 0.159448 0.016889
0 0.913893 0.303736 0.168859 0.016880
0 0.839211 0.715583 0.019620 0.032204
0 0.925831 0.654690 0.148339 0.016880
0 0.925724 0.672352 0.148552 0.016889
0 0.925508 0.690208 0.148984 0.016880
0 0.925617 0.709218 0.148766 0.016880
0 0.932466 0.976630 0.010266 0.023907
0 0.771159 0.089231 0.015495 0.022444
0 0.806086 0.090005 0.015620 0.025769
0 0.821206 0.089454 0.011370 0.024222
0 0.838898 0.682486 0.017495 0.024213
0 0.788542 0.064537 0.015625 0.019815
0 0.945469 0.976389 0.012188 0.028704
0 0.070802 0.926190 0.140687 0.011880
0 0.837500 0.067000 0.016667 0.031481
0 0.919732 0.977435 0.013766 0.023519
0 0.976466 0.976838 0.039880 0.029046
0 0.851534 0.319685 0.043286 0.014093
0 0.027401 0.032417 0.015104 0.020370
0 0.914279 0.285500 0.168859 0.016889
0 0.913698 0.267954 0.168865 0.016889
0 0.913117 0.250403 0.168859 0.016880
0 0.215464 0.032958 0.019365 0.023324
0 0.928672 0.092944 0.017188 0.031481
0 0.166458 0.172222 0.046458 0.020370
0 0.910620 0.091815 0.017708 0.027778
0 0.914427 0.917593 0.171146 0.022222
0 0.874010 0.637500 0.070938 0.015741
0 0.009221 0.031778 0.013120 0.018519
0 0.070812 0.906417 0.140625 0.025926
0 0.080729 0.299074 0.014583 0.024074
0 0.237240 0.032870 0.017188 0.021296
0 0.899479 0.977315 0.021875 0.026852
0 0.939323 0.008333 0.010937 0.016667
0 0.847656 0.373148 0.035937 0.016667
0 0.124740 0.172685 0.008854 0.017593
0 0.974219 0.172222 0.008854 0.014815
0 0.189583 0.212500 0.077083 0.019444
0 0.134635 0.172222 0.009896 0.020370
0 0.135156 0.560185 0.007812 0.016667
0 0.124479 0.560648 0.007292 0.017593
0 0.060677 0.146296 0.016146 0.025926
0 0.197396 0.173148 0.008333 0.020370
0 0.961458 0.010185 0.014583 0.020370
0 0.026042 0.145370 0.050000 0.027778
0 0.124740 0.756481 0.007812 0.016667
0 0.818750 0.174537 0.013542 0.021296
0 0.984375 0.171296 0.009375 0.016667
0 0.114844 0.173611 0.010937 0.017593
0 0.025781 0.609259 0.017188 0.020370
0 0.070052 0.857870 0.140104 0.026852
0 0.115365 0.756481 0.006771 0.016667
0 0.105990 0.756481 0.009896 0.018519
0 0.190104 0.145833 0.017708 0.026852
0 0.078646 0.146759 0.014583 0.025000
0 0.115104 0.561111 0.009375 0.018519
0 0.098958 0.585185 0.016667 0.022222
0 0.881250 0.199537 0.032292 0.028704
0 0.863021 0.977315 0.015625 0.026852
0 0.994792 0.172222 0.009375 0.016667
0 0.134896 0.756944 0.007292 0.017593
0 0.080469 0.662500 0.013021 0.028704
0 0.642188 0.087963 0.015625 0.027778
0 0.062500 0.195370 0.013542 0.024074
0 0.116406 0.194907 0.010937 0.023148
0 0.731250 0.062963 0.035417 0.025926
0 0.643750 0.064352 0.019792 0.023148
0 0.608594 0.076852 0.034896 0.055556
0 0.080469 0.584722 0.015104 0.021296
0 0.116927 0.221759 0.013021 0.023148
0 0.846354 0.977778 0.014583 0.025926
0 0.008333 0.584259 0.016667 0.025926
0 0.008073 0.609722 0.016146 0.023148
0 0.170833 0.145833 0.017708 0.025000
0 0.098958 0.221296 0.014583 0.022222
0 0.879948 0.977315 0.014063 0.026852
0 0.917708 0.200463 0.036458 0.025000
0 0.207813 0.145370 0.015625 0.025926
0 0.116406 0.609722 0.015104 0.023148
0 0.025260 0.222222 0.015104 0.024074
0 0.988802 0.145833 0.019271 0.023148
0 0.152083 0.146296 0.019792 0.024074
0 0.079948 0.194907 0.013021 0.023148
0 0.008333 0.273148 0.014583 0.024074
0 0.098958 0.636111 0.015625 0.025926
0 0.117188 0.584722 0.015625 0.021296
0 0.008333 0.298148 0.015625 0.027778
0 0.007552 0.194907 0.015104 0.025000
0 0.627083 0.980556 0.016667 0.027778
0 0.132812 0.147685 0.014583 0.025000
0 0.098958 0.609722 0.015625 0.025000
0 0.659115 0.089352 0.013021 0.021296
0 0.026042 0.727315 0.015625 0.021296
0 0.097396 0.147222 0.017708 0.025926
0 0.111198 0.089815 0.016146 0.027778
0 0.327083 0.978241 0.020833 0.025000
0 0.316667 0.146296 0.016667 0.024074
0 0.061719 0.583796 0.015104 0.021296
0 0.465885 0.977315 0.017188 0.026852
0 0.116667 0.637037 0.015625 0.024074
0 0.026042 0.584259 0.016667 0.024074
0 0.080469 0.221759 0.013021 0.023148
0 0.608594 0.087500 0.034896 0.032407
0 0.025521 0.352315 0.014583 0.026852
0 0.008333 0.700463 0.016667 0.026852
0 0.650260 0.980556 0.017188 0.029630
0 0.044010 0.222222 0.013021 0.022222
0 0.008594 0.635648 0.014063 0.025000
0 0.672917 0.981019 0.016667 0.028704
0 0.114844 0.147685 0.014063 0.025000
0 0.676562 0.088426 0.012500 0.021296
0 0.117188 0.701389 0.014583 0.023148
0 0.008073 0.352315 0.015104 0.025000
0 0.298698 0.146296 0.015104 0.025926
0 0.098698 0.325463 0.013021 0.025000
0 0.026042 0.700463 0.014583 0.026852
0 0.894271 0.034259 0.013542 0.022222
0 0.008333 0.727778 0.016667 0.020370
0 0.026042 0.273148 0.015625 0.025926
0 0.489844 0.976852 0.018229 0.024074
0 0.954167 0.084259 0.021875 0.066667
0 0.007812 0.325463 0.015625 0.023148
0 0.846875 0.199537 0.035417 0.028704
0 0.227344 0.146296 0.019271 0.025926
0 0.967708 0.145833 0.019792 0.023148
0 0.062500 0.221759 0.013542 0.023148
0 0.534896 0.977778 0.017708 0.025926
0 0.271354 0.089815 0.017708 0.024074
0 0.263021 0.146759 0.014583 0.026852
0 0.604167 0.979630 0.020833 0.031481
0 0.909896 0.034259 0.013542 0.025926
0 0.044271 0.353241 0.015625 0.026852
0 0.062500 0.299074 0.013542 0.024074
0 0.973698 0.033333 0.050521 0.025926
0 0.043750 0.583796 0.015625 0.023148
0 0.694792 0.089352 0.014583 0.021296
0 0.117969 0.326389 0.017188 0.023148
0 0.747396 0.088889 0.014583 0.022222
0 0.117448 0.248148 0.014063 0.025926
0 0.711979 0.088889 0.013542 0.022222
0 0.729948 0.088889 0.015104 0.024074
0 0.025781 0.299537 0.014063 0.025000
0 0.580729 0.979167 0.018750 0.030556
0 0.441927 0.064815 0.015104 0.024074
0 0.062240 0.325463 0.013021 0.025000
0 0.080469 0.325926 0.015104 0.025926
0 0.080729 0.700926 0.012500 0.024074
0 0.063021 0.727315 0.015625 0.021296
0 0.988281 0.010648 0.014063 0.021296
0 0.946354 0.146759 0.013542 0.023148
0 0.099219 0.701389 0.014063 0.023148
0 0.044010 0.610648 0.015104 0.023148
0 0.512760 0.977315 0.017188 0.025000
0 0.008073 0.663426 0.016146 0.030556
0 0.063281 0.700463 0.017188 0.025000
0 0.558594 0.978241 0.019271 0.028704
0 0.025000 0.248148 0.015625 0.024074
0 0.245573 0.145833 0.015104 0.026852
0 0.280469 0.146296 0.018229 0.025926
0 0.080729 0.247222 0.014583 0.024074
0 0.007812 0.247222 0.013542 0.024074
0 0.063021 0.247222 0.015625 0.024074
0 0.008594 0.221759 0.014063 0.025000
0 0.396615 0.975926 0.117188 0.035185
0 0.080469 0.610648 0.015104 0.023148
0 0.044271 0.700926 0.014583 0.025926
0 0.983073 0.081944 0.025521 0.063889
0 0.043750 0.247685 0.013542 0.023148
0 0.025521 0.636111 0.016667 0.024074
0 0.025781 0.325463 0.015104 0.023148
0 0.025781 0.662963 0.014063 0.029630
0 0.062500 0.662500 0.015625 0.028704
0 0.099479 0.300000 0.013542 0.024074
0 0.044531 0.727315 0.015104 0.021296
0 0.098437 0.247685 0.012500 0.025000
0 0.044010 0.273148 0.015104 0.024074
0 0.044271 0.298611 0.014583 0.025000
0 0.040885 0.082870 0.021354 0.062037
0 0.044010 0.662500 0.014063 0.028704
0 0.062500 0.610648 0.014583 0.021296
0 0.118229 0.300463 0.017708 0.025000
0 0.271615 0.064352 0.018229 0.025000
0 0.044010 0.636111 0.015104 0.025926
0 0.044010 0.325463 0.014063 0.025000
0 0.478385 0.146759 0.015104 0.021296
0 0.088542 0.082407 0.023958 0.061111
0 0.080469 0.636111 0.015104 0.025926
0 0.080469 0.727315 0.014063 0.023148
0 0.062500 0.272685 0.014583 0.025000
0 0.684115 0.062500 0.061979 0.026852
0 0.065104 0.082870 0.021875 0.060185
0 0.116927 0.274074 0.014063 0.022222
0 0.062240 0.636111 0.016146 0.025926
0 0.080469 0.272685 0.015104 0.025000
0 0.098698 0.273611 0.013021 0.025000
0 0.016667 0.081944 0.026042 0.062037
0 0.070573 0.831019 0.141146 0.026852
0 0.070573 0.804630 0.141146 0.027778
