0 0.953906 0.079259 0.021354 0.056667
0 0.398724 0.144907 0.142135 0.025000
0 0.772396 0.064491 0.016667 0.019722
0 0.821354 0.089144 0.013542 0.025046
0 0.805990 0.066296 0.017188 0.023333
0 0.355372 0.088750 0.146443 0.027500
0 0.933281 0.033796 0.021771 0.025000
0 0.190401 0.061907 0.137500 0.026852
0 0.354966 0.063292 0.144443 0.024731
0 0.099740 0.197222 0.019271 0.025000
0 0.919708 0.424435 0.160583 0.016889
0 0.166172 0.172222 0.045885 0.020370
0 0.929109 0.092898 0.017188 0.030556
0 0.821615 0.065324 0.013021 0.021389
0 0.070182 0.925815 0.140365 0.014852
0 0.788802 0.065417 0.015104 0.021574
0 0.845000 0.373148 0.031667 0.016667
0 0.027797 0.032620 0.015104 0.020370
0 0.838177 0.065509 0.015313 0.025463
0 0.931693 0.975454 0.010625 0.020444
0 0.944128 0.976787 0.012495 0.024000
0 0.974930 0.977898 0.040859 0.035981
0 0.848779 0.619421 0.034516 0.012269
0 0.839810 0.723792 0.017359 0.015269
0 0.839526 0.680315 0.013448 0.017926
0 0.837565 0.658171 0.013620 0.019398
0 0.926029 0.654657 0.147943 0.016889
0 0.925867 0.671866 0.148266 0.016880
0 0.925747 0.689079 0.148505 0.016880
0 0.925909 0.706144 0.148182 0.016880
0 0.914122 0.602602 0.168859 0.016889
0 0.914289 0.583269 0.168859 0.016889
0 0.914456 0.566616 0.168859 0.016880
0 0.914628 0.548671 0.168859 0.016880
0 0.915156 0.495000 0.168865 0.016889
0 0.914831 0.514366 0.168859 0.016880
0 0.914831 0.531250 0.168859 0.016889
0 0.919635 0.390505 0.160729 0.016880
0 0.919708 0.407986 0.160583 0.016880
0 0.919708 0.443458 0.160583 0.016880
0 0.919924 0.461449 0.160151 0.016880
0 0.919792 0.338750 0.160417 0.016889
0 0.913742 0.249583 0.168859 0.016889
0 0.914911 0.267426 0.168865 0.016889
0 0.914076 0.284676 0.168859 0.016889
0 0.915081 0.303116 0.168859 0.016880
0 0.805854 0.090046 0.015813 0.020944
0 0.771609 0.088611 0.015250 0.021222
0 0.046812 0.032509 0.016615 0.017759
0 0.070896 0.033505 0.024083 0.020083
0 0.097357 0.032755 0.022120 0.019250
0 0.119292 0.032676 0.015031 0.020407
0 0.140526 0.032755 0.018667 0.018917
0 0.161482 0.032921 0.015401 0.018583
0 0.187404 0.034037 0.026266 0.014870
0 0.214336 0.032111 0.021578 0.019926
0 0.911484 0.091815 0.017708 0.027778
0 0.872266 0.637037 0.067448 0.014815
0 0.010448 0.035065 0.014312 0.018519
0 0.914870 0.917593 0.170260 0.022222
0 0.027292 0.196657 0.019167 0.025926
0 0.964729 0.172519 0.008937 0.016667
0 0.180036 0.862713 0.046146 0.079907
0 0.044914 0.195167 0.015589 0.025000
0 0.643750 0.061972 0.019792 0.023148
0 0.111943 0.062667 0.018750 0.022222
0 0.509792 0.088426 0.151875 0.025000
0 0.788641 0.090736 0.016146 0.023157
0 0.263021 0.146759 0.014583 0.026852
0 0.478385 0.146759 0.015104 0.021296
0 0.271354 0.089815 0.017708 0.024074
0 0.909896 0.034259 0.013542 0.025926
0 0.062500 0.610648 0.014583 0.021296
0 0.604167 0.979630 0.020833 0.031481
0 0.973698 0.033333 0.050521 0.025926
0 0.117969 0.326389 0.017188 0.023148
0 0.043750 0.583796 0.015625 0.023148
0 0.063281 0.247222 0.015104 0.024074
0 0.694792 0.089352 0.014583 0.021296
0 0.044010 0.273148 0.015104 0.024074
0 0.063021 0.727315 0.015625 0.021296
0 0.729948 0.088889 0.015104 0.024074
0 0.008594 0.221759 0.014063 0.025000
0 0.062240 0.325463 0.013021 0.025000
0 0.189062 0.087963 0.137500 0.025926
0 0.080469 0.610648 0.015104 0.023148
0 0.117448 0.248148 0.014063 0.025926
0 0.396875 0.976389 0.117708 0.034259
0 0.080469 0.325926 0.015104 0.025926
0 0.080469 0.636111 0.015104 0.025926
0 0.062500 0.299074 0.013542 0.024074
0 0.711979 0.088889 0.013542 0.022222
0 0.558594 0.978241 0.019271 0.028704
0 0.983073 0.081481 0.025521 0.062963
0 0.044271 0.700926 0.014583 0.025926
0 0.080729 0.299074 0.014583 0.024074
0 0.040885 0.083333 0.021354 0.061111
0 0.747656 0.088889 0.014063 0.022222
0 0.280469 0.146296 0.018229 0.025926
0 0.044271 0.298611 0.014583 0.025000
0 0.044271 0.353241 0.015625 0.026852
0 0.044010 0.610648 0.015104 0.023148
0 0.088542 0.082407 0.023958 0.061111
0 0.063281 0.700463 0.017188 0.025000
0 0.152083 0.146296 0.019792 0.024074
0 0.918490 0.063426 0.036979 0.025000
0 0.008333 0.273148 0.014583 0.024074
0 0.988802 0.145833 0.019271 0.023148
0 0.025260 0.222222 0.015104 0.024074
0 0.079948 0.194907 0.013021 0.023148
0 0.116406 0.609722 0.015104 0.023148
0 0.879948 0.977315 0.014063 0.026852
0 0.207813 0.145370 0.015625 0.025926
0 0.917708 0.200463 0.036458 0.025000
0 0.008333 0.584259 0.016667 0.025926
0 0.099219 0.221296 0.014063 0.022222
0 0.170833 0.145833 0.017708 0.025000
0 0.008073 0.609722 0.016146 0.023148
0 0.846615 0.977778 0.014063 0.025926
0 0.116927 0.221759 0.013021 0.023148
0 0.731250 0.062963 0.035417 0.025926
0 0.080469 0.584722 0.015104 0.021296
0 0.062500 0.195370 0.013542 0.024074
0 0.080469 0.662500 0.013021 0.028704
0 0.116406 0.194907 0.010937 0.023148
0 0.642188 0.088889 0.015625 0.025926
0 0.608594 0.076852 0.034896 0.055556
0 0.008333 0.298148 0.015625 0.027778
0 0.327083 0.978241 0.020833 0.025000
0 0.117188 0.584722 0.015625 0.021296
0 0.007552 0.194907 0.015104 0.025000
0 0.134896 0.756944 0.007292 0.017593
0 0.994792 0.172222 0.009375 0.016667
0 0.627083 0.980556 0.016667 0.027778
0 0.098958 0.585185 0.016667 0.022222
0 0.863021 0.977315 0.015625 0.026852
0 0.881250 0.199537 0.032292 0.028704
0 0.115104 0.561111 0.009375 0.018519
0 0.078646 0.146759 0.014583 0.025000
0 0.105990 0.756481 0.009896 0.018519
0 0.190104 0.145833 0.017708 0.026852
0 0.115365 0.756481 0.006771 0.016667
0 0.070312 0.904630 0.140625 0.025926
0 0.070052 0.857870 0.140104 0.026852
0 0.114844 0.173611 0.010937 0.017593
0 0.025781 0.609259 0.017188 0.020370
0 0.984375 0.171296 0.009375 0.016667
0 0.818750 0.174537 0.013542 0.021296
0 0.124740 0.756481 0.007812 0.016667
0 0.026042 0.145370 0.050000 0.027778
0 0.961458 0.010185 0.013542 0.020370
0 0.197396 0.173148 0.008333 0.020370
0 0.060677 0.146296 0.016146 0.025926
0 0.124479 0.560648 0.007292 0.017593
0 0.135156 0.560185 0.007812 0.016667
0 0.134635 0.172222 0.009896 0.020370
0 0.189583 0.212500 0.077083 0.019444
0 0.974219 0.172222 0.008854 0.014815
0 0.124740 0.172685 0.008854 0.017593
0 0.939323 0.008333 0.010937 0.016667
0 0.237240 0.032870 0.017188 0.021296
0 0.899740 0.977315 0.021354 0.026852
0 0.919010 0.976389 0.013021 0.026852
0 0.851302 0.320833 0.042188 0.015741
0 0.025781 0.662963 0.014063 0.029630
0 0.245573 0.145833 0.015104 0.026852
0 0.441927 0.064815 0.015104 0.024074
0 0.946354 0.146759 0.013542 0.023148
0 0.098437 0.247685 0.012500 0.025000
0 0.132812 0.147685 0.014583 0.025000
0 0.111198 0.089815 0.016146 0.027778
0 0.080729 0.700926 0.012500 0.024074
0 0.026042 0.727315 0.015625 0.021296
0 0.098958 0.636111 0.015625 0.025926
0 0.659115 0.089352 0.013021 0.021296
0 0.097396 0.147222 0.017708 0.025926
0 0.316667 0.146296 0.016667 0.024074
0 0.044010 0.636111 0.015104 0.025926
0 0.007812 0.247222 0.013542 0.024074
0 0.271615 0.064352 0.018229 0.025000
0 0.116406 0.636574 0.015104 0.025000
0 0.883333 0.082870 0.023958 0.054630
0 0.044531 0.727315 0.015104 0.021296
0 0.008073 0.663426 0.016146 0.030556
0 0.062500 0.662500 0.015625 0.028704
0 0.044010 0.662500 0.014063 0.028704
0 0.044010 0.325463 0.014063 0.025000
0 0.098958 0.609722 0.015625 0.025000
0 0.465885 0.977315 0.017188 0.026852
0 0.061719 0.583796 0.015104 0.021296
0 0.080469 0.221759 0.013021 0.023148
0 0.025781 0.584259 0.016146 0.024074
0 0.519010 0.062500 0.138021 0.026852
0 0.025521 0.352315 0.014583 0.026852
0 0.988281 0.010648 0.014063 0.021296
0 0.008073 0.700463 0.016146 0.026852
0 0.080729 0.247222 0.014583 0.024074
0 0.650000 0.980556 0.016667 0.029630
0 0.044010 0.222222 0.013021 0.022222
0 0.008594 0.635648 0.014063 0.025000
0 0.298698 0.146296 0.015104 0.025926
0 0.676562 0.088426 0.012500 0.021296
0 0.118229 0.300463 0.017708 0.025000
0 0.070573 0.804630 0.141146 0.027778
0 0.114844 0.147685 0.014063 0.025000
0 0.672917 0.981019 0.016667 0.028704
0 0.070573 0.831019 0.141146 0.026852
0 0.117188 0.701389 0.014583 0.023148
0 0.080469 0.727315 0.014063 0.023148
0 0.098698 0.273611 0.013021 0.025000
0 0.016667 0.081944 0.026042 0.062037
0 0.008073 0.352315 0.015104 0.025000
0 0.025521 0.636111 0.016667 0.024074
0 0.062240 0.636111 0.016146 0.025926
0 0.490104 0.976852 0.018750 0.024074
0 0.894271 0.034259 0.013542 0.022222
0 0.008333 0.727778 0.016667 0.020370
0 0.026042 0.700463 0.014583 0.026852
0 0.534896 0.977778 0.017708 0.025926
0 0.026042 0.273148 0.015625 0.025926
0 0.967708 0.145833 0.019792 0.023148
0 0.099479 0.300000 0.013542 0.024074
0 0.227344 0.146296 0.019271 0.025926
0 0.098698 0.325463 0.013021 0.025000
0 0.007812 0.325463 0.015625 0.023148
0 0.062500 0.221759 0.013542 0.023148
0 0.512760 0.977315 0.017188 0.025000
0 0.080469 0.272685 0.015104 0.025000
0 0.025781 0.325463 0.015104 0.023148
0 0.065104 0.082870 0.021875 0.060185
0 0.062500 0.272685 0.014583 0.025000
0 0.025781 0.299537 0.014063 0.025000
0 0.580729 0.979167 0.018750 0.030556
0 0.043750 0.247685 0.013542 0.023148
0 0.684115 0.062500 0.061979 0.026852
0 0.025000 0.248148 0.015625 0.024074
0 0.099219 0.701389 0.014063 0.023148
0 0.846875 0.199537 0.035417 0.028704
0 0.116927 0.274074 0.014063 0.022222
0 0.858073 0.081944 0.026562 0.050926
