0 0.838865 0.682833 0.015625 0.022222
0 0.772396 0.065231 0.016667 0.021204
0 0.070776 0.804991 0.141146 0.027778
0 0.355583 0.061861 0.142479 0.026130
0 0.684732 0.062972 0.061057 0.026870
0 0.273073 0.064815 0.021146 0.025926
0 0.189784 0.062796 0.135328 0.024111
0 0.357141 0.089394 0.143740 0.026194
0 0.933620 0.033796 0.022448 0.025000
0 0.519823 0.062981 0.138021 0.026852
0 0.805990 0.064583 0.017188 0.019907
0 0.189320 0.088519 0.135005 0.024815
0 0.064036 0.247870 0.016615 0.025370
0 0.821354 0.089384 0.013542 0.025491
0 0.273333 0.089815 0.021667 0.024074
0 0.858401 0.079741 0.024969 0.050926
0 0.953906 0.078056 0.021354 0.054259
0 0.788445 0.089384 0.016130 0.023639
0 0.398906 0.144907 0.141771 0.025000
0 0.511068 0.088426 0.154427 0.025000
0 0.111849 0.062963 0.020573 0.022222
0 0.110443 0.089009 0.016146 0.027778
0 0.731201 0.061940 0.034266 0.025917
0 0.914034 0.303056 0.171932 0.017037
0 0.914630 0.267685 0.170740 0.015463
0 0.644021 0.062435 0.019792 0.023148
0 0.045833 0.194907 0.017188 0.025000
0 0.964974 0.171435 0.009896 0.013611
0 0.027266 0.195509 0.019115 0.026204
0 0.178828 0.864435 0.042240 0.073796
0 0.010227 0.033102 0.013818 0.018519
0 0.913568 0.917593 0.172865 0.022222
0 0.872448 0.637037 0.067813 0.014815
0 0.919479 0.443722 0.160625 0.017556
0 0.919201 0.427106 0.161495 0.016713
0 0.919229 0.390491 0.159771 0.018019
0 0.910198 0.090370 0.017708 0.027778
0 0.962323 0.010185 0.014063 0.020370
0 0.835122 0.716051 0.009714 0.030620
0 0.167370 0.172222 0.048281 0.020370
0 0.837276 0.066278 0.016667 0.022593
0 0.929141 0.092056 0.017188 0.030556
0 0.918880 0.409852 0.159844 0.018519
0 0.821615 0.064306 0.013021 0.019352
0 0.976177 0.977185 0.037542 0.030852
0 0.974740 0.171065 0.008854 0.014815
0 0.788724 0.065083 0.013906 0.016648
0 0.919622 0.976375 0.013464 0.023343
0 0.914010 0.284769 0.170938 0.017685
0 0.918568 0.337963 0.162865 0.018519
0 0.853130 0.320500 0.046448 0.014741
0 0.919560 0.461722 0.160464 0.015741
0 0.027292 0.032417 0.015104 0.020370
0 0.913880 0.250000 0.171510 0.018519
0 0.070911 0.860185 0.139427 0.027778
0 0.046755 0.033000 0.016875 0.019019
0 0.070716 0.034074 0.022901 0.019019
0 0.097914 0.033005 0.021245 0.017954
0 0.120365 0.033139 0.015823 0.018222
0 0.140326 0.032468 0.019286 0.020083
0 0.162081 0.032000 0.015641 0.016611
0 0.186503 0.032199 0.026391 0.018639
0 0.213794 0.033157 0.020245 0.018000
0 0.771596 0.089463 0.015516 0.019833
0 0.805508 0.089931 0.014641 0.024491
0 0.914615 0.495949 0.170500 0.016472
0 0.914784 0.514236 0.170432 0.016472
0 0.914214 0.532884 0.170500 0.016472
0 0.916094 0.549736 0.167813 0.016472
0 0.915690 0.565875 0.168620 0.016472
0 0.915490 0.583458 0.169021 0.018639
0 0.914883 0.603171 0.170234 0.016472
0 0.849211 0.620542 0.035474 0.012454
0 0.838932 0.658838 0.012271 0.020806
0 0.925651 0.655292 0.148698 0.016472
0 0.925643 0.672718 0.148714 0.016472
0 0.924943 0.689315 0.150115 0.016463
0 0.924826 0.706741 0.150349 0.016463
0 0.932336 0.976824 0.010099 0.021167
0 0.070667 0.925093 0.140969 0.013278
0 0.008073 0.663426 0.016146 0.030556
0 0.883333 0.082870 0.023958 0.054630
0 0.044010 0.610648 0.015104 0.023148
0 0.062240 0.325463 0.013021 0.025000
0 0.080469 0.325926 0.015104 0.025926
0 0.558594 0.978241 0.019271 0.028704
0 0.063281 0.700463 0.017188 0.025000
0 0.512760 0.977315 0.017188 0.025000
0 0.063021 0.727315 0.015625 0.021296
0 0.988281 0.010648 0.014063 0.021296
0 0.946354 0.146759 0.013542 0.023148
0 0.080729 0.700926 0.012500 0.024074
0 0.441927 0.064815 0.015104 0.024074
0 0.044271 0.352778 0.015625 0.025926
0 0.580729 0.979167 0.018750 0.030556
0 0.025781 0.299537 0.014063 0.025000
0 0.008333 0.298148 0.015625 0.027778
0 0.973698 0.033333 0.050521 0.025926
0 0.747656 0.088889 0.014063 0.022222
0 0.062500 0.299074 0.013542 0.024074
0 0.711979 0.088889 0.013542 0.022222
0 0.627083 0.980556 0.016667 0.027778
0 0.729948 0.088889 0.015104 0.024074
0 0.909896 0.034259 0.013542 0.025926
0 0.007552 0.194907 0.015104 0.025000
0 0.694792 0.089352 0.014583 0.021296
0 0.043750 0.583796 0.015625 0.023148
0 0.117448 0.248148 0.014063 0.025926
0 0.117969 0.326389 0.017188 0.023148
0 0.263021 0.146759 0.014583 0.026852
0 0.604167 0.979630 0.020833 0.031481
0 0.007812 0.325463 0.015625 0.023148
0 0.026042 0.273148 0.015625 0.025926
0 0.327083 0.978241 0.020833 0.025000
0 0.227344 0.146296 0.019271 0.025926
0 0.132812 0.147685 0.014583 0.025000
0 0.062500 0.221759 0.013542 0.023148
0 0.967708 0.146296 0.019792 0.022222
0 0.116406 0.636574 0.015104 0.025000
0 0.098698 0.325463 0.013021 0.025000
0 0.534896 0.977778 0.017708 0.025926
0 0.026042 0.727315 0.015625 0.021296
0 0.846875 0.199537 0.035417 0.028704
0 0.894271 0.034259 0.013542 0.022222
0 0.097396 0.147222 0.017708 0.025926
0 0.316667 0.146296 0.016667 0.024074
0 0.026042 0.700463 0.014583 0.026852
0 0.008333 0.727778 0.016667 0.020370
0 0.489844 0.976852 0.018229 0.024074
0 0.098958 0.609722 0.015625 0.025000
0 0.100000 0.194907 0.018750 0.025000
0 0.008073 0.351852 0.015104 0.024074
0 0.298438 0.146296 0.015625 0.025926
0 0.117188 0.701389 0.014583 0.023148
0 0.676562 0.088426 0.012500 0.021296
0 0.114844 0.147685 0.014063 0.025000
0 0.044010 0.222222 0.013021 0.022222
0 0.672917 0.981019 0.016667 0.028704
0 0.008594 0.635648 0.014063 0.025000
0 0.025521 0.352315 0.014583 0.025000
0 0.608594 0.087037 0.034896 0.031481
0 0.650260 0.980556 0.017188 0.029630
0 0.008073 0.700463 0.016146 0.026852
0 0.080469 0.221759 0.013021 0.023148
0 0.098958 0.636111 0.015625 0.025926
0 0.025781 0.584259 0.016146 0.024074
0 0.061719 0.583796 0.015104 0.021296
0 0.659115 0.089352 0.013021 0.021296
0 0.465885 0.977778 0.017188 0.027778
0 0.190104 0.145833 0.017708 0.026852
0 0.642188 0.088889 0.015625 0.025926
0 0.105990 0.756481 0.009896 0.018519
0 0.116406 0.194907 0.010937 0.023148
0 0.025781 0.662963 0.014063 0.029630
0 0.080729 0.299074 0.014583 0.024074
0 0.025781 0.325463 0.015104 0.023148
0 0.043750 0.247685 0.013542 0.023148
0 0.134896 0.756944 0.007292 0.017593
0 0.115365 0.756481 0.006771 0.016667
0 0.478385 0.146759 0.015104 0.021296
0 0.994792 0.172222 0.009375 0.016667
0 0.070312 0.904630 0.140625 0.025926
0 0.025781 0.609259 0.017188 0.020370
0 0.098958 0.585185 0.016667 0.022222
0 0.025521 0.636111 0.016667 0.024074
0 0.044010 0.273148 0.015104 0.024074
0 0.114844 0.173611 0.010937 0.017593
0 0.079948 0.194907 0.013021 0.023148
0 0.008333 0.273148 0.014583 0.024074
0 0.984375 0.171296 0.009375 0.016667
0 0.818750 0.174537 0.013542 0.021296
0 0.983073 0.081481 0.025521 0.062963
0 0.070573 0.831019 0.141146 0.026852
0 0.044271 0.700926 0.014583 0.025926
0 0.098698 0.273611 0.013021 0.025000
0 0.080469 0.610185 0.015104 0.022222
0 0.124740 0.756481 0.007812 0.016667
0 0.608594 0.076852 0.034896 0.055556
0 0.044531 0.727315 0.015104 0.021296
0 0.026042 0.145370 0.050000 0.027778
0 0.016667 0.081944 0.026042 0.062037
0 0.008594 0.221759 0.014063 0.025000
0 0.080469 0.272685 0.015104 0.025000
0 0.062240 0.636111 0.016146 0.025926
0 0.065104 0.082870 0.021875 0.060185
0 0.116927 0.274074 0.014063 0.022222
0 0.197396 0.173148 0.008333 0.020370
0 0.060677 0.146296 0.016146 0.025926
0 0.124479 0.560648 0.007292 0.017593
0 0.135156 0.560185 0.007812 0.016667
0 0.062500 0.272685 0.014583 0.025000
0 0.080469 0.727315 0.014063 0.023148
0 0.098958 0.221296 0.014583 0.022222
0 0.116406 0.609722 0.015104 0.023148
0 0.062240 0.610648 0.015104 0.021296
0 0.115104 0.561111 0.009375 0.018519
0 0.080729 0.247222 0.014583 0.024074
0 0.080469 0.636111 0.015104 0.025926
0 0.396875 0.975926 0.117708 0.035185
0 0.098437 0.247685 0.012500 0.025000
0 0.007812 0.247222 0.013542 0.024074
0 0.088542 0.082407 0.023958 0.061111
0 0.134635 0.172222 0.009896 0.020370
0 0.863021 0.977315 0.015625 0.026852
0 0.152083 0.146296 0.019792 0.024074
0 0.918490 0.063426 0.036979 0.025000
0 0.117188 0.584722 0.015625 0.021296
0 0.881250 0.199537 0.032292 0.028704
0 0.170833 0.145833 0.017708 0.025000
0 0.025260 0.222222 0.015104 0.024074
0 0.044271 0.298611 0.014583 0.025000
0 0.040885 0.083333 0.021354 0.061111
0 0.988802 0.145833 0.019271 0.023148
0 0.099479 0.300000 0.013542 0.024074
0 0.062500 0.662500 0.015625 0.028704
0 0.008073 0.609722 0.016146 0.023148
0 0.207813 0.145370 0.015625 0.025926
0 0.044010 0.325463 0.014063 0.025000
0 0.917708 0.200463 0.036458 0.025000
0 0.189583 0.212500 0.077083 0.019444
0 0.008333 0.584259 0.016667 0.025926
0 0.846354 0.978241 0.014583 0.025000
0 0.116927 0.221759 0.013021 0.023148
0 0.080469 0.662500 0.013021 0.028704
0 0.879948 0.977315 0.014063 0.026852
0 0.062500 0.195370 0.013542 0.024074
0 0.078646 0.146759 0.014583 0.025000
0 0.080469 0.584722 0.015104 0.021296
0 0.124740 0.172685 0.008854 0.017593
0 0.025000 0.248148 0.015625 0.024074
0 0.847656 0.373148 0.035937 0.016667
0 0.939323 0.008333 0.010937 0.016667
0 0.245573 0.145833 0.015104 0.026852
0 0.280469 0.146296 0.018229 0.025926
0 0.944792 0.976852 0.013542 0.025926
0 0.899740 0.977315 0.021354 0.026852
0 0.044010 0.636111 0.015104 0.025926
0 0.236979 0.033333 0.016667 0.020370
0 0.118229 0.300463 0.017708 0.025000
0 0.099219 0.701389 0.014063 0.023148
0 0.044271 0.662500 0.014583 0.028704
