0 0.821615 0.070833 0.013021 0.032407
0 0.135156 0.560185 0.007812 0.016667
0 0.134635 0.172222 0.009896 0.020370
0 0.928125 0.077315 0.017708 0.049074
0 0.428385 0.192130 0.014063 0.019444
0 0.938021 0.009722 0.011458 0.019444
0 0.910156 0.078704 0.018229 0.053704
0 0.193750 0.212963 0.087500 0.018519
0 0.974219 0.172222 0.008854 0.014815
0 0.124740 0.172685 0.008854 0.017593
0 0.788802 0.070370 0.015104 0.031481
0 0.847656 0.373148 0.035937 0.016667
0 0.835156 0.227778 0.015104 0.022222
0 0.939323 0.008333 0.010937 0.016667
0 0.899740 0.976852 0.020313 0.025926
0 0.117448 0.248148 0.014063 0.025926
0 0.062500 0.299074 0.013542 0.024074
0 0.946354 0.146296 0.013542 0.022222
0 0.025781 0.299537 0.014063 0.025000
0 0.044271 0.352778 0.015625 0.025926
0 0.973698 0.033333 0.050521 0.025926
0 0.441927 0.064815 0.015104 0.024074
0 0.080469 0.325926 0.015104 0.025926
0 0.988281 0.010648 0.014063 0.021296
0 0.570052 0.978704 0.018229 0.027778
0 0.080729 0.700926 0.012500 0.024074
0 0.063021 0.727315 0.015625 0.021296
0 0.062240 0.325463 0.013021 0.025000
0 0.280469 0.146296 0.018229 0.025926
0 0.883333 0.082870 0.023958 0.054630
0 0.523958 0.977778 0.017708 0.025926
0 0.008073 0.663426 0.016146 0.030556
0 0.044010 0.610648 0.015104 0.023148
0 0.099219 0.701389 0.014063 0.023148
0 0.063281 0.700463 0.017188 0.025000
0 0.025000 0.248148 0.015625 0.024074
0 0.821354 0.078704 0.013542 0.048148
0 0.080729 0.247222 0.014583 0.024074
0 0.007812 0.247222 0.013542 0.024074
0 0.245573 0.145833 0.014063 0.026852
0 0.008594 0.221759 0.014063 0.025000
0 0.063281 0.247222 0.015104 0.024074
0 0.983073 0.081481 0.025521 0.062963
0 0.080469 0.610185 0.015104 0.022222
0 0.070573 0.804630 0.141146 0.027778
0 0.070312 0.831019 0.140625 0.026852
0 0.098698 0.273611 0.013021 0.025000
0 0.043750 0.247685 0.013542 0.023148
0 0.044271 0.700926 0.014583 0.025926
0 0.016667 0.081944 0.026042 0.062037
0 0.062240 0.636111 0.016146 0.025926
0 0.080469 0.272685 0.015104 0.025000
0 0.805990 0.077778 0.017188 0.046296
0 0.062500 0.662500 0.015625 0.028704
0 0.929167 0.033796 0.013542 0.025000
0 0.040885 0.083333 0.021354 0.061111
0 0.099479 0.300000 0.013542 0.024074
0 0.044271 0.298611 0.014583 0.025000
0 0.080729 0.299074 0.014583 0.024074
0 0.062500 0.610648 0.014583 0.021296
0 0.478646 0.146759 0.014583 0.021296
0 0.025781 0.325463 0.015104 0.023148
0 0.044531 0.727315 0.015104 0.021296
0 0.044010 0.273148 0.015104 0.024074
0 0.237240 0.032870 0.017188 0.021296
0 0.025521 0.636111 0.016667 0.024074
0 0.025781 0.662963 0.014063 0.029630
0 0.098437 0.247685 0.012500 0.025000
0 0.979948 0.033796 0.036979 0.025000
0 0.044010 0.662500 0.014063 0.028704
0 0.044010 0.325463 0.014063 0.025000
0 0.118229 0.300463 0.017708 0.025000
0 0.851302 0.320833 0.042188 0.015741
0 0.044010 0.636111 0.015104 0.025926
0 0.025521 0.258333 0.015625 0.044444
0 0.088542 0.082407 0.023958 0.061111
0 0.408333 0.976389 0.116667 0.034259
0 0.080469 0.636111 0.015104 0.025926
0 0.062500 0.272685 0.014583 0.025000
0 0.080469 0.727315 0.014063 0.023148
0 0.116927 0.273611 0.014063 0.023148
0 0.684115 0.062500 0.061979 0.026852
0 0.694792 0.089352 0.014583 0.021296
0 0.546615 0.977778 0.017188 0.025926
0 0.747656 0.088889 0.014063 0.022222
0 0.711979 0.088889 0.013542 0.022222
0 0.846875 0.199537 0.035417 0.028704
0 0.729948 0.088889 0.015104 0.024074
0 0.592708 0.979630 0.018750 0.031481
0 0.117969 0.326389 0.017188 0.023148
0 0.263021 0.146759 0.014583 0.026852
0 0.501042 0.977315 0.017708 0.025000
0 0.909896 0.034259 0.013542 0.025926
0 0.227344 0.146296 0.019271 0.025926
0 0.858073 0.081481 0.026562 0.050000
0 0.007812 0.325463 0.015625 0.023148
0 0.062500 0.221759 0.013542 0.023148
0 0.026042 0.273148 0.015625 0.025926
0 0.098698 0.325463 0.013021 0.025000
0 0.967708 0.146296 0.019792 0.022222
0 0.026042 0.700926 0.014583 0.025926
0 0.894271 0.034259 0.013542 0.022222
0 0.772396 0.077778 0.016667 0.046296
0 0.008333 0.727778 0.016667 0.020370
0 0.953906 0.084259 0.021354 0.066667
0 0.788802 0.077778 0.016146 0.046296
0 0.477604 0.977778 0.017708 0.027778
0 0.117188 0.701389 0.014583 0.023148
0 0.008073 0.351852 0.015104 0.024074
0 0.114844 0.147685 0.014063 0.025000
0 0.676562 0.088426 0.012500 0.021296
0 0.008594 0.635648 0.014063 0.025000
0 0.044010 0.222222 0.013021 0.022222
0 0.939844 0.033796 0.008854 0.023148
0 0.615885 0.980093 0.020313 0.030556
0 0.298698 0.146296 0.015104 0.025926
0 0.025781 0.584259 0.016146 0.024074
0 0.025521 0.352315 0.014583 0.025000
0 0.008073 0.700463 0.016146 0.026852
0 0.080469 0.221759 0.013021 0.023148
0 0.061719 0.583796 0.015104 0.021296
0 0.659115 0.089352 0.013021 0.021296
0 0.316406 0.146296 0.016146 0.024074
0 0.132812 0.147685 0.014583 0.025000
0 0.097396 0.147222 0.017708 0.025926
0 0.098958 0.609722 0.015625 0.025000
0 0.116667 0.636574 0.015625 0.025000
0 0.098958 0.636111 0.015625 0.025926
0 0.026042 0.727315 0.015625 0.021296
0 0.007552 0.194907 0.015104 0.025000
0 0.117188 0.584722 0.015625 0.021296
0 0.008333 0.298148 0.015625 0.027778
0 0.918490 0.063426 0.036979 0.025000
0 0.079948 0.194907 0.013021 0.023148
0 0.008333 0.273148 0.014583 0.024074
0 0.116406 0.609722 0.015104 0.023148
0 0.151823 0.146296 0.019271 0.024074
0 0.917708 0.200463 0.036458 0.025000
0 0.025260 0.222222 0.015104 0.024074
0 0.988802 0.145833 0.019271 0.023148
0 0.661458 0.980093 0.017708 0.026852
0 0.638542 0.980093 0.015625 0.026852
0 0.207813 0.145370 0.014583 0.025926
0 0.008333 0.584259 0.016667 0.025926
0 0.008073 0.610185 0.016146 0.022222
0 0.170833 0.145833 0.017708 0.025000
0 0.098958 0.221296 0.013542 0.022222
0 0.836979 0.078241 0.016667 0.047222
0 0.116927 0.221759 0.013021 0.023148
0 0.062500 0.195370 0.013542 0.024074
0 0.080469 0.584259 0.015104 0.020370
0 0.731250 0.062963 0.035417 0.025926
0 0.080469 0.662500 0.013021 0.028704
0 0.881250 0.199537 0.032292 0.028704
0 0.116406 0.194907 0.010937 0.023148
0 0.134896 0.756944 0.007292 0.017593
0 0.642188 0.088889 0.015625 0.025926
0 0.098958 0.584722 0.016667 0.021296
0 0.994792 0.172222 0.009375 0.016667
0 0.338281 0.978241 0.020313 0.026852
0 0.115104 0.561111 0.009375 0.018519
0 0.608594 0.076852 0.034896 0.055556
0 0.078646 0.146759 0.014583 0.025000
0 0.105990 0.756481 0.009896 0.018519
0 0.965885 0.171759 0.011979 0.015741
0 0.190104 0.145833 0.017708 0.026852
0 0.879687 0.976852 0.016667 0.027778
0 0.115365 0.756481 0.006771 0.016667
0 0.863021 0.977778 0.014583 0.029630
0 0.070052 0.857870 0.140104 0.026852
0 0.025781 0.609259 0.017188 0.020370
0 0.115104 0.173611 0.010417 0.017593
0 0.065104 0.082870 0.021875 0.060185
0 0.043750 0.583796 0.015625 0.023148
0 0.984375 0.171296 0.009375 0.016667
0 0.818750 0.174074 0.013542 0.022222
0 0.909896 0.087500 0.017708 0.026852
0 0.124740 0.756481 0.007812 0.016667
0 0.961458 0.010185 0.013542 0.020370
0 0.026042 0.145370 0.050000 0.027778
0 0.160938 0.172685 0.035417 0.019444
0 0.197396 0.173611 0.008333 0.019444
0 0.837500 0.071296 0.016667 0.035185
0 0.060677 0.146296 0.016146 0.025926
0 0.928385 0.087500 0.017188 0.030556
0 0.185938 0.172685 0.011458 0.019444
0 0.124479 0.560648 0.007292 0.017593
0 0.931865 0.975630 0.009500 0.021333
0 0.161612 0.033190 0.017422 0.017546
0 0.186773 0.032847 0.027870 0.020306
0 0.215031 0.031991 0.021677 0.020648
0 0.914799 0.250458 0.168859 0.016880
0 0.915185 0.268009 0.168859 0.016889
0 0.915378 0.286245 0.168859 0.016880
0 0.915862 0.304481 0.168276 0.016889
0 0.919768 0.339051 0.160464 0.016880
0 0.919846 0.390829 0.160307 0.016880
0 0.919628 0.409079 0.160745 0.016880
0 0.919846 0.427329 0.160307 0.016880
0 0.919846 0.444037 0.160307 0.016889
0 0.919773 0.462282 0.160453 0.016880
0 0.914654 0.496954 0.168859 0.016889
0 0.914654 0.514949 0.168859 0.016880
0 0.914943 0.532681 0.168865 0.016880
0 0.914508 0.549134 0.168859 0.016880
0 0.915086 0.566611 0.168859 0.016889
0 0.914930 0.583671 0.168859 0.016880
0 0.070021 0.906694 0.140042 0.025926
0 0.026276 0.195370 0.017135 0.025926
0 0.181510 0.860972 0.040104 0.078056
0 0.044557 0.194907 0.017188 0.025000
0 0.643172 0.063324 0.019792 0.023148
0 0.110766 0.089815 0.016146 0.027778
0 0.111302 0.063426 0.019479 0.021296
0 0.397500 0.144907 0.144583 0.025000
0 0.509557 0.088426 0.151406 0.025000
0 0.100000 0.196194 0.018750 0.025000
0 0.272656 0.089815 0.020313 0.024074
0 0.189562 0.088495 0.136188 0.025972
0 0.517758 0.063458 0.133964 0.025620
0 0.356391 0.088273 0.145344 0.027343
0 0.189721 0.064667 0.135349 0.023037
0 0.272604 0.065278 0.020208 0.025000
0 0.355375 0.062542 0.144667 0.023046
0 0.010437 0.034583 0.014125 0.018519
0 0.047219 0.034569 0.016260 0.017546
0 0.071414 0.034245 0.024776 0.020954
0 0.919174 0.975625 0.014578 0.024380
0 0.925552 0.707444 0.148896 0.016889
0 0.925336 0.690162 0.149328 0.016880
0 0.944284 0.976009 0.011234 0.019389
0 0.925174 0.673079 0.149651 0.016880
0 0.925568 0.656218 0.148865 0.016880
0 0.840424 0.723560 0.019245 0.014435
0 0.838862 0.680681 0.015870 0.017546
0 0.837737 0.659134 0.013120 0.020213
0 0.848734 0.619532 0.037146 0.015269
0 0.914784 0.602176 0.168859 0.016889
0 0.097930 0.033042 0.020516 0.018546
0 0.119224 0.034227 0.014708 0.020306
0 0.140029 0.032676 0.018776 0.019278
0 0.027047 0.033509 0.015104 0.020370
0 0.071081 0.925759 0.139609 0.014037
0 0.872682 0.637037 0.068281 0.014815
0 0.914661 0.917593 0.170677 0.024074
0 0.974740 0.978407 0.040823 0.038407
