0 0.838177 0.063667 0.015677 0.019074
0 0.442797 0.063630 0.015104 0.022222
0 0.788802 0.089954 0.016146 0.023056
0 0.111745 0.063889 0.021406 0.020370
0 0.919828 0.062583 0.035417 0.024074
0 0.189609 0.088708 0.135781 0.026657
0 0.099990 0.197333 0.019271 0.024074
0 0.518648 0.064037 0.135620 0.023259
0 0.988068 0.008440 0.011760 0.016880
0 0.772768 0.064856 0.015016 0.021583
0 0.954167 0.080602 0.021875 0.057500
0 0.070573 0.804954 0.141146 0.027130
0 0.815880 0.293056 0.046875 0.025000
0 0.190214 0.063931 0.133323 0.023602
0 0.026026 0.247519 0.015625 0.023148
0 0.859063 0.078704 0.024583 0.046296
0 0.806016 0.065620 0.014063 0.022222
0 0.883917 0.079981 0.024479 0.051852
0 0.932630 0.033796 0.020469 0.025000
0 0.684299 0.064167 0.060255 0.023519
0 0.009609 0.247963 0.016094 0.025556
0 0.510130 0.088889 0.152552 0.024074
0 0.817635 0.319324 0.042708 0.025000
0 0.731094 0.063676 0.033229 0.025926
0 0.821578 0.089306 0.011906 0.022741
0 0.070435 0.925620 0.140703 0.011778
0 0.945268 0.975856 0.012974 0.018583
0 0.931872 0.976185 0.010828 0.019574
0 0.919414 0.976019 0.010734 0.025222
0 0.570797 0.521398 0.163198 0.025278
0 0.563503 0.495870 0.147786 0.025278
0 0.664466 0.470782 0.347474 0.021028
0 0.597372 0.428454 0.213797 0.025278
0 0.665107 0.400981 0.347474 0.025278
0 0.665107 0.374120 0.347474 0.025278
0 0.665716 0.347995 0.347474 0.023639
0 0.809508 0.261898 0.012776 0.022370
0 0.805792 0.089421 0.013667 0.021935
0 0.214435 0.032509 0.021818 0.022852
0 0.187219 0.034319 0.027365 0.021750
0 0.161104 0.032653 0.014875 0.020194
0 0.140237 0.032889 0.017870 0.021556
0 0.119242 0.033111 0.013870 0.018000
0 0.097562 0.033444 0.021490 0.017333
0 0.070820 0.034000 0.022995 0.019778
0 0.060255 0.146264 0.017781 0.027250
0 0.963589 0.008500 0.009792 0.017000
0 0.517214 0.638889 0.050052 0.016667
0 0.975833 0.976889 0.035729 0.026741
0 0.772599 0.090065 0.013542 0.023704
0 0.046474 0.033083 0.015104 0.020370
0 0.134844 0.756852 0.008437 0.019259
0 0.167885 0.173611 0.046521 0.017593
0 0.928599 0.089769 0.017188 0.026852
0 0.914245 0.918056 0.171510 0.023148
0 0.788375 0.066315 0.014427 0.021389
0 0.821745 0.065204 0.011927 0.021389
0 0.910651 0.089694 0.017708 0.025926
0 0.635104 0.293981 0.291250 0.026852
0 0.665042 0.552435 0.348698 0.026667
0 0.027214 0.195833 0.015885 0.025000
0 0.027036 0.032991 0.014677 0.018519
0 0.181057 0.862556 0.041635 0.075370
0 0.643750 0.063065 0.019792 0.023148
0 0.044539 0.194343 0.016339 0.025926
0 0.007812 0.584722 0.015625 0.023148
0 0.070312 0.830556 0.140625 0.027778
0 0.815365 0.579630 0.045312 0.025926
0 0.016406 0.082407 0.026562 0.061111
0 0.098698 0.273611 0.013021 0.025000
0 0.354687 0.062500 0.147917 0.028704
0 0.062500 0.636111 0.015625 0.025926
0 0.523698 0.976852 0.017188 0.024074
0 0.065104 0.083333 0.022917 0.059259
0 0.570052 0.977778 0.017188 0.025926
0 0.080469 0.272685 0.015104 0.025000
0 0.116927 0.274074 0.014063 0.022222
0 0.088542 0.082870 0.023958 0.060185
0 0.707812 0.604630 0.048958 0.024074
0 0.044531 0.726852 0.015104 0.020370
0 0.098437 0.247685 0.012500 0.023148
0 0.080729 0.636111 0.014583 0.024074
0 0.062500 0.272222 0.014583 0.024074
0 0.080729 0.299074 0.014583 0.024074
0 0.080469 0.727315 0.014063 0.023148
0 0.118490 0.300463 0.017188 0.025000
0 0.847135 0.199537 0.035937 0.028704
0 0.099479 0.300000 0.013542 0.024074
0 0.762500 0.604630 0.052083 0.024074
0 0.044010 0.636574 0.015104 0.025000
0 0.501302 0.976852 0.017188 0.022222
0 0.062240 0.610648 0.015104 0.021296
0 0.973698 0.032870 0.051562 0.026852
0 0.044271 0.325463 0.013542 0.023148
0 0.044010 0.273148 0.015104 0.024074
0 0.547135 0.977778 0.016146 0.024074
0 0.041146 0.083796 0.021875 0.060185
0 0.099219 0.701389 0.014063 0.023148
0 0.044271 0.298611 0.014583 0.025000
0 0.815625 0.604630 0.045833 0.024074
0 0.694792 0.088426 0.017708 0.023148
0 0.080469 0.326389 0.015104 0.025000
0 0.025521 0.325000 0.015625 0.022222
0 0.478125 0.977778 0.016667 0.024074
0 0.592708 0.979167 0.017708 0.028704
0 0.062240 0.325926 0.013021 0.024074
0 0.711979 0.088889 0.013542 0.022222
0 0.025521 0.636111 0.016667 0.024074
0 0.043750 0.247222 0.013542 0.022222
0 0.080469 0.610185 0.015104 0.022222
0 0.080729 0.246759 0.013542 0.023148
0 0.063281 0.247222 0.015104 0.022222
0 0.044010 0.701389 0.014063 0.025000
0 0.117188 0.247685 0.013542 0.025000
0 0.063281 0.700926 0.017188 0.024074
0 0.747396 0.089352 0.013542 0.021296
0 0.044010 0.662500 0.014063 0.028704
0 0.983073 0.081944 0.025521 0.063889
0 0.062500 0.299074 0.013542 0.024074
0 0.044010 0.610648 0.015104 0.023148
0 0.098698 0.325463 0.013021 0.025000
0 0.008594 0.221759 0.014063 0.025000
0 0.080990 0.700463 0.013021 0.023148
0 0.044271 0.352778 0.015625 0.025926
0 0.043750 0.584259 0.015625 0.022222
0 0.026042 0.272685 0.015625 0.025000
0 0.271094 0.064352 0.018229 0.023148
0 0.730208 0.088889 0.014583 0.022222
0 0.025781 0.299537 0.014063 0.025000
0 0.062500 0.221759 0.013542 0.021296
0 0.676823 0.087963 0.011979 0.022222
0 0.007812 0.325463 0.015625 0.023148
0 0.117188 0.701852 0.013542 0.022222
0 0.615885 0.979630 0.019271 0.029630
0 0.227083 0.147222 0.017708 0.022222
0 0.062500 0.662500 0.015625 0.028704
0 0.117969 0.326389 0.017188 0.023148
0 0.080729 0.221296 0.012500 0.022222
0 0.025781 0.662500 0.014063 0.028704
0 0.207813 0.146759 0.013542 0.021296
0 0.917708 0.200463 0.036458 0.025000
0 0.408073 0.975926 0.116146 0.033333
0 0.025521 0.351852 0.014583 0.025926
0 0.008073 0.663426 0.016146 0.028704
0 0.967969 0.145833 0.019271 0.023148
0 0.008073 0.728241 0.016146 0.019444
0 0.007812 0.610648 0.015625 0.021296
0 0.008073 0.700926 0.016146 0.025926
0 0.044010 0.222222 0.013021 0.022222
0 0.008333 0.352315 0.014583 0.023148
0 0.659115 0.088889 0.013021 0.020370
0 0.026302 0.700926 0.014063 0.025926
0 0.116927 0.222222 0.011979 0.022222
0 0.061719 0.584259 0.015104 0.022222
0 0.172396 0.146296 0.017708 0.024074
0 0.098958 0.221296 0.013542 0.022222
0 0.063281 0.727315 0.015104 0.019444
0 0.638542 0.980093 0.014583 0.025000
0 0.025781 0.584722 0.017188 0.023148
0 0.026042 0.726852 0.015625 0.020370
0 0.190104 0.146759 0.013542 0.023148
0 0.881250 0.199537 0.033333 0.028704
0 0.110937 0.089815 0.016667 0.027778
0 0.007812 0.297685 0.015625 0.026852
0 0.710938 0.634722 0.077083 0.025000
0 0.008333 0.272685 0.014583 0.023148
0 0.909635 0.033796 0.013021 0.025000
0 0.116667 0.637037 0.014583 0.024074
0 0.098958 0.609722 0.015625 0.023148
0 0.098958 0.636111 0.014583 0.024074
0 0.894271 0.034259 0.014583 0.022222
0 0.796094 0.634259 0.084896 0.024074
0 0.271094 0.090741 0.017188 0.025926
0 0.152083 0.146296 0.018750 0.024074
0 0.946354 0.146759 0.012500 0.023148
0 0.988802 0.145370 0.019271 0.022222
0 0.817187 0.815278 0.041667 0.025000
0 0.079948 0.195370 0.013021 0.022222
0 0.117188 0.585185 0.015625 0.020370
0 0.008594 0.636111 0.014063 0.024074
0 0.641406 0.090278 0.014063 0.023148
0 0.008333 0.194907 0.016667 0.025000
0 0.025521 0.222222 0.014583 0.024074
0 0.353385 0.088426 0.150521 0.026852
0 0.116406 0.610185 0.015104 0.022222
0 0.661458 0.979630 0.016667 0.025926
0 0.080208 0.585185 0.015625 0.020370
0 0.964583 0.172685 0.009375 0.015741
0 0.338281 0.977778 0.019271 0.025926
0 0.062500 0.195370 0.013542 0.024074
0 0.994792 0.171759 0.009375 0.017593
0 0.770052 0.814815 0.042188 0.025926
0 0.070312 0.905093 0.140625 0.026852
0 0.116406 0.194907 0.010937 0.021296
0 0.025781 0.609722 0.017188 0.019444
0 0.098698 0.585185 0.016146 0.020370
0 0.819010 0.174074 0.013021 0.020370
0 0.132812 0.146296 0.014583 0.020370
0 0.105990 0.756481 0.009896 0.016667
0 0.115104 0.561574 0.009375 0.017593
0 0.080469 0.662037 0.014063 0.027778
0 0.115104 0.146759 0.015625 0.023148
0 0.835417 0.261111 0.011458 0.022222
0 0.115885 0.172222 0.009896 0.018519
0 0.984375 0.171296 0.009375 0.016667
0 0.115365 0.756481 0.005729 0.014815
0 0.097135 0.145833 0.017188 0.023148
0 0.863281 0.978241 0.015104 0.030556
0 0.879687 0.977315 0.015625 0.026852
0 0.069792 0.857870 0.139583 0.026852
0 0.974479 0.172222 0.008333 0.014815
0 0.025781 0.145370 0.050521 0.027778
0 0.135156 0.560185 0.007812 0.014815
0 0.124479 0.561111 0.007292 0.016667
0 0.125000 0.756481 0.007292 0.014815
0 0.197396 0.173611 0.007292 0.015741
0 0.134896 0.172222 0.009375 0.018519
0 0.124740 0.173148 0.007812 0.016667
0 0.939063 0.008333 0.010417 0.014815
0 0.199479 0.212500 0.098958 0.019444
0 0.008333 0.033333 0.014583 0.020370
0 0.079687 0.145833 0.013542 0.023148
0 0.237240 0.033333 0.017188 0.018519
0 0.899479 0.977315 0.019792 0.025000
0 0.608594 0.074537 0.034896 0.054630
