0 0.062240 0.610648 0.015104 0.021296
0 0.501302 0.976852 0.017188 0.022222
0 0.098698 0.585185 0.016146 0.020370
0 0.044010 0.636574 0.015104 0.025000
0 0.762500 0.604630 0.052083 0.024074
0 0.099479 0.300000 0.013542 0.024074
0 0.025781 0.609722 0.017188 0.019444
0 0.847135 0.199537 0.035937 0.028704
0 0.118490 0.300463 0.017188 0.025000
0 0.116406 0.194907 0.010937 0.021296
0 0.080469 0.727315 0.014063 0.023148
0 0.080729 0.299074 0.014583 0.024074
0 0.062500 0.272222 0.014583 0.024074
0 0.070312 0.905093 0.140625 0.026852
0 0.080729 0.636111 0.014583 0.024074
0 0.134896 0.756944 0.007292 0.015741
0 0.098437 0.247685 0.012500 0.023148
0 0.044531 0.726852 0.015104 0.020370
0 0.770052 0.814815 0.042188 0.025926
0 0.707812 0.604630 0.048958 0.024074
0 0.994792 0.171759 0.009375 0.017593
0 0.088542 0.082870 0.023958 0.060185
0 0.116927 0.274074 0.014063 0.022222
0 0.080469 0.272685 0.015104 0.025000
0 0.570052 0.977778 0.017188 0.025926
0 0.065104 0.083333 0.022917 0.059259
0 0.523698 0.976852 0.017188 0.024074
0 0.062500 0.195370 0.013542 0.024074
0 0.062500 0.636111 0.015625 0.025926
0 0.098698 0.273611 0.013021 0.025000
0 0.016406 0.082407 0.026562 0.061111
0 0.815104 0.293056 0.046875 0.025000
0 0.815365 0.579630 0.045312 0.025926
0 0.070312 0.830556 0.140625 0.027778
0 0.070573 0.804630 0.141146 0.027778
0 0.338281 0.977778 0.019271 0.025926
0 0.964583 0.172685 0.009375 0.015741
0 0.080208 0.585185 0.015625 0.020370
0 0.661458 0.979630 0.016667 0.025926
0 0.116406 0.610185 0.015104 0.022222
0 0.025521 0.222222 0.014583 0.024074
0 0.008333 0.194907 0.016667 0.025000
0 0.641406 0.090278 0.014063 0.023148
0 0.008594 0.636111 0.014063 0.024074
0 0.117188 0.585185 0.015625 0.020370
0 0.079948 0.195370 0.013021 0.022222
0 0.007812 0.584722 0.015625 0.023148
0 0.988802 0.145370 0.019271 0.022222
0 0.946354 0.146759 0.012500 0.023148
0 0.152083 0.146296 0.018750 0.024074
0 0.796094 0.634259 0.084896 0.024074
0 0.894271 0.034259 0.014583 0.022222
0 0.098958 0.636111 0.014583 0.024074
0 0.098958 0.609722 0.015625 0.023148
0 0.116667 0.637037 0.014583 0.024074
0 0.909635 0.033796 0.013021 0.025000
0 0.008333 0.272685 0.014583 0.023148
0 0.710938 0.634722 0.077083 0.025000
0 0.007812 0.297685 0.015625 0.026852
0 0.110937 0.089815 0.016667 0.027778
0 0.881250 0.199537 0.033333 0.028704
0 0.190104 0.146759 0.013542 0.023148
0 0.026042 0.726852 0.015625 0.020370
0 0.441927 0.063889 0.015104 0.022222
0 0.025781 0.584722 0.017188 0.023148
0 0.638542 0.980093 0.014583 0.025000
0 0.063281 0.727315 0.015104 0.019444
0 0.098958 0.221296 0.013542 0.022222
0 0.172396 0.146296 0.017708 0.024074
0 0.061719 0.584259 0.015104 0.022222
0 0.116927 0.222222 0.011979 0.022222
0 0.026302 0.700926 0.014063 0.025926
0 0.659115 0.088889 0.013021 0.020370
0 0.918750 0.062963 0.035417 0.024074
0 0.008333 0.352315 0.014583 0.023148
0 0.044010 0.222222 0.013021 0.022222
0 0.008073 0.700926 0.016146 0.025926
0 0.007812 0.610648 0.015625 0.021296
0 0.008073 0.728241 0.016146 0.019444
0 0.967969 0.145833 0.019271 0.023148
0 0.008073 0.663426 0.016146 0.028704
0 0.025521 0.351852 0.014583 0.025926
0 0.408073 0.975926 0.116146 0.033333
0 0.207813 0.146759 0.013542 0.021296
0 0.025781 0.662500 0.014063 0.028704
0 0.080729 0.221296 0.012500 0.022222
0 0.117969 0.326389 0.017188 0.023148
0 0.062500 0.662500 0.015625 0.028704
0 0.227083 0.147222 0.017708 0.022222
0 0.615885 0.979630 0.019271 0.029630
0 0.117188 0.701852 0.013542 0.022222
0 0.007812 0.325463 0.015625 0.023148
0 0.676823 0.087963 0.011979 0.022222
0 0.062500 0.221759 0.013542 0.021296
0 0.025781 0.299537 0.014063 0.025000
0 0.730208 0.088889 0.014583 0.022222
0 0.026042 0.272685 0.015625 0.025000
0 0.043750 0.584259 0.015625 0.022222
0 0.044271 0.352778 0.015625 0.025926
0 0.080990 0.700463 0.013021 0.023148
0 0.008594 0.221759 0.014063 0.025000
0 0.098698 0.325463 0.013021 0.025000
0 0.816667 0.318981 0.042708 0.025000
0 0.044010 0.610648 0.015104 0.023148
0 0.062500 0.299074 0.013542 0.024074
0 0.983073 0.081944 0.025521 0.063889
0 0.044010 0.662500 0.014063 0.028704
0 0.747396 0.089352 0.013542 0.021296
0 0.063281 0.700926 0.017188 0.024074
0 0.117188 0.247685 0.013542 0.025000
0 0.044010 0.701389 0.014063 0.025000
0 0.080729 0.246759 0.013542 0.023148
0 0.080469 0.610185 0.015104 0.022222
0 0.043750 0.247222 0.013542 0.022222
0 0.025521 0.636111 0.016667 0.024074
0 0.711979 0.088889 0.013542 0.022222
0 0.062240 0.325926 0.013021 0.024074
0 0.592708 0.979167 0.017708 0.028704
0 0.478125 0.977778 0.016667 0.024074
0 0.025521 0.325000 0.015625 0.022222
0 0.070565 0.033356 0.023151 0.018935
0 0.097107 0.033505 0.021380 0.017787
0 0.120297 0.032556 0.014708 0.017889
0 0.140549 0.032245 0.017495 0.017102
0 0.162039 0.033579 0.016495 0.017546
0 0.186159 0.033134 0.027245 0.018880
0 0.214148 0.032579 0.021995 0.019546
0 0.789021 0.065032 0.013906 0.023361
0 0.789057 0.089014 0.014948 0.022620
0 0.805948 0.065097 0.012448 0.023731
0 0.805602 0.089694 0.014807 0.024222
0 0.821589 0.087593 0.013833 0.020519
0 0.821104 0.064606 0.011333 0.020269
0 0.837232 0.063370 0.015359 0.017796
0 0.665201 0.348389 0.347474 0.025278
0 0.664237 0.373852 0.347474 0.025278
0 0.664430 0.399662 0.347474 0.025269
0 0.596023 0.425815 0.210661 0.025278
0 0.664430 0.470204 0.347474 0.025278
0 0.563924 0.494833 0.145901 0.021444
0 0.571583 0.519977 0.160323 0.022657
0 0.665727 0.551306 0.347474 0.025278
0 0.816901 0.813625 0.044323 0.026843
0 0.919284 0.976449 0.011745 0.022213
0 0.932029 0.976116 0.012245 0.019769
0 0.945461 0.976560 0.012870 0.020657
0 0.179643 0.861597 0.048453 0.085676
0 0.061398 0.145444 0.015995 0.024463
0 0.918333 0.199282 0.036490 0.027102
0 0.910156 0.078241 0.018229 0.052778
0 0.134896 0.172222 0.009375 0.018519
0 0.927865 0.079630 0.018229 0.051852
0 0.197396 0.173611 0.007292 0.015741
0 0.125000 0.756481 0.007292 0.014815
0 0.928385 0.088426 0.017188 0.026852
0 0.124479 0.561111 0.007292 0.016667
0 0.135156 0.560185 0.007812 0.014815
0 0.025781 0.145370 0.050521 0.027778
0 0.974479 0.172222 0.008333 0.014815
0 0.069792 0.857870 0.139583 0.026852
0 0.909896 0.087963 0.017708 0.025926
0 0.879687 0.977315 0.015625 0.026852
0 0.772135 0.088889 0.016146 0.024074
0 0.105990 0.756481 0.009896 0.016667
0 0.899479 0.977315 0.019792 0.025000
0 0.863281 0.978241 0.015104 0.030556
0 0.097135 0.145833 0.017188 0.023148
0 0.115365 0.756481 0.005729 0.014815
0 0.984375 0.171296 0.009375 0.016667
0 0.115885 0.172222 0.009896 0.018519
0 0.835417 0.261111 0.011458 0.022222
0 0.115104 0.146759 0.015625 0.023148
0 0.132812 0.146296 0.014583 0.020370
0 0.080469 0.662037 0.014063 0.027778
0 0.115104 0.561574 0.009375 0.017593
0 0.608594 0.075306 0.034896 0.054630
0 0.516354 0.637407 0.048333 0.019630
0 0.975422 0.976398 0.037177 0.028907
0 0.070508 0.925019 0.138880 0.012926
0 0.811302 0.261806 0.011979 0.024074
0 0.027531 0.032648 0.015104 0.020370
0 0.167240 0.173611 0.046979 0.017593
0 0.914711 0.918981 0.170578 0.026870
0 0.636094 0.293981 0.289271 0.026852
0 0.027500 0.195833 0.016458 0.025000
0 0.963161 0.008449 0.009375 0.016898
0 0.046682 0.032870 0.015177 0.018148
0 0.643750 0.063583 0.019792 0.023148
0 0.044828 0.195370 0.014219 0.025926
0 0.355891 0.088569 0.146031 0.026380
0 0.272922 0.089204 0.020625 0.025926
0 0.111354 0.063889 0.020625 0.020370
0 0.190562 0.088852 0.137500 0.025926
0 0.100859 0.196676 0.017865 0.024074
0 0.954167 0.079954 0.021875 0.056204
0 0.772227 0.064324 0.016120 0.022722
0 0.988146 0.009537 0.012500 0.019074
0 0.517823 0.063843 0.133729 0.024167
0 0.272552 0.064352 0.021146 0.023148
0 0.731276 0.063704 0.034531 0.024444
0 0.509792 0.088889 0.151875 0.024074
0 0.009141 0.247685 0.015156 0.025000
0 0.683490 0.064028 0.060729 0.023796
0 0.933438 0.033796 0.022083 0.025000
0 0.884469 0.079667 0.024479 0.051852
0 0.859010 0.078704 0.024688 0.046296
0 0.026750 0.247685 0.015625 0.023148
0 0.063880 0.248009 0.016302 0.023796
0 0.190667 0.062935 0.135708 0.022426
0 0.355706 0.063611 0.143693 0.026481
0 0.237240 0.033333 0.017188 0.018519
0 0.079687 0.145833 0.013542 0.023148
0 0.008333 0.033333 0.014583 0.020370
0 0.199479 0.212500 0.098958 0.019444
0 0.939063 0.008333 0.010417 0.014815
0 0.124740 0.173148 0.007812 0.016667
0 0.080469 0.326389 0.015104 0.025000
0 0.694792 0.088426 0.017708 0.023148
0 0.815625 0.604630 0.045833 0.024074
0 0.044271 0.298611 0.014583 0.025000
0 0.819010 0.174074 0.013021 0.020370
0 0.099219 0.701389 0.014063 0.023148
0 0.041146 0.083796 0.021875 0.060185
0 0.547135 0.977778 0.016146 0.024074
0 0.044010 0.273148 0.015104 0.024074
0 0.044271 0.325463 0.013542 0.023148
0 0.973698 0.032870 0.051562 0.026852
