0 0.008333 0.272685 0.014583 0.023148
0 0.116927 0.222222 0.013021 0.022222
0 0.063021 0.727315 0.015625 0.019444
0 0.007812 0.610648 0.015625 0.021296
0 0.539062 0.727778 0.041667 0.025926
0 0.008073 0.700463 0.016146 0.026852
0 0.837760 0.728241 0.048438 0.025000
0 0.007812 0.298148 0.015625 0.027778
0 0.098958 0.221296 0.013542 0.022222
0 0.116667 0.636574 0.014583 0.023148
0 0.062500 0.221759 0.013542 0.023148
0 0.025781 0.662500 0.014063 0.028704
0 0.909896 0.034259 0.013542 0.025926
0 0.116406 0.609722 0.015104 0.023148
0 0.917188 0.200000 0.036458 0.024074
0 0.852865 0.826852 0.042188 0.024074
0 0.098958 0.610185 0.015625 0.024074
0 0.044010 0.610648 0.015104 0.023148
0 0.008594 0.636111 0.014063 0.024074
0 0.806510 0.826389 0.042188 0.025000
0 0.061719 0.584259 0.015104 0.022222
0 0.044010 0.701389 0.014063 0.025000
0 0.117188 0.585185 0.015625 0.020370
0 0.099740 0.194444 0.019271 0.024074
0 0.152083 0.145833 0.018750 0.025000
0 0.026042 0.726852 0.015625 0.020370
0 0.044010 0.662500 0.014063 0.028704
0 0.098958 0.636111 0.014583 0.024074
0 0.008333 0.194907 0.016667 0.025000
0 0.227083 0.146759 0.017708 0.023148
0 0.026042 0.701389 0.014583 0.026852
0 0.042448 0.195370 0.018229 0.025926
0 0.025521 0.222222 0.014583 0.024074
0 0.988802 0.145370 0.019271 0.022222
0 0.008073 0.584259 0.016146 0.025926
0 0.819531 0.173611 0.010937 0.019444
0 0.025781 0.299537 0.014063 0.025000
0 0.062500 0.195370 0.012500 0.024074
0 0.632552 0.728241 0.042188 0.025000
0 0.659115 0.088889 0.013021 0.020370
0 0.964844 0.172685 0.009896 0.015741
0 0.879948 0.977778 0.014063 0.024074
0 0.134896 0.756944 0.007292 0.015741
0 0.115104 0.146296 0.015625 0.024074
0 0.115104 0.561111 0.009375 0.018519
0 0.116667 0.195370 0.010417 0.022222
0 0.701562 0.728241 0.041667 0.025000
0 0.080208 0.584722 0.015625 0.021296
0 0.641927 0.088889 0.015104 0.024074
0 0.105729 0.756944 0.009375 0.017593
0 0.994792 0.172222 0.009375 0.016667
0 0.043750 0.584259 0.015625 0.022222
0 0.881250 0.199537 0.032292 0.028704
0 0.535156 0.977315 0.017188 0.025000
0 0.846615 0.978241 0.014063 0.023148
0 0.116927 0.701389 0.014063 0.021296
0 0.007812 0.325463 0.015625 0.023148
0 0.863021 0.977778 0.015625 0.024074
0 0.729948 0.088426 0.015104 0.023148
0 0.603906 0.979630 0.020313 0.031481
0 0.098958 0.584722 0.016667 0.021296
0 0.115104 0.756481 0.006250 0.014815
0 0.025260 0.195833 0.011979 0.025000
0 0.132812 0.145833 0.014583 0.021296
0 0.069531 0.858333 0.139063 0.027778
0 0.025521 0.610185 0.017708 0.020370
0 0.080990 0.700463 0.013021 0.023148
0 0.080469 0.662037 0.014063 0.027778
0 0.115625 0.172222 0.010417 0.018519
0 0.063281 0.700463 0.017188 0.025000
0 0.558594 0.977778 0.018229 0.025926
0 0.063281 0.247222 0.015104 0.024074
0 0.097135 0.146296 0.017188 0.024074
0 0.984375 0.171296 0.009375 0.016667
0 0.846094 0.441667 0.010937 0.020370
0 0.025781 0.145370 0.050521 0.027778
0 0.124479 0.561111 0.007292 0.016667
0 0.236979 0.033796 0.016667 0.019444
0 0.466406 0.978241 0.017188 0.025000
0 0.026042 0.272685 0.015625 0.025000
0 0.062500 0.299074 0.013542 0.024074
0 0.125000 0.756481 0.007292 0.014815
0 0.974479 0.172222 0.008333 0.014815
0 0.134896 0.560648 0.007292 0.015741
0 0.580990 0.978241 0.018229 0.028704
0 0.008594 0.221759 0.014063 0.025000
0 0.747656 0.088889 0.014063 0.020370
0 0.080469 0.610185 0.015104 0.022222
0 0.919010 0.976852 0.014063 0.024074
0 0.080729 0.247222 0.013542 0.024074
0 0.534115 0.506019 0.125521 0.026852
0 0.712240 0.088426 0.014063 0.023148
0 0.007812 0.247222 0.013542 0.024074
0 0.098698 0.325463 0.013021 0.025000
0 0.193750 0.212500 0.087500 0.019444
0 0.025000 0.247685 0.015625 0.023148
0 0.044271 0.352778 0.015625 0.025926
0 0.844792 0.473148 0.036458 0.029630
0 0.025521 0.636111 0.016667 0.024074
0 0.134896 0.171759 0.009375 0.019444
0 0.197396 0.174074 0.007292 0.016667
0 0.694792 0.088426 0.017708 0.023148
0 0.044010 0.247685 0.013021 0.023148
0 0.124740 0.172685 0.007812 0.017593
0 0.507292 0.476852 0.041667 0.024074
0 0.117188 0.247685 0.013542 0.025000
0 0.490104 0.977315 0.018750 0.023148
0 0.080469 0.726852 0.014063 0.022222
0 0.079687 0.145833 0.013542 0.023148
0 0.939323 0.007870 0.010937 0.015741
0 0.008073 0.034259 0.014063 0.022222
0 0.070573 0.904630 0.141146 0.024074
0 0.608594 0.074537 0.034896 0.054630
0 0.117969 0.325926 0.017188 0.024074
0 0.492188 0.728241 0.041667 0.025000
0 0.025521 0.325000 0.015625 0.022222
0 0.982812 0.081481 0.026042 0.061111
0 0.025521 0.260185 0.015625 0.040741
0 0.080729 0.326389 0.014583 0.025000
0 0.044010 0.636574 0.015104 0.025000
0 0.044271 0.298611 0.014583 0.025000
0 0.062240 0.325926 0.013021 0.024074
0 0.044010 0.273148 0.015104 0.024074
0 0.062240 0.610648 0.015104 0.021296
0 0.040885 0.083796 0.022396 0.060185
0 0.080469 0.299074 0.014063 0.024074
0 0.044271 0.325463 0.013542 0.023148
0 0.099219 0.701389 0.014063 0.023148
0 0.062500 0.272685 0.014583 0.025000
0 0.099479 0.300000 0.013542 0.024074
0 0.973698 0.033333 0.051562 0.025926
0 0.098437 0.247685 0.012500 0.025000
0 0.080469 0.635648 0.015104 0.025000
0 0.088542 0.082407 0.023958 0.059259
0 0.118229 0.300463 0.016667 0.025000
0 0.044531 0.726852 0.015104 0.020370
0 0.080208 0.272685 0.014583 0.025000
0 0.062240 0.636111 0.016146 0.025926
0 0.116667 0.274074 0.013542 0.022222
0 0.512500 0.976852 0.016667 0.024074
0 0.065104 0.083333 0.022917 0.059259
0 0.396875 0.976389 0.116667 0.034259
0 0.098698 0.273611 0.013021 0.025000
0 0.016406 0.082407 0.026562 0.061111
0 0.070312 0.830093 0.140625 0.026852
0 0.834375 0.506481 0.055208 0.025926
0 0.070573 0.804630 0.141146 0.027778
0 0.914844 0.409213 0.167187 0.016759
0 0.027062 0.033250 0.015104 0.020370
0 0.803872 0.473713 0.027672 0.021296
0 0.168125 0.172685 0.048750 0.019444
0 0.071042 0.925824 0.142083 0.012796
0 0.666589 0.695833 0.388385 0.017593
0 0.913594 0.917593 0.172812 0.022222
0 0.945458 0.976657 0.013542 0.025926
0 0.963146 0.008963 0.009375 0.017926
0 0.046589 0.033315 0.017760 0.018852
0 0.179909 0.862157 0.041984 0.072593
0 0.643208 0.063778 0.019792 0.023148
0 0.870833 0.440324 0.012500 0.019537
0 0.531094 0.553241 0.116354 0.017593
0 0.356497 0.089250 0.144401 0.026130
0 0.731255 0.063843 0.034677 0.024167
0 0.272708 0.089583 0.020417 0.023611
0 0.772539 0.065000 0.013203 0.022037
0 0.111120 0.063889 0.020156 0.020370
0 0.442531 0.063389 0.015625 0.023148
0 0.509922 0.088889 0.152135 0.024074
0 0.988646 0.009981 0.013542 0.019963
0 0.858568 0.079167 0.025573 0.047222
0 0.883708 0.080352 0.023958 0.052778
0 0.189661 0.087778 0.136198 0.023704
0 0.518258 0.063551 0.134318 0.023213
0 0.933281 0.033796 0.021771 0.025000
0 0.272682 0.064352 0.020365 0.025000
0 0.684052 0.063977 0.060125 0.023139
0 0.189724 0.064500 0.134823 0.024185
0 0.355505 0.062440 0.144198 0.025250
0 0.747604 0.506944 0.114167 0.026852
0 0.638786 0.477065 0.036385 0.017852
0 0.675396 0.477838 0.031656 0.019009
0 0.899820 0.976185 0.017172 0.019741
0 0.976906 0.976773 0.042125 0.031083
0 0.932247 0.976023 0.010474 0.019602
0 0.060224 0.145032 0.015771 0.025398
0 0.070591 0.034259 0.022901 0.018537
0 0.097346 0.033509 0.020370 0.017685
0 0.120203 0.033523 0.015729 0.018509
0 0.140211 0.032949 0.017828 0.018231
0 0.160987 0.033023 0.015974 0.018657
0 0.186667 0.032421 0.026698 0.019583
0 0.214753 0.032755 0.019786 0.019583
0 0.772307 0.089843 0.012271 0.021574
0 0.789135 0.064704 0.013333 0.020741
0 0.788432 0.089241 0.015781 0.021111
0 0.806297 0.064380 0.013490 0.022870
0 0.805776 0.088824 0.014948 0.021574
0 0.821216 0.063954 0.010922 0.022074
0 0.820815 0.087935 0.011870 0.021759
0 0.837214 0.063269 0.015156 0.020000
0 0.919682 0.063838 0.035469 0.026046
0 0.910674 0.088727 0.016151 0.022398
0 0.928505 0.089134 0.016896 0.023250
0 0.915565 0.249366 0.168870 0.018917
0 0.915167 0.268778 0.169667 0.017444
0 0.838971 0.288986 0.015214 0.020417
0 0.838083 0.313051 0.014188 0.023065
0 0.925768 0.286491 0.148464 0.016648
0 0.924904 0.303389 0.148464 0.016648
0 0.925823 0.321245 0.148354 0.016657
0 0.915487 0.338287 0.169026 0.016648
0 0.915034 0.355769 0.169026 0.016648
0 0.914745 0.374380 0.169031 0.016648
0 0.530714 0.569597 0.116354 0.015065
0 0.530854 0.585255 0.116354 0.015065
0 0.530854 0.600940 0.116354 0.015065
0 0.472906 0.477630 0.021667 0.020574
0 0.539271 0.476801 0.020156 0.017917
0 0.569794 0.477713 0.034734 0.018093
0 0.603570 0.477079 0.028099 0.019250
0 0.025521 0.351852 0.014583 0.025926
0 0.846875 0.199537 0.035417 0.028704
0 0.025781 0.584259 0.017188 0.024074
0 0.894531 0.034259 0.014063 0.022222
0 0.008073 0.352315 0.014063 0.023148
0 0.586198 0.728241 0.042188 0.025000
0 0.327344 0.978704 0.020313 0.024074
0 0.676562 0.087500 0.011458 0.021296
0 0.672917 0.981481 0.016667 0.029630
0 0.755208 0.728241 0.056250 0.025000
0 0.650521 0.981481 0.017708 0.029630
0 0.044010 0.222685 0.013021 0.023148
0 0.627344 0.980556 0.016146 0.027778
0 0.008333 0.728241 0.016667 0.019444
0 0.062500 0.662500 0.015625 0.028704
0 0.080729 0.221296 0.012500 0.022222
0 0.110937 0.090278 0.016667 0.026852
0 0.207813 0.145833 0.014583 0.023148
0 0.079948 0.194907 0.011979 0.023148
0 0.967708 0.146296 0.019792 0.022222
0 0.946354 0.146759 0.013542 0.021296
0 0.190365 0.146759 0.014063 0.025000
0 0.172135 0.146296 0.018229 0.025926
0 0.953906 0.080093 0.021354 0.058333
0 0.008073 0.663889 0.016146 0.029630
