0 0.899479 0.976852 0.019792 0.027778
0 0.070312 0.804630 0.140625 0.027778
0 0.070573 0.830556 0.141146 0.027778
0 0.016406 0.081944 0.026562 0.062037
0 0.098698 0.273611 0.013021 0.025000
0 0.065104 0.083333 0.021875 0.059259
0 0.116927 0.273611 0.014063 0.023148
0 0.062240 0.636111 0.016146 0.025926
0 0.080469 0.272685 0.015104 0.025000
0 0.088542 0.082870 0.023958 0.060185
0 0.062500 0.272685 0.014583 0.025000
0 0.080469 0.635648 0.015104 0.025000
0 0.080469 0.727315 0.014063 0.023148
0 0.118229 0.300463 0.017708 0.025000
0 0.062500 0.610648 0.014583 0.021296
0 0.040885 0.083333 0.021354 0.061111
0 0.098437 0.247685 0.012500 0.025000
0 0.044010 0.325463 0.014063 0.023148
0 0.044010 0.636111 0.015104 0.025926
0 0.099479 0.299537 0.013542 0.025000
0 0.044271 0.298611 0.014583 0.025000
0 0.044531 0.726852 0.015104 0.020370
0 0.044010 0.273148 0.015104 0.024074
0 0.080729 0.299074 0.014583 0.024074
0 0.025521 0.325463 0.015625 0.023148
0 0.025521 0.636111 0.016667 0.024074
0 0.044271 0.700926 0.014583 0.025926
0 0.099219 0.701389 0.014063 0.023148
0 0.523698 0.977315 0.017188 0.025000
0 0.043750 0.247685 0.013542 0.023148
0 0.063281 0.700463 0.017188 0.025000
0 0.711979 0.088426 0.013542 0.023148
0 0.044010 0.662500 0.014063 0.028704
0 0.080469 0.610185 0.015104 0.022222
0 0.408333 0.976389 0.116667 0.034259
0 0.883333 0.081481 0.023958 0.053704
0 0.080729 0.247222 0.014583 0.024074
0 0.983073 0.082407 0.025521 0.064815
0 0.694792 0.088426 0.017708 0.023148
0 0.044010 0.610648 0.015104 0.023148
0 0.080990 0.700463 0.013021 0.023148
0 0.117448 0.248148 0.014063 0.025926
0 0.008594 0.221759 0.014063 0.025000
0 0.062240 0.325463 0.013021 0.025000
0 0.570052 0.978704 0.018229 0.027778
0 0.080469 0.325926 0.015104 0.025926
0 0.729948 0.088426 0.015104 0.023148
0 0.592448 0.979630 0.018229 0.031481
0 0.546615 0.977315 0.017188 0.025000
0 0.062500 0.299074 0.013542 0.024074
0 0.025781 0.299537 0.014063 0.025000
0 0.501042 0.977315 0.017708 0.023148
0 0.043750 0.584259 0.015625 0.022222
0 0.747396 0.088889 0.014583 0.022222
0 0.117969 0.326852 0.017188 0.024074
0 0.044271 0.352778 0.015625 0.025926
0 0.846875 0.199537 0.035417 0.028704
0 0.062500 0.221759 0.013542 0.023148
0 0.025781 0.662963 0.014063 0.029630
0 0.062500 0.662500 0.015625 0.028704
0 0.007812 0.325463 0.015625 0.023148
0 0.973698 0.033333 0.050521 0.025926
0 0.676562 0.087963 0.012500 0.022222
0 0.008073 0.663889 0.016146 0.029630
0 0.061719 0.145833 0.018229 0.025000
0 0.098698 0.325463 0.013021 0.025000
0 0.441667 0.064815 0.015625 0.024074
0 0.008333 0.727778 0.016667 0.020370
0 0.117188 0.701389 0.014583 0.023148
0 0.615885 0.980093 0.019271 0.030556
0 0.477604 0.977778 0.017708 0.025926
0 0.237240 0.032870 0.017188 0.019444
0 0.026042 0.700926 0.014583 0.025926
0 0.063281 0.726852 0.016146 0.020370
0 0.008073 0.032870 0.014063 0.021296
0 0.008073 0.352315 0.015104 0.023148
0 0.080469 0.221296 0.013021 0.022222
0 0.044010 0.222222 0.013021 0.022222
0 0.967708 0.145833 0.019792 0.023148
0 0.894271 0.034259 0.013542 0.022222
0 0.008073 0.700463 0.016146 0.026852
0 0.025521 0.352315 0.014583 0.026852
0 0.946354 0.146296 0.013542 0.022222
0 0.909896 0.033796 0.013542 0.025000
0 0.190365 0.146296 0.015104 0.025926
0 0.207813 0.146296 0.014583 0.024074
0 0.917448 0.200463 0.035937 0.025000
0 0.172135 0.146296 0.018229 0.025926
0 0.007812 0.610185 0.015625 0.022222
0 0.659375 0.088426 0.013542 0.021296
0 0.227083 0.146296 0.017708 0.024074
0 0.008594 0.635185 0.014063 0.024074
0 0.025521 0.584259 0.017708 0.024074
0 0.152083 0.145833 0.018750 0.025000
0 0.111198 0.089815 0.016146 0.027778
0 0.026042 0.726852 0.015625 0.020370
0 0.116667 0.636574 0.015625 0.025000
0 0.061719 0.583796 0.015104 0.021296
0 0.146615 0.193519 0.011979 0.022222
0 0.116927 0.221759 0.013021 0.023148
0 0.008333 0.273148 0.014583 0.024074
0 0.008333 0.298148 0.015625 0.027778
0 0.098698 0.636574 0.015104 0.025000
0 0.098958 0.609722 0.015625 0.023148
0 0.638542 0.980556 0.015625 0.025926
0 0.117188 0.585185 0.015625 0.020370
0 0.099219 0.221296 0.014063 0.022222
0 0.008333 0.194907 0.016667 0.025000
0 0.988802 0.145833 0.019271 0.023148
0 0.007812 0.584259 0.015625 0.024074
0 0.661458 0.980093 0.017708 0.026852
0 0.025521 0.222222 0.014583 0.024074
0 0.079948 0.194907 0.013021 0.023148
0 0.116406 0.609722 0.015104 0.023148
0 0.881250 0.199537 0.032292 0.028704
0 0.641927 0.089815 0.015104 0.022222
0 0.062500 0.195370 0.013542 0.024074
0 0.080208 0.584722 0.015625 0.019444
0 0.134896 0.756944 0.007292 0.017593
0 0.338542 0.977315 0.019792 0.026852
0 0.965625 0.172222 0.011458 0.016667
0 0.116406 0.194444 0.010937 0.022222
0 0.994792 0.172222 0.009375 0.016667
0 0.115104 0.146296 0.015625 0.024074
0 0.105729 0.757407 0.010417 0.018519
0 0.080469 0.662037 0.014063 0.027778
0 0.098958 0.584722 0.016667 0.021296
0 0.115104 0.561111 0.009375 0.018519
0 0.133073 0.145833 0.015104 0.021296
0 0.070312 0.905093 0.140625 0.026852
0 0.025781 0.609259 0.017188 0.020370
0 0.608854 0.077315 0.035417 0.054630
0 0.097135 0.146296 0.017188 0.024074
0 0.115625 0.172222 0.010417 0.020370
0 0.862760 0.978241 0.015104 0.030556
0 0.115104 0.756481 0.006250 0.016667
0 0.879687 0.976389 0.016667 0.028704
0 0.984375 0.171296 0.009375 0.016667
0 0.818490 0.175000 0.014063 0.022222
0 0.124740 0.756481 0.007812 0.016667
0 0.124479 0.561111 0.007292 0.016667
0 0.135156 0.560648 0.007812 0.015741
0 0.134896 0.172222 0.009375 0.020370
0 0.974479 0.172222 0.008333 0.014815
0 0.197396 0.173611 0.008333 0.019444
0 0.079167 0.145370 0.013542 0.024074
0 0.939323 0.008333 0.010937 0.016667
0 0.124740 0.172685 0.007812 0.017593
0 0.193750 0.212963 0.087500 0.018519
0 0.272448 0.064815 0.019896 0.024074
0 0.821826 0.087361 0.012620 0.020444
0 0.837133 0.062477 0.014245 0.020880
0 0.806818 0.063921 0.015552 0.023417
0 0.837802 0.287250 0.015615 0.021852
0 0.805523 0.089843 0.014474 0.022278
0 0.915177 0.250750 0.169646 0.016389
0 0.915346 0.267407 0.169307 0.016389
0 0.925383 0.285250 0.149234 0.016389
0 0.925716 0.302204 0.148568 0.016389
0 0.789375 0.090509 0.016094 0.025537
0 0.789430 0.063727 0.015120 0.024194
0 0.925716 0.319454 0.148568 0.016389
0 0.771984 0.089648 0.016740 0.023037
0 0.773227 0.064116 0.015120 0.025343
0 0.214362 0.033245 0.023995 0.018657
0 0.187768 0.032079 0.026880 0.021361
0 0.071604 0.034412 0.023615 0.018750
0 0.098206 0.034250 0.022870 0.015426
0 0.119581 0.034583 0.015401 0.015759
0 0.141143 0.033500 0.020443 0.021907
0 0.821513 0.063810 0.010495 0.021324
0 0.070568 0.926380 0.139479 0.017593
0 0.026380 0.274028 0.016302 0.024167
0 0.072448 0.858333 0.144896 0.025926
0 0.026224 0.146759 0.049323 0.021296
0 0.027703 0.032000 0.015104 0.020370
0 0.913646 0.918056 0.172708 0.023148
0 0.929031 0.087815 0.017188 0.023444
0 0.910328 0.089611 0.017708 0.026852
0 0.913281 0.338889 0.169271 0.018519
0 0.167370 0.173148 0.047240 0.020370
0 0.861849 0.496759 0.064323 0.015741
0 0.962458 0.008852 0.014583 0.017704
0 0.356128 0.089685 0.141807 0.025074
0 0.027604 0.195833 0.016667 0.025000
0 0.046380 0.033806 0.015781 0.018519
0 0.044232 0.194907 0.015703 0.025000
0 0.182448 0.864500 0.046146 0.077778
0 0.731188 0.063704 0.034292 0.024444
0 0.838344 0.312611 0.017188 0.026852
0 0.644755 0.063157 0.019792 0.023148
0 0.919786 0.062463 0.036979 0.025000
0 0.975039 0.976449 0.035484 0.035102
0 0.945299 0.975005 0.013245 0.023324
0 0.932242 0.975449 0.010120 0.023769
0 0.920057 0.978116 0.012250 0.026435
0 0.915047 0.460139 0.169906 0.016389
0 0.914255 0.426046 0.170000 0.016389
0 0.112234 0.062852 0.018750 0.021296
0 0.915016 0.407463 0.169969 0.016389
0 0.518823 0.063981 0.135677 0.023889
0 0.273177 0.090741 0.021354 0.025926
0 0.914643 0.390954 0.169995 0.016389
0 0.913867 0.373741 0.169995 0.016389
0 0.162984 0.032343 0.015771 0.016593
0 0.100000 0.195639 0.019792 0.024074
0 0.913482 0.356537 0.169995 0.016389
0 0.956510 0.083319 0.021875 0.060028
0 0.190036 0.086699 0.135344 0.024935
0 0.858307 0.081019 0.025052 0.049074
0 0.989406 0.008759 0.014063 0.017519
0 0.511198 0.088889 0.154688 0.024074
0 0.027005 0.248741 0.015625 0.024074
0 0.356013 0.064079 0.141932 0.022787
0 0.064859 0.248417 0.015625 0.024074
0 0.009057 0.248111 0.017073 0.024074
0 0.189393 0.064347 0.134234 0.022398
0 0.684628 0.064306 0.060328 0.023241
0 0.932734 0.034259 0.020677 0.024074
