0 0.166328 0.172222 0.045156 0.020370
0 0.975135 0.976171 0.038229 0.032454
0 0.944516 0.975884 0.011125 0.019583
0 0.931935 0.975111 0.010370 0.020352
0 0.920323 0.975597 0.011125 0.023231
0 0.915083 0.460509 0.169833 0.016389
0 0.914836 0.425639 0.169995 0.016389
0 0.914711 0.408083 0.169995 0.016389
0 0.915081 0.390046 0.169839 0.016389
0 0.915224 0.372833 0.169552 0.016389
0 0.914870 0.355861 0.170000 0.016389
0 0.915297 0.335556 0.169406 0.016389
0 0.925948 0.320120 0.148104 0.016389
0 0.925865 0.303472 0.148271 0.016389
0 0.925529 0.285630 0.148943 0.016389
0 0.914143 0.268380 0.169995 0.016389
0 0.914844 0.250130 0.170000 0.016389
0 0.884357 0.079551 0.022703 0.060639
0 0.838016 0.066843 0.013302 0.032130
0 0.821536 0.088815 0.014750 0.019537
0 0.822404 0.063741 0.013016 0.026500
0 0.805633 0.088690 0.015036 0.020306
0 0.806570 0.062731 0.013443 0.029556
0 0.789365 0.089458 0.014604 0.020824
0 0.789727 0.065296 0.016193 0.023389
0 0.773391 0.090486 0.015615 0.024417
0 0.773172 0.063500 0.014313 0.023389
0 0.215232 0.031282 0.022557 0.021361
0 0.187471 0.032167 0.028339 0.020556
0 0.162164 0.032759 0.015984 0.022278
0 0.140133 0.032759 0.018141 0.019204
0 0.119523 0.033722 0.013797 0.020037
0 0.097047 0.033028 0.021875 0.015000
0 0.071432 0.034148 0.022958 0.017463
0 0.117484 0.229167 0.012500 0.025000
0 0.026510 0.030722 0.015104 0.021296
0 0.070469 0.925389 0.140938 0.013667
0 0.146237 0.193194 0.010839 0.016667
0 0.928604 0.089843 0.017188 0.025130
0 0.910328 0.089917 0.017708 0.027778
0 0.914167 0.917593 0.171667 0.022222
0 0.356352 0.088889 0.145005 0.027778
0 0.863932 0.496759 0.068490 0.015741
0 0.962578 0.008694 0.014583 0.017389
0 0.070182 0.829769 0.140365 0.024074
0 0.028021 0.195833 0.017500 0.025000
0 0.045672 0.033213 0.017927 0.018519
0 0.117578 0.198472 0.010937 0.023148
0 0.044219 0.194907 0.014688 0.025000
0 0.181156 0.863426 0.044427 0.075000
0 0.643536 0.062130 0.019792 0.024074
0 0.729826 0.063764 0.034828 0.022898
0 0.111802 0.062463 0.018750 0.021296
0 0.100333 0.197120 0.019792 0.024074
0 0.519875 0.065769 0.136146 0.022685
0 0.273281 0.090278 0.021562 0.025000
0 0.859547 0.079167 0.026042 0.050000
0 0.988396 0.008907 0.014583 0.017815
0 0.954167 0.077269 0.021875 0.052685
0 0.510104 0.088889 0.152500 0.024074
0 0.189135 0.087134 0.132458 0.023880
0 0.355935 0.062810 0.143755 0.024509
0 0.027000 0.247481 0.015625 0.024074
0 0.064771 0.248111 0.015625 0.024074
0 0.009552 0.248778 0.016771 0.024074
0 0.188784 0.064032 0.134307 0.024176
0 0.684294 0.063458 0.059745 0.023398
0 0.933516 0.034259 0.022240 0.024074
0 0.272422 0.064352 0.020885 0.025000
0 0.063281 0.727315 0.016146 0.021296
0 0.070573 0.804630 0.141146 0.027778
0 0.016406 0.081944 0.026562 0.062037
0 0.098698 0.273611 0.013021 0.025000
0 0.116927 0.273611 0.014063 0.023148
0 0.065104 0.083333 0.021875 0.059259
0 0.062240 0.636111 0.016146 0.025926
0 0.080469 0.272685 0.015104 0.025000
0 0.062500 0.272685 0.014583 0.025000
0 0.080469 0.636111 0.015104 0.025926
0 0.088542 0.082407 0.023958 0.061111
0 0.118490 0.300463 0.018229 0.025000
0 0.062500 0.610648 0.014583 0.021296
0 0.040625 0.083333 0.021875 0.061111
0 0.044010 0.325463 0.014063 0.023148
0 0.837760 0.287963 0.017188 0.020370
0 0.080469 0.727315 0.014063 0.023148
0 0.044010 0.636111 0.015104 0.025926
0 0.098437 0.247685 0.012500 0.025000
0 0.044271 0.298611 0.014583 0.025000
0 0.099479 0.300000 0.013542 0.024074
0 0.044271 0.726852 0.015625 0.020370
0 0.044010 0.273148 0.015104 0.024074
0 0.080729 0.299074 0.014583 0.024074
0 0.025521 0.325463 0.015625 0.023148
0 0.025521 0.636111 0.016667 0.024074
0 0.512760 0.977315 0.017188 0.025000
0 0.044271 0.700926 0.014583 0.025926
0 0.044010 0.662500 0.014063 0.028704
0 0.043750 0.247685 0.013542 0.023148
0 0.099219 0.701389 0.014063 0.023148
0 0.063281 0.700463 0.017188 0.025000
0 0.080469 0.610185 0.015104 0.022222
0 0.711979 0.088426 0.013542 0.023148
0 0.080729 0.247222 0.014583 0.024074
0 0.983073 0.082870 0.025521 0.065741
0 0.558594 0.978704 0.019271 0.027778
0 0.008594 0.221759 0.014063 0.025000
0 0.044010 0.610648 0.015104 0.023148
0 0.080469 0.325926 0.015104 0.025926
0 0.117448 0.248148 0.014063 0.025926
0 0.062240 0.325463 0.013021 0.025000
0 0.080990 0.700463 0.013021 0.023148
0 0.729948 0.088426 0.015104 0.023148
0 0.694792 0.087963 0.017708 0.022222
0 0.580729 0.979167 0.018750 0.030556
0 0.396615 0.976389 0.117188 0.034259
0 0.062500 0.299074 0.013542 0.024074
0 0.025781 0.299537 0.014063 0.025000
0 0.603906 0.979630 0.020313 0.031481
0 0.025781 0.662963 0.014063 0.029630
0 0.117969 0.326852 0.017188 0.024074
0 0.846875 0.199537 0.035417 0.028704
0 0.043750 0.584259 0.015625 0.022222
0 0.044271 0.352778 0.015625 0.025926
0 0.747396 0.088889 0.014583 0.022222
0 0.062500 0.221759 0.013542 0.023148
0 0.489844 0.977315 0.018229 0.023148
0 0.062500 0.662500 0.015625 0.028704
0 0.535156 0.977315 0.017188 0.025000
0 0.008073 0.663889 0.016146 0.029630
0 0.007812 0.325463 0.015625 0.023148
0 0.676562 0.087500 0.012500 0.021296
0 0.441667 0.064815 0.015625 0.024074
0 0.973698 0.033333 0.050521 0.025926
0 0.098698 0.325463 0.013021 0.025000
0 0.672917 0.981019 0.016667 0.028704
0 0.008333 0.727778 0.016667 0.020370
0 0.117188 0.701389 0.014583 0.023148
0 0.008073 0.352315 0.015104 0.023148
0 0.026042 0.700926 0.014583 0.025926
0 0.026042 0.273148 0.015625 0.025926
0 0.946354 0.146759 0.013542 0.023148
0 0.080469 0.221296 0.013021 0.022222
0 0.967708 0.145833 0.019792 0.023148
0 0.044010 0.222222 0.013021 0.022222
0 0.190365 0.146296 0.015104 0.025926
0 0.650260 0.981481 0.017188 0.029630
0 0.025521 0.352315 0.014583 0.026852
0 0.008073 0.700463 0.016146 0.026852
0 0.894271 0.034259 0.013542 0.022222
0 0.207813 0.146296 0.014583 0.024074
0 0.909896 0.034259 0.013542 0.025926
0 0.917448 0.200463 0.035937 0.025000
0 0.172135 0.146296 0.018229 0.025926
0 0.465885 0.977778 0.017188 0.025926
0 0.110937 0.089815 0.016667 0.027778
0 0.007812 0.610185 0.015625 0.022222
0 0.008594 0.635185 0.014063 0.024074
0 0.627344 0.980556 0.016146 0.027778
0 0.659115 0.088426 0.014063 0.021296
0 0.025521 0.584259 0.017708 0.024074
0 0.116667 0.636574 0.015625 0.025000
0 0.152083 0.145833 0.018750 0.025000
0 0.026042 0.726852 0.015625 0.020370
0 0.227083 0.146296 0.018750 0.024074
0 0.061719 0.583796 0.015104 0.021296
0 0.098698 0.636574 0.015104 0.025000
0 0.327083 0.978241 0.020833 0.025000
0 0.008073 0.298148 0.016146 0.027778
0 0.008333 0.273148 0.014583 0.024074
0 0.098958 0.610185 0.015625 0.024074
0 0.117188 0.585185 0.015625 0.020370
0 0.008333 0.194907 0.016667 0.025000
0 0.098958 0.221296 0.014583 0.022222
0 0.988802 0.145833 0.019271 0.023148
0 0.837760 0.312037 0.017188 0.027778
0 0.918490 0.063426 0.036979 0.025000
0 0.007812 0.584722 0.015625 0.025000
0 0.025521 0.222222 0.014583 0.024074
0 0.879948 0.976852 0.014063 0.027778
0 0.079948 0.194907 0.013021 0.023148
0 0.116406 0.609722 0.015104 0.023148
0 0.815885 0.191204 0.017188 0.015741
0 0.881250 0.199537 0.032292 0.028704
0 0.062500 0.195370 0.013542 0.024074
0 0.080208 0.584722 0.015625 0.019444
0 0.134896 0.756944 0.007292 0.017593
0 0.846615 0.978241 0.015104 0.026852
0 0.641667 0.089815 0.014583 0.022222
0 0.965625 0.172222 0.011458 0.016667
0 0.994792 0.171759 0.009375 0.017593
0 0.863281 0.976852 0.016146 0.027778
0 0.105990 0.756481 0.009896 0.018519
0 0.115365 0.146296 0.016146 0.024074
0 0.080469 0.662037 0.014063 0.027778
0 0.098958 0.585185 0.016667 0.022222
0 0.115104 0.561111 0.009375 0.018519
0 0.133073 0.145833 0.015104 0.021296
0 0.070312 0.905093 0.140625 0.026852
0 0.608854 0.076852 0.035417 0.055556
0 0.115104 0.756481 0.006250 0.016667
0 0.025781 0.609259 0.017188 0.020370
0 0.097135 0.146296 0.017188 0.024074
0 0.115625 0.172222 0.010417 0.020370
0 0.984375 0.171296 0.009375 0.016667
0 0.070052 0.858333 0.140104 0.027778
0 0.818229 0.175000 0.014583 0.022222
0 0.025781 0.145370 0.050521 0.027778
0 0.124740 0.756481 0.007812 0.016667
0 0.124479 0.561111 0.007292 0.016667
0 0.135156 0.560648 0.007812 0.015741
0 0.134896 0.172222 0.009375 0.020370
0 0.197396 0.173611 0.008333 0.019444
0 0.974479 0.172222 0.008333 0.014815
0 0.079167 0.145370 0.013542 0.024074
0 0.939323 0.008333 0.010937 0.016667
0 0.124740 0.172685 0.007812 0.017593
0 0.899740 0.976852 0.021354 0.027778
0 0.237240 0.033333 0.017188 0.020370
0 0.008073 0.032870 0.014063 0.021296
0 0.061719 0.145833 0.018229 0.025000
