0 0.071784 0.034333 0.025995 0.020667
0 0.098148 0.034778 0.023745 0.021111
0 0.914383 0.531398 0.152661 0.016389
0 0.119375 0.032551 0.014312 0.020046
0 0.140049 0.033968 0.020099 0.018250
0 0.161375 0.033838 0.017354 0.018509
0 0.187182 0.032681 0.027615 0.017731
0 0.214849 0.033625 0.021115 0.021102
0 0.877734 0.813426 0.077344 0.012037
0 0.747557 0.088403 0.012427 0.019935
0 0.772094 0.064523 0.017031 0.023046
0 0.772479 0.089472 0.016260 0.020648
0 0.789997 0.063833 0.014130 0.027185
0 0.914620 0.602926 0.152656 0.016389
0 0.928760 0.088556 0.017188 0.026222
0 0.910521 0.089481 0.017708 0.027778
0 0.913125 0.742593 0.155000 0.018519
0 0.788641 0.091019 0.014906 0.021685
0 0.864323 0.848611 0.050521 0.013889
0 0.806060 0.065042 0.014130 0.019954
0 0.858932 0.081944 0.024844 0.050926
0 0.730859 0.063843 0.034635 0.024167
0 0.953906 0.081713 0.022396 0.063426
0 0.063880 0.247991 0.016510 0.024074
0 0.913880 0.883333 0.152448 0.016667
0 0.884740 0.777778 0.093438 0.012963
0 0.061828 0.145954 0.016760 0.021296
0 0.875521 0.866204 0.073958 0.013889
0 0.517768 0.065065 0.132589 0.023093
0 0.189935 0.088347 0.136068 0.025157
0 0.356057 0.063125 0.144135 0.024769
0 0.189646 0.064190 0.134042 0.022454
0 0.684250 0.064028 0.060250 0.023796
0 0.932552 0.034259 0.020313 0.024074
0 0.273255 0.064352 0.022552 0.025000
0 0.805867 0.090676 0.016453 0.023056
0 0.821544 0.063838 0.011422 0.016861
0 0.821544 0.087407 0.011807 0.017889
0 0.864245 0.549074 0.050365 0.012963
0 0.836354 0.062630 0.014708 0.017889
0 0.909240 0.250315 0.163188 0.016389
0 0.908969 0.285407 0.162479 0.016389
0 0.910083 0.303204 0.162479 0.016389
0 0.860573 0.795833 0.061771 0.013889
0 0.974453 0.976370 0.033615 0.034852
0 0.944273 0.976718 0.014745 0.025324
0 0.931591 0.976694 0.010620 0.023111
0 0.919034 0.977384 0.013745 0.025769
0 0.899977 0.978051 0.015870 0.020435
0 0.914620 0.670213 0.152656 0.016389
0 0.909503 0.321435 0.162474 0.016389
0 0.910083 0.338639 0.162479 0.016389
0 0.914841 0.653491 0.152661 0.016389
0 0.910276 0.355500 0.162479 0.016389
0 0.910763 0.374157 0.162474 0.016389
0 0.914841 0.636769 0.152661 0.016389
0 0.910987 0.390870 0.162474 0.016389
0 0.863125 0.900463 0.048125 0.013889
0 0.070000 0.925338 0.140000 0.014324
0 0.914841 0.620046 0.152661 0.016389
0 0.914531 0.919583 0.170938 0.018796
0 0.909643 0.408389 0.162474 0.016389
0 0.027193 0.033065 0.017635 0.018519
0 0.910987 0.443426 0.162474 0.016389
0 0.878802 0.831019 0.079479 0.013889
0 0.167813 0.172685 0.049167 0.021296
0 0.914659 0.479352 0.152661 0.016389
0 0.862474 0.426852 0.066615 0.016667
0 0.355927 0.089125 0.144292 0.027491
0 0.963198 0.009074 0.016146 0.018148
0 0.272604 0.090278 0.020208 0.025000
0 0.989646 0.008537 0.014583 0.017074
0 0.100227 0.196500 0.018474 0.024074
0 0.509687 0.088889 0.151667 0.024074
0 0.112240 0.063426 0.018750 0.021296
0 0.110792 0.088278 0.016667 0.027778
0 0.865182 0.760648 0.052240 0.013889
0 0.643625 0.063019 0.019792 0.023148
0 0.919740 0.063426 0.036979 0.025000
0 0.045135 0.195167 0.017188 0.025000
0 0.181391 0.862713 0.048854 0.075648
0 0.027552 0.195833 0.016562 0.025000
0 0.070312 0.860648 0.140625 0.028704
0 0.046753 0.033796 0.016182 0.020370
0 0.914716 0.496009 0.152661 0.016389
0 0.914549 0.512954 0.152661 0.016389
0 0.852109 0.461111 0.045885 0.018519
0 0.115104 0.756481 0.006250 0.016667
0 0.070573 0.804630 0.141146 0.027778
0 0.070573 0.830556 0.141146 0.027778
0 0.016406 0.081944 0.026562 0.062037
0 0.098698 0.273611 0.013021 0.025000
0 0.116927 0.274074 0.014063 0.022222
0 0.065104 0.083796 0.021875 0.060185
0 0.080469 0.272685 0.015104 0.025000
0 0.062240 0.636111 0.016146 0.025926
0 0.062760 0.272685 0.015104 0.025000
0 0.118490 0.300463 0.018229 0.025000
0 0.397135 0.976389 0.117188 0.034259
0 0.080469 0.635648 0.015104 0.025000
0 0.044010 0.325926 0.014063 0.024074
0 0.044531 0.726852 0.016146 0.020370
0 0.040625 0.083333 0.021875 0.061111
0 0.099479 0.300000 0.013542 0.024074
0 0.088542 0.082870 0.023958 0.060185
0 0.044271 0.298611 0.014583 0.025000
0 0.080729 0.299074 0.014583 0.024074
0 0.080469 0.727315 0.014063 0.023148
0 0.062240 0.610648 0.015104 0.021296
0 0.044010 0.636574 0.015104 0.025000
0 0.098437 0.247685 0.012500 0.025000
0 0.044010 0.273148 0.015104 0.024074
0 0.025521 0.325463 0.015625 0.023148
0 0.711979 0.088426 0.013542 0.023148
0 0.099219 0.701389 0.014063 0.023148
0 0.982812 0.081019 0.026042 0.063889
0 0.694792 0.088426 0.017708 0.023148
0 0.512500 0.977315 0.017708 0.025000
0 0.080469 0.326389 0.015104 0.025000
0 0.025260 0.636111 0.017188 0.024074
0 0.883333 0.081944 0.023958 0.054630
0 0.062240 0.325463 0.013021 0.025000
0 0.044010 0.662500 0.014063 0.028704
0 0.043750 0.247685 0.013542 0.023148
0 0.008073 0.247222 0.014063 0.024074
0 0.044271 0.700926 0.014583 0.025926
0 0.973437 0.033333 0.051042 0.025926
0 0.080729 0.610185 0.015625 0.022222
0 0.080729 0.247222 0.014583 0.024074
0 0.008594 0.221759 0.014063 0.025000
0 0.729948 0.088889 0.015104 0.022222
0 0.063281 0.700463 0.017188 0.025000
0 0.558333 0.978241 0.018750 0.026852
0 0.025260 0.248148 0.016146 0.024074
0 0.080990 0.700463 0.013021 0.023148
0 0.117448 0.248148 0.014063 0.025926
0 0.044271 0.352778 0.015625 0.025926
0 0.062500 0.299074 0.013542 0.024074
0 0.044010 0.610648 0.015104 0.023148
0 0.043750 0.584259 0.015625 0.022222
0 0.025781 0.662963 0.014063 0.029630
0 0.025781 0.299537 0.014063 0.025000
0 0.490104 0.976852 0.018750 0.024074
0 0.098698 0.325463 0.013021 0.025000
0 0.117969 0.326389 0.017188 0.023148
0 0.580729 0.979167 0.018750 0.030556
0 0.007812 0.325463 0.015625 0.023148
0 0.534896 0.977315 0.017708 0.025000
0 0.676562 0.087963 0.012500 0.022222
0 0.441667 0.064815 0.015625 0.024074
0 0.008073 0.663889 0.016146 0.029630
0 0.672917 0.981019 0.016667 0.028704
0 0.117188 0.701389 0.014583 0.023148
0 0.604167 0.979630 0.020833 0.031481
0 0.062500 0.221759 0.013542 0.023148
0 0.026042 0.273148 0.015625 0.025926
0 0.062500 0.662500 0.015625 0.028704
0 0.466146 0.978241 0.017708 0.026852
0 0.063281 0.726852 0.016146 0.020370
0 0.946354 0.146296 0.013542 0.022222
0 0.909896 0.034259 0.013542 0.025926
0 0.967708 0.145833 0.019792 0.023148
0 0.327344 0.978241 0.021354 0.025000
0 0.207552 0.146296 0.015104 0.024074
0 0.008073 0.351852 0.015104 0.024074
0 0.190365 0.146296 0.015104 0.025926
0 0.008333 0.727778 0.016667 0.020370
0 0.080469 0.221759 0.013021 0.023148
0 0.025521 0.352315 0.014583 0.026852
0 0.025781 0.584259 0.017188 0.024074
0 0.894271 0.034259 0.014583 0.022222
0 0.659375 0.088426 0.013542 0.021296
0 0.043750 0.222685 0.013542 0.023148
0 0.026042 0.700926 0.014583 0.025926
0 0.061719 0.584259 0.015104 0.022222
0 0.008333 0.700463 0.016667 0.026852
0 0.008594 0.635648 0.014063 0.025000
0 0.117188 0.584722 0.015625 0.021296
0 0.627083 0.980556 0.016667 0.027778
0 0.116667 0.637037 0.015625 0.024074
0 0.172135 0.146296 0.018229 0.025926
0 0.008333 0.194907 0.016667 0.025000
0 0.026042 0.726852 0.015625 0.020370
0 0.847135 0.199537 0.035937 0.028704
0 0.008333 0.273148 0.014583 0.024074
0 0.098958 0.636574 0.015625 0.025000
0 0.099219 0.609722 0.016146 0.025000
0 0.007812 0.298148 0.015625 0.027778
0 0.079948 0.194907 0.013021 0.023148
0 0.146615 0.193519 0.011979 0.022222
0 0.152083 0.146296 0.018750 0.025926
0 0.227083 0.146296 0.018750 0.024074
0 0.008073 0.610185 0.016146 0.022222
0 0.116927 0.221759 0.013021 0.023148
0 0.098958 0.221296 0.014583 0.022222
0 0.988802 0.145370 0.019271 0.022222
0 0.917448 0.200000 0.035937 0.024074
0 0.008073 0.584259 0.016146 0.025926
0 0.116146 0.609722 0.015625 0.023148
0 0.025521 0.221759 0.015625 0.025000
0 0.846615 0.978241 0.014063 0.023148
0 0.062500 0.195370 0.013542 0.024074
0 0.641927 0.089815 0.015104 0.022222
0 0.881250 0.199537 0.032292 0.028704
0 0.115365 0.146296 0.016146 0.024074
0 0.080208 0.584722 0.015625 0.021296
0 0.116667 0.195370 0.011458 0.022222
0 0.098958 0.585185 0.016667 0.022222
0 0.115104 0.561111 0.009375 0.018519
0 0.994792 0.172222 0.009375 0.016667
0 0.964583 0.172685 0.009375 0.015741
0 0.879948 0.977778 0.014063 0.024074
0 0.863021 0.977778 0.015625 0.024074
0 0.080469 0.662037 0.014063 0.027778
0 0.105729 0.757407 0.010417 0.018519
0 0.133073 0.146296 0.015104 0.022222
0 0.819271 0.173611 0.011458 0.019444
0 0.097135 0.145833 0.017188 0.025000
0 0.025781 0.609722 0.018229 0.021296
0 0.115625 0.172222 0.010417 0.020370
0 0.984375 0.171296 0.009375 0.016667
0 0.025781 0.145370 0.050521 0.027778
0 0.124740 0.756481 0.007812 0.016667
0 0.070312 0.905093 0.140625 0.026852
0 0.236979 0.033333 0.016667 0.020370
0 0.124479 0.560648 0.007292 0.017593
0 0.135156 0.560185 0.007812 0.016667
0 0.135156 0.172222 0.009896 0.020370
0 0.197396 0.173611 0.008333 0.019444
0 0.135937 0.757407 0.006250 0.022222
0 0.974479 0.172222 0.008333 0.014815
0 0.079427 0.145833 0.014063 0.025000
0 0.608594 0.077315 0.034896 0.054630
0 0.189583 0.212500 0.077083 0.019444
0 0.124740 0.173148 0.007812 0.018519
0 0.939323 0.008333 0.010937 0.016667
0 0.008073 0.033796 0.014063 0.023148
0 0.871615 0.689352 0.066146 0.017593
0 0.025521 0.257407 0.015625 0.042593
