0 0.676562 0.088426 0.012500 0.021296
0 0.070573 0.831019 0.141146 0.026852
0 0.016406 0.081944 0.026562 0.062037
0 0.098698 0.273611 0.013021 0.025000
0 0.062240 0.636111 0.016146 0.025926
0 0.080469 0.272685 0.015104 0.025000
0 0.116927 0.274074 0.014063 0.022222
0 0.065104 0.083333 0.021875 0.059259
0 0.062500 0.272685 0.014583 0.025000
0 0.080469 0.727315 0.014063 0.023148
0 0.080469 0.635648 0.015104 0.025000
0 0.118229 0.300463 0.017708 0.025000
0 0.044531 0.726852 0.015104 0.020370
0 0.098437 0.247685 0.012500 0.025000
0 0.044010 0.325463 0.014063 0.023148
0 0.044010 0.636111 0.015104 0.025926
0 0.062240 0.610648 0.015104 0.021296
0 0.088542 0.082407 0.023958 0.061111
0 0.040885 0.083333 0.021354 0.061111
0 0.044271 0.298611 0.014583 0.025000
0 0.099479 0.300000 0.013542 0.024074
0 0.044010 0.273148 0.015104 0.024074
0 0.080729 0.299074 0.014583 0.024074
0 0.025521 0.325463 0.015625 0.023148
0 0.044010 0.662500 0.014063 0.028704
0 0.044271 0.700926 0.014583 0.025926
0 0.025521 0.636111 0.016667 0.024074
0 0.043750 0.247685 0.013542 0.023148
0 0.099219 0.701389 0.014063 0.023148
0 0.523698 0.977315 0.017188 0.025000
0 0.973698 0.033333 0.050521 0.025926
0 0.080729 0.247222 0.014583 0.024074
0 0.063281 0.700463 0.017188 0.025000
0 0.983073 0.082407 0.025521 0.064815
0 0.080469 0.610185 0.015104 0.022222
0 0.408333 0.976389 0.116667 0.034259
0 0.883333 0.081481 0.023958 0.053704
0 0.044010 0.610648 0.015104 0.023148
0 0.062240 0.325463 0.013021 0.025000
0 0.008594 0.221759 0.014063 0.025000
0 0.570052 0.978241 0.018229 0.026852
0 0.080990 0.700463 0.013021 0.023148
0 0.117448 0.248148 0.014063 0.025926
0 0.062500 0.662500 0.015625 0.028704
0 0.025781 0.662963 0.014063 0.029630
0 0.546615 0.977315 0.017188 0.025000
0 0.846875 0.199537 0.035417 0.028704
0 0.501042 0.977315 0.017708 0.023148
0 0.080469 0.325926 0.015104 0.025926
0 0.592708 0.979630 0.018750 0.031481
0 0.062500 0.299074 0.013542 0.024074
0 0.043750 0.584259 0.015625 0.022222
0 0.025781 0.299537 0.014063 0.025000
0 0.044271 0.352778 0.015625 0.025926
0 0.729948 0.088889 0.015104 0.024074
0 0.712240 0.088889 0.014063 0.022222
0 0.062500 0.221759 0.013542 0.023148
0 0.117969 0.326389 0.017188 0.023148
0 0.008073 0.663426 0.016146 0.028704
0 0.954167 0.087500 0.021875 0.073148
0 0.967708 0.146296 0.019792 0.022222
0 0.747396 0.088889 0.014583 0.022222
0 0.007812 0.325463 0.015625 0.023148
0 0.694792 0.088889 0.014583 0.020370
0 0.063021 0.726852 0.015625 0.020370
0 0.477604 0.977315 0.017708 0.026852
0 0.026042 0.272685 0.015625 0.025000
0 0.441667 0.064815 0.015625 0.024074
0 0.946354 0.146759 0.013542 0.021296
0 0.008333 0.727778 0.016667 0.020370
0 0.117188 0.701389 0.014583 0.023148
0 0.098698 0.325463 0.013021 0.025000
0 0.026042 0.700926 0.014583 0.025926
0 0.207813 0.146296 0.014583 0.024074
0 0.894531 0.034259 0.014063 0.022222
0 0.615885 0.980093 0.019271 0.030556
0 0.080469 0.221296 0.013021 0.022222
0 0.008073 0.351852 0.015104 0.024074
0 0.190365 0.146296 0.015104 0.025926
0 0.044010 0.222222 0.013021 0.022222
0 0.909896 0.034259 0.013542 0.024074
0 0.025521 0.352315 0.014583 0.026852
0 0.008073 0.700463 0.016146 0.026852
0 0.227083 0.146296 0.017708 0.024074
0 0.172135 0.146296 0.018229 0.025926
0 0.025521 0.584259 0.017708 0.024074
0 0.007812 0.610185 0.015625 0.022222
0 0.061719 0.583796 0.015104 0.021296
0 0.659375 0.089352 0.013542 0.021296
0 0.116406 0.636574 0.015104 0.025000
0 0.026042 0.726852 0.015625 0.020370
0 0.008594 0.635185 0.014063 0.024074
0 0.110937 0.089815 0.016667 0.027778
0 0.152083 0.145833 0.018750 0.025000
0 0.008073 0.298148 0.016146 0.027778
0 0.098958 0.610185 0.015625 0.024074
0 0.917708 0.200463 0.036458 0.025000
0 0.098958 0.636111 0.014583 0.024074
0 0.988802 0.145833 0.019271 0.023148
0 0.008333 0.273148 0.014583 0.024074
0 0.008594 0.194907 0.017188 0.025000
0 0.116927 0.221759 0.013021 0.023148
0 0.117188 0.585185 0.015625 0.020370
0 0.638542 0.980556 0.015625 0.025926
0 0.099219 0.221296 0.014063 0.022222
0 0.007812 0.584722 0.015625 0.025000
0 0.661198 0.980093 0.017188 0.026852
0 0.116406 0.609722 0.015104 0.023148
0 0.731250 0.062963 0.035417 0.025926
0 0.025521 0.222222 0.014583 0.024074
0 0.881510 0.199537 0.032813 0.028704
0 0.079948 0.194907 0.013021 0.023148
0 0.080208 0.584722 0.015625 0.019444
0 0.062500 0.195370 0.013542 0.024074
0 0.134896 0.756944 0.007292 0.017593
0 0.994792 0.172222 0.009375 0.016667
0 0.965625 0.171759 0.011458 0.015741
0 0.338542 0.977778 0.019792 0.027778
0 0.115104 0.146296 0.015625 0.024074
0 0.080469 0.662037 0.014063 0.027778
0 0.098958 0.585185 0.016667 0.022222
0 0.115104 0.561111 0.009375 0.018519
0 0.105729 0.757407 0.010417 0.018519
0 0.879687 0.976852 0.016667 0.027778
0 0.133073 0.145833 0.015104 0.021296
0 0.025781 0.609259 0.017188 0.020370
0 0.863021 0.978241 0.014583 0.030556
0 0.115104 0.756481 0.006250 0.016667
0 0.097135 0.146296 0.017188 0.024074
0 0.115625 0.172222 0.010417 0.020370
0 0.070312 0.905093 0.140625 0.026852
0 0.070052 0.857870 0.140104 0.026852
0 0.819531 0.174074 0.010937 0.020370
0 0.984375 0.171296 0.009375 0.016667
0 0.025781 0.145370 0.050521 0.027778
0 0.124740 0.756481 0.007812 0.016667
0 0.124479 0.561111 0.007292 0.016667
0 0.608594 0.078241 0.034896 0.050926
0 0.197396 0.173611 0.008333 0.019444
0 0.135156 0.172222 0.009896 0.020370
0 0.135156 0.560648 0.007812 0.015741
0 0.939323 0.008333 0.010937 0.016667
0 0.079167 0.145370 0.013542 0.024074
0 0.974219 0.172222 0.008854 0.014815
0 0.847656 0.373148 0.035937 0.016667
0 0.899740 0.976852 0.020313 0.027778
0 0.124740 0.172685 0.007812 0.017593
0 0.193750 0.212963 0.087500 0.018519
0 0.851302 0.320833 0.042188 0.015741
0 0.919755 0.062537 0.036458 0.025000
0 0.272969 0.090741 0.020938 0.025926
0 0.100000 0.197111 0.019792 0.024074
0 0.519901 0.064602 0.136198 0.023333
0 0.858880 0.081019 0.024948 0.049074
0 0.189495 0.088074 0.134865 0.025704
0 0.919289 0.975139 0.010828 0.026222
0 0.931706 0.975472 0.010453 0.024222
0 0.167682 0.173148 0.047865 0.020370
0 0.873411 0.637037 0.069740 0.014815
0 0.944354 0.974644 0.013531 0.022565
0 0.973753 0.976880 0.035964 0.030333
0 0.508854 0.088426 0.150000 0.025000
0 0.835372 0.715417 0.008745 0.033019
0 0.838391 0.659255 0.012625 0.020546
0 0.925255 0.655579 0.149490 0.016120
0 0.355784 0.088889 0.145099 0.027778
0 0.027641 0.196722 0.016219 0.025000
0 0.915003 0.600926 0.169703 0.016130
0 0.987875 0.009106 0.014583 0.018213
0 0.925039 0.672287 0.149922 0.016130
0 0.925039 0.688731 0.149922 0.016130
0 0.838857 0.680102 0.015495 0.021556
0 0.848862 0.619338 0.035859 0.013361
0 0.026961 0.032583 0.014932 0.018519
0 0.915219 0.583963 0.169562 0.016130
0 0.060099 0.146222 0.015740 0.021296
0 0.009302 0.033287 0.015104 0.020370
0 0.028125 0.246352 0.015625 0.023148
0 0.116573 0.195639 0.010937 0.022222
0 0.009818 0.248333 0.017552 0.024074
0 0.043411 0.194685 0.013073 0.025000
0 0.190047 0.064574 0.132510 0.023593
0 0.925255 0.708009 0.149490 0.016130
0 0.069539 0.926148 0.138005 0.013815
0 0.180635 0.861435 0.043906 0.075278
0 0.642042 0.089861 0.015625 0.027778
0 0.915365 0.566222 0.169271 0.016130
0 0.064646 0.247889 0.015625 0.024074
0 0.915219 0.549519 0.169562 0.016130
0 0.914570 0.529981 0.169703 0.016130
0 0.915219 0.513787 0.169562 0.016130
0 0.355680 0.064944 0.142703 0.024889
0 0.915003 0.496315 0.169703 0.016130
0 0.919836 0.460713 0.160328 0.016130
0 0.919586 0.442870 0.160828 0.016130
0 0.919836 0.424435 0.160328 0.016130
0 0.919586 0.407778 0.160828 0.016130
0 0.933516 0.034259 0.022240 0.024074
0 0.273359 0.064815 0.021719 0.024074
0 0.684984 0.062963 0.061979 0.025926
0 0.120669 0.032644 0.016620 0.017769
0 0.097737 0.031977 0.024995 0.019546
0 0.069310 0.031421 0.024120 0.022435
0 0.046065 0.033310 0.017870 0.018213
0 0.919919 0.391120 0.160161 0.016130
0 0.140534 0.033532 0.019620 0.021324
0 0.162294 0.033981 0.017401 0.020519
0 0.185716 0.033241 0.024755 0.019630
0 0.215159 0.033685 0.021411 0.018741
0 0.238328 0.032495 0.022250 0.018731
0 0.772456 0.064366 0.013745 0.023991
0 0.772518 0.090801 0.013620 0.023102
0 0.789263 0.063810 0.013370 0.021546
0 0.789013 0.089583 0.015120 0.021111
0 0.806133 0.064477 0.015120 0.023324
0 0.805758 0.090245 0.015120 0.023324
0 0.821378 0.062588 0.012870 0.022213
0 0.821003 0.089023 0.012870 0.024880
0 0.838299 0.062148 0.015995 0.019111
0 0.914659 0.249130 0.169703 0.016130
0 0.914513 0.268148 0.169703 0.016130
0 0.914513 0.285630 0.169703 0.016130
0 0.915266 0.303366 0.169469 0.016120
0 0.920104 0.339005 0.159792 0.016120
0 0.913516 0.918056 0.172969 0.023148
0 0.070391 0.805093 0.136615 0.021296
0 0.928125 0.088722 0.017708 0.026852
0 0.962927 0.009130 0.016146 0.018259
0 0.644109 0.064005 0.019365 0.017880
0 0.910229 0.091065 0.017708 0.026852
0 0.113063 0.063648 0.018750 0.021296
