0 0.061458 0.145370 0.017708 0.024074
0 0.062500 0.272685 0.014583 0.025000
0 0.080469 0.727315 0.014063 0.023148
0 0.065104 0.083333 0.021875 0.059259
0 0.116927 0.274074 0.014063 0.022222
0 0.044531 0.726852 0.015104 0.020370
0 0.080469 0.272685 0.015104 0.025000
0 0.062240 0.636111 0.016146 0.025926
0 0.098698 0.273611 0.013021 0.025000
0 0.016406 0.081944 0.026562 0.062037
0 0.070573 0.830556 0.141146 0.027778
0 0.070573 0.804630 0.141146 0.027778
0 0.080469 0.635648 0.015104 0.025000
0 0.062240 0.610648 0.015104 0.021296
0 0.044010 0.636574 0.015104 0.025000
0 0.118490 0.300463 0.017188 0.025000
0 0.098437 0.247685 0.012500 0.025000
0 0.044010 0.325463 0.014063 0.023148
0 0.040885 0.083333 0.021354 0.061111
0 0.523958 0.977315 0.016667 0.025000
0 0.044271 0.298611 0.014583 0.025000
0 0.099479 0.300000 0.013542 0.024074
0 0.099219 0.701389 0.014063 0.023148
0 0.846875 0.199537 0.035417 0.028704
0 0.088542 0.082870 0.023958 0.060185
0 0.080729 0.299074 0.014583 0.024074
0 0.044010 0.701389 0.014063 0.025000
0 0.711979 0.088889 0.013542 0.022222
0 0.694792 0.088426 0.017708 0.021296
0 0.025781 0.325000 0.015104 0.022222
0 0.570052 0.978241 0.018229 0.026852
0 0.063281 0.700926 0.017188 0.024074
0 0.408333 0.976389 0.116667 0.034259
0 0.025521 0.636111 0.016667 0.024074
0 0.043750 0.247685 0.013542 0.023148
0 0.973958 0.033333 0.051042 0.025926
0 0.080729 0.247222 0.014583 0.024074
0 0.501042 0.977315 0.016667 0.023148
0 0.044010 0.662500 0.014063 0.028704
0 0.080469 0.610185 0.015104 0.022222
0 0.062240 0.325463 0.013021 0.025000
0 0.883333 0.081481 0.023958 0.053704
0 0.592448 0.979167 0.018229 0.030556
0 0.080990 0.700463 0.013021 0.023148
0 0.747656 0.089352 0.014063 0.021296
0 0.117188 0.247685 0.013542 0.025000
0 0.546875 0.977315 0.016667 0.025000
0 0.044010 0.610648 0.015104 0.023148
0 0.730208 0.088889 0.014583 0.022222
0 0.676823 0.088426 0.011979 0.021296
0 0.080469 0.326389 0.015104 0.025000
0 0.983073 0.083333 0.025521 0.066667
0 0.008594 0.221759 0.014063 0.025000
0 0.062500 0.299074 0.013542 0.024074
0 0.044271 0.352778 0.015625 0.025926
0 0.477865 0.977778 0.017188 0.025926
0 0.062500 0.221759 0.013542 0.023148
0 0.043750 0.584259 0.015625 0.022222
0 0.025781 0.299537 0.014063 0.025000
0 0.062500 0.662500 0.015625 0.028704
0 0.917708 0.200463 0.036458 0.025000
0 0.116927 0.701852 0.014063 0.022222
0 0.117969 0.326389 0.017188 0.023148
0 0.946354 0.146296 0.013542 0.022222
0 0.007812 0.325463 0.015625 0.023148
0 0.967708 0.145833 0.019792 0.023148
0 0.008073 0.727778 0.016146 0.020370
0 0.207813 0.145833 0.014583 0.023148
0 0.098698 0.325463 0.013021 0.025000
0 0.025781 0.662500 0.014063 0.028704
0 0.615885 0.980093 0.019271 0.030556
0 0.659115 0.088889 0.013021 0.020370
0 0.080469 0.221296 0.013021 0.022222
0 0.063021 0.726852 0.015625 0.020370
0 0.026302 0.700926 0.014063 0.025926
0 0.190365 0.146759 0.015104 0.025000
0 0.894271 0.034259 0.013542 0.022222
0 0.008073 0.352315 0.015104 0.023148
0 0.044010 0.222222 0.013021 0.022222
0 0.026042 0.272685 0.015625 0.025000
0 0.008073 0.700926 0.016146 0.025926
0 0.025521 0.352315 0.014583 0.025000
0 0.008073 0.663426 0.016146 0.028704
0 0.172135 0.146296 0.018229 0.025926
0 0.227083 0.146759 0.017708 0.023148
0 0.638802 0.980556 0.015104 0.025926
0 0.007812 0.610648 0.015625 0.021296
0 0.881250 0.199537 0.033333 0.028704
0 0.988802 0.145370 0.019271 0.022222
0 0.026042 0.726852 0.015625 0.020370
0 0.061719 0.584259 0.015104 0.020370
0 0.152083 0.145833 0.018750 0.025000
0 0.025521 0.584722 0.017708 0.023148
0 0.116406 0.637037 0.015104 0.024074
0 0.116927 0.222222 0.013021 0.022222
0 0.098958 0.636111 0.014583 0.024074
0 0.099219 0.221296 0.014063 0.022222
0 0.117188 0.585185 0.015625 0.020370
0 0.098958 0.609722 0.015625 0.023148
0 0.008333 0.298148 0.015625 0.027778
0 0.008333 0.272685 0.014583 0.023148
0 0.661458 0.980093 0.016667 0.026852
0 0.008333 0.194907 0.016667 0.025000
0 0.909896 0.034259 0.013542 0.024074
0 0.008594 0.635648 0.014063 0.023148
0 0.079948 0.195370 0.013021 0.022222
0 0.641927 0.089815 0.015104 0.022222
0 0.116406 0.610185 0.015104 0.022222
0 0.025521 0.222222 0.014583 0.024074
0 0.007812 0.584259 0.015625 0.024074
0 0.964844 0.172222 0.009896 0.016667
0 0.062500 0.195370 0.013542 0.024074
0 0.080208 0.584722 0.015625 0.019444
0 0.134896 0.756481 0.007292 0.016667
0 0.994792 0.171759 0.009375 0.017593
0 0.105990 0.756481 0.009896 0.018519
0 0.116406 0.194444 0.010937 0.022222
0 0.115104 0.146296 0.015625 0.024074
0 0.115104 0.561111 0.009375 0.018519
0 0.338542 0.977778 0.019792 0.027778
0 0.098698 0.585185 0.016146 0.020370
0 0.115104 0.756481 0.006250 0.016667
0 0.080469 0.662037 0.014063 0.027778
0 0.133073 0.145833 0.015104 0.021296
0 0.025781 0.609722 0.017188 0.019444
0 0.097135 0.145833 0.017188 0.023148
0 0.115625 0.172222 0.010417 0.018519
0 0.070052 0.858333 0.140104 0.027778
0 0.984375 0.171296 0.009375 0.016667
0 0.863021 0.978241 0.015625 0.030556
0 0.879687 0.976852 0.016667 0.027778
0 0.608594 0.077315 0.034896 0.054630
0 0.025781 0.145370 0.050521 0.027778
0 0.124740 0.756481 0.007812 0.016667
0 0.974479 0.172222 0.008333 0.014815
0 0.124479 0.561111 0.007292 0.016667
0 0.135156 0.560648 0.007812 0.015741
0 0.134896 0.171759 0.009375 0.019444
0 0.079427 0.145833 0.013021 0.023148
0 0.124740 0.172685 0.007812 0.017593
0 0.899479 0.977315 0.019792 0.026852
0 0.198958 0.212963 0.098958 0.018519
0 0.008073 0.032870 0.015104 0.021296
0 0.237240 0.032870 0.017188 0.019444
0 0.772599 0.064611 0.013740 0.019500
0 0.214810 0.032222 0.021370 0.019778
0 0.186820 0.033097 0.028120 0.016194
0 0.272224 0.088917 0.020906 0.025926
0 0.112057 0.062259 0.018750 0.021296
0 0.162268 0.033444 0.016995 0.017333
0 0.140685 0.032759 0.018828 0.017722
0 0.070745 0.905602 0.140625 0.026852
0 0.119417 0.032329 0.015896 0.017102
0 0.100000 0.197333 0.019792 0.024074
0 0.821422 0.087944 0.010646 0.019111
0 0.963672 0.009380 0.014063 0.018759
0 0.096654 0.033194 0.023776 0.017352
0 0.046297 0.033685 0.015490 0.017593
0 0.442422 0.063852 0.015625 0.024074
0 0.976109 0.977616 0.039906 0.033935
0 0.070750 0.034060 0.023708 0.017602
0 0.859219 0.081019 0.024271 0.049074
0 0.820979 0.061472 0.011052 0.024093
0 0.730612 0.063750 0.032526 0.024352
0 0.509453 0.088889 0.151198 0.024074
0 0.027813 0.195833 0.017083 0.025000
0 0.954167 0.082407 0.021875 0.062963
0 0.988422 0.009657 0.014063 0.019315
0 0.189698 0.087639 0.133521 0.025278
0 0.180172 0.861593 0.049115 0.078056
0 0.043958 0.195833 0.015208 0.025000
0 0.027375 0.248130 0.015625 0.023148
0 0.008792 0.248556 0.017583 0.024074
0 0.518284 0.063296 0.132703 0.024741
0 0.355602 0.088241 0.145359 0.026481
0 0.064406 0.248111 0.015104 0.024074
0 0.819365 0.173778 0.012552 0.014815
0 0.932958 0.032926 0.019375 0.024074
0 0.044010 0.272481 0.015104 0.024074
0 0.684492 0.063824 0.060391 0.023019
0 0.806216 0.089653 0.013474 0.022806
0 0.944589 0.976204 0.014167 0.024426
0 0.930854 0.974787 0.011562 0.019537
0 0.189969 0.064046 0.134854 0.021981
0 0.806216 0.064625 0.014120 0.023528
0 0.272529 0.062694 0.021516 0.025000
0 0.167240 0.172685 0.046979 0.019444
0 0.355911 0.062708 0.144010 0.024120
0 0.788570 0.090000 0.016026 0.019926
0 0.643750 0.064222 0.019792 0.024074
0 0.919286 0.975046 0.009833 0.024667
0 0.837234 0.062616 0.015490 0.022380
0 0.111312 0.087991 0.016667 0.027778
0 0.918812 0.061880 0.036979 0.025926
0 0.008333 0.271157 0.014583 0.020648
0 0.072021 0.925546 0.143177 0.012426
0 0.789443 0.065037 0.015125 0.021426
0 0.027620 0.032917 0.015104 0.020370
0 0.928708 0.088852 0.017188 0.026852
0 0.939245 0.007616 0.010937 0.015231
0 0.913594 0.918056 0.172812 0.023148
0 0.197359 0.172843 0.010417 0.017593
0 0.909896 0.089509 0.017708 0.026852
0 0.772750 0.089306 0.013802 0.020037
0 0.146154 0.192051 0.008734 0.018491
