0 0.863099 0.813426 0.048073 0.012037
0 0.910474 0.089556 0.017708 0.026852
0 0.856615 0.865741 0.036146 0.012963
0 0.914375 0.654630 0.151458 0.018519
0 0.962224 0.008940 0.015104 0.017880
0 0.167161 0.172685 0.047865 0.021296
0 0.355802 0.089204 0.144021 0.026037
0 0.026602 0.196426 0.017370 0.025000
0 0.008677 0.033417 0.015042 0.018519
0 0.112672 0.089690 0.017708 0.028361
0 0.045388 0.194907 0.014328 0.025000
0 0.182146 0.862329 0.044479 0.078120
0 0.643750 0.063157 0.019792 0.023148
0 0.112240 0.063685 0.018750 0.021296
0 0.099422 0.196852 0.019792 0.024074
0 0.509297 0.088889 0.150885 0.024074
0 0.273047 0.090278 0.021094 0.025000
0 0.730828 0.063241 0.033240 0.025370
0 0.442828 0.063787 0.015625 0.024074
0 0.858828 0.081481 0.025052 0.050000
0 0.518107 0.063259 0.133266 0.026704
0 0.189773 0.087338 0.132849 0.025694
0 0.027573 0.248148 0.016146 0.024074
0 0.065047 0.247222 0.015625 0.024074
0 0.953906 0.080509 0.022396 0.061019
0 0.009143 0.247731 0.018286 0.024074
0 0.355836 0.064125 0.143224 0.023065
0 0.190151 0.064176 0.133031 0.022981
0 0.684268 0.063843 0.059276 0.024167
0 0.933229 0.034259 0.021667 0.024074
0 0.272839 0.064352 0.021719 0.025000
0 0.046734 0.033810 0.016771 0.017991
0 0.069581 0.032782 0.024578 0.023139
0 0.098062 0.033171 0.024292 0.018250
0 0.119534 0.031884 0.016047 0.023898
0 0.140424 0.030727 0.017932 0.020046
0 0.162401 0.032782 0.018510 0.023139
0 0.186763 0.031884 0.027620 0.019787
0 0.214307 0.031630 0.019375 0.019796
0 0.237510 0.034329 0.018073 0.027250
0 0.772669 0.063412 0.013245 0.021546
0 0.772419 0.089736 0.013745 0.024435
0 0.789289 0.064745 0.014995 0.025991
0 0.787789 0.089069 0.016495 0.022213
0 0.807156 0.064412 0.015000 0.025324
0 0.804909 0.090625 0.014245 0.022657
0 0.822404 0.063190 0.010495 0.023769
0 0.820654 0.087514 0.011995 0.021769
0 0.837398 0.061968 0.014495 0.017769
0 0.910099 0.249912 0.160219 0.016120
0 0.909333 0.285861 0.160219 0.016130
0 0.909466 0.303481 0.160224 0.016130
0 0.908831 0.321083 0.160224 0.016130
0 0.909260 0.337407 0.160219 0.016130
0 0.910167 0.355685 0.160219 0.016130
0 0.910167 0.373435 0.160219 0.016130
0 0.910542 0.390361 0.160219 0.016130
0 0.910156 0.408444 0.160219 0.016130
0 0.862315 0.426778 0.065911 0.016204
0 0.909792 0.443343 0.160219 0.016130
0 0.913187 0.496657 0.153958 0.016389
0 0.916104 0.567222 0.153958 0.016389
0 0.914167 0.584426 0.153958 0.016389
0 0.914365 0.602315 0.153958 0.016389
0 0.915521 0.620898 0.153958 0.016389
0 0.915344 0.637546 0.153958 0.016389
0 0.914776 0.671806 0.153958 0.016389
0 0.915354 0.689537 0.153958 0.016389
0 0.915068 0.707019 0.153958 0.016389
0 0.914630 0.725009 0.153958 0.016389
0 0.913995 0.742972 0.153958 0.016389
0 0.882346 0.777722 0.088922 0.019019
0 0.875391 0.883968 0.074573 0.019509
0 0.932039 0.975222 0.011422 0.023648
0 0.975630 0.976255 0.039906 0.031880
0 0.947031 0.975194 0.013542 0.026852
0 0.061063 0.145481 0.017458 0.021296
0 0.914667 0.918315 0.170667 0.023000
0 0.028370 0.033065 0.015104 0.020370
0 0.864844 0.513769 0.053125 0.015796
0 0.072154 0.924889 0.141630 0.012074
0 0.868307 0.760648 0.058490 0.013889
0 0.913125 0.479769 0.153958 0.016389
0 0.878021 0.831019 0.077917 0.013889
0 0.928672 0.088866 0.017188 0.024861
0 0.912422 0.901389 0.153281 0.015741
0 0.854062 0.795833 0.049792 0.013889
0 0.878203 0.848148 0.078281 0.012963
0 0.919010 0.976389 0.013021 0.025000
0 0.070312 0.804630 0.140625 0.027778
0 0.070573 0.830556 0.141146 0.027778
0 0.016406 0.081944 0.026562 0.062037
0 0.098698 0.273611 0.013021 0.025000
0 0.065104 0.083333 0.021875 0.059259
0 0.116927 0.274074 0.014063 0.022222
0 0.062240 0.636111 0.016146 0.025926
0 0.080469 0.272685 0.015104 0.025000
0 0.062760 0.272685 0.015104 0.025000
0 0.080469 0.635648 0.015104 0.025000
0 0.118490 0.300463 0.018229 0.025000
0 0.088542 0.082407 0.023958 0.061111
0 0.396875 0.976389 0.116667 0.034259
0 0.044010 0.325463 0.014063 0.023148
0 0.040625 0.083333 0.021875 0.061111
0 0.044531 0.726852 0.016146 0.020370
0 0.099479 0.300000 0.013542 0.024074
0 0.080469 0.727315 0.014063 0.023148
0 0.044271 0.298611 0.014583 0.025000
0 0.044010 0.636111 0.015104 0.025926
0 0.098437 0.247685 0.012500 0.025000
0 0.080729 0.299074 0.014583 0.024074
0 0.062240 0.610648 0.015104 0.021296
0 0.044010 0.273148 0.015104 0.024074
0 0.025521 0.325463 0.015625 0.023148
0 0.711979 0.088426 0.013542 0.023148
0 0.982812 0.081944 0.026042 0.063889
0 0.694792 0.088426 0.017708 0.023148
0 0.099219 0.701389 0.014063 0.023148
0 0.512500 0.977315 0.017708 0.025000
0 0.025260 0.636111 0.017188 0.024074
0 0.080469 0.326389 0.015104 0.025000
0 0.044010 0.662500 0.014063 0.028704
0 0.044271 0.700926 0.014583 0.025926
0 0.044010 0.247685 0.014063 0.023148
0 0.973437 0.033796 0.051042 0.026852
0 0.062240 0.325463 0.013021 0.025000
0 0.080729 0.610185 0.015625 0.022222
0 0.883333 0.081944 0.023958 0.054630
0 0.080729 0.247222 0.014583 0.024074
0 0.747396 0.088889 0.014583 0.022222
0 0.063281 0.700463 0.017188 0.025000
0 0.008333 0.221759 0.014583 0.025000
0 0.729948 0.088889 0.015104 0.022222
0 0.558333 0.977778 0.018750 0.027778
0 0.080990 0.700463 0.013021 0.023148
0 0.117448 0.248148 0.014063 0.025926
0 0.044271 0.352778 0.015625 0.025926
0 0.044010 0.610648 0.015104 0.023148
0 0.062760 0.299074 0.014063 0.024074
0 0.026042 0.662963 0.014583 0.029630
0 0.043750 0.584259 0.015625 0.022222
0 0.025781 0.299537 0.014063 0.025000
0 0.117969 0.326389 0.017188 0.023148
0 0.489844 0.976852 0.019271 0.024074
0 0.580729 0.979167 0.018750 0.030556
0 0.098698 0.325463 0.013021 0.025000
0 0.007812 0.325463 0.015625 0.023148
0 0.534896 0.977315 0.017708 0.025000
0 0.676562 0.087963 0.012500 0.022222
0 0.008073 0.663889 0.016146 0.029630
0 0.988021 0.010648 0.014583 0.021296
0 0.673177 0.981019 0.017188 0.028704
0 0.604167 0.979630 0.020833 0.031481
0 0.062500 0.221759 0.014583 0.023148
0 0.026042 0.272685 0.015625 0.025000
0 0.117188 0.701389 0.014583 0.023148
0 0.062500 0.662500 0.015625 0.028704
0 0.909896 0.034259 0.013542 0.025926
0 0.466146 0.978241 0.017708 0.026852
0 0.327083 0.978241 0.021875 0.025000
0 0.650260 0.981019 0.017188 0.028704
0 0.063281 0.726852 0.016146 0.020370
0 0.008073 0.352315 0.015104 0.023148
0 0.008333 0.727778 0.016667 0.020370
0 0.080469 0.221296 0.013021 0.022222
0 0.025521 0.352315 0.015625 0.026852
0 0.043750 0.222222 0.013542 0.022222
0 0.026042 0.700463 0.014583 0.026852
0 0.946354 0.146759 0.013542 0.023148
0 0.190365 0.146296 0.015104 0.025926
0 0.659375 0.088426 0.013542 0.021296
0 0.207552 0.146296 0.015104 0.024074
0 0.894271 0.034722 0.014583 0.023148
0 0.025781 0.584259 0.017188 0.024074
0 0.967708 0.145833 0.019792 0.023148
0 0.008333 0.700463 0.016667 0.026852
0 0.008594 0.635648 0.014063 0.025000
0 0.061719 0.584259 0.015104 0.022222
0 0.846875 0.199537 0.035417 0.028704
0 0.627083 0.980556 0.016667 0.027778
0 0.116667 0.636574 0.015625 0.025000
0 0.172135 0.146296 0.018229 0.025926
0 0.117188 0.584722 0.015625 0.021296
0 0.008333 0.273148 0.014583 0.024074
0 0.026042 0.726852 0.015625 0.020370
0 0.099219 0.609722 0.016146 0.025000
0 0.008333 0.194907 0.016667 0.025000
0 0.008073 0.297685 0.016146 0.026852
0 0.152083 0.145833 0.018750 0.025000
0 0.098958 0.636574 0.015625 0.025000
0 0.008073 0.610185 0.016146 0.022222
0 0.116927 0.221759 0.013021 0.023148
0 0.227083 0.146296 0.018750 0.024074
0 0.098958 0.221296 0.014583 0.022222
0 0.917448 0.200000 0.035937 0.024074
0 0.079948 0.194907 0.013021 0.023148
0 0.008073 0.584259 0.016146 0.025926
0 0.025521 0.222222 0.015625 0.024074
0 0.918750 0.062963 0.036458 0.024074
0 0.988802 0.145370 0.019271 0.022222
0 0.116146 0.609722 0.015625 0.023148
0 0.062500 0.195370 0.013542 0.024074
0 0.881250 0.199537 0.032292 0.028704
0 0.641927 0.089815 0.015104 0.022222
0 0.080208 0.584722 0.015625 0.021296
0 0.846615 0.978241 0.014063 0.023148
0 0.115104 0.561111 0.009375 0.018519
0 0.115365 0.146296 0.016146 0.024074
0 0.098958 0.585185 0.016667 0.022222
0 0.134896 0.756944 0.007292 0.017593
0 0.116406 0.194907 0.010937 0.023148
0 0.965365 0.171759 0.010937 0.015741
0 0.994792 0.172222 0.009375 0.016667
0 0.080469 0.662037 0.014063 0.027778
0 0.105729 0.757407 0.010417 0.018519
0 0.879948 0.977778 0.014063 0.024074
0 0.133073 0.146296 0.015104 0.022222
0 0.863021 0.978241 0.015625 0.026852
0 0.818750 0.173611 0.013542 0.021296
0 0.025781 0.609259 0.018229 0.020370
0 0.097135 0.145833 0.017188 0.025000
0 0.115625 0.172222 0.010417 0.020370
0 0.115365 0.756481 0.006771 0.016667
0 0.025781 0.145370 0.050521 0.027778
0 0.984375 0.171296 0.009375 0.016667
0 0.070052 0.858333 0.140104 0.027778
0 0.070312 0.905093 0.140625 0.026852
0 0.124740 0.756481 0.007812 0.016667
0 0.124479 0.560648 0.007292 0.017593
0 0.135156 0.560185 0.007812 0.016667
0 0.135156 0.172222 0.009896 0.020370
0 0.079427 0.145833 0.014063 0.025000
0 0.197396 0.173611 0.008333 0.019444
0 0.608594 0.077778 0.034896 0.055556
0 0.974479 0.172222 0.008333 0.014815
0 0.124740 0.173148 0.007812 0.018519
0 0.189583 0.212500 0.077083 0.019444
0 0.939323 0.008333 0.010937 0.016667
0 0.846615 0.461574 0.034896 0.019444
0 0.008333 0.805556 0.013542 0.022222
0 0.899740 0.977315 0.022396 0.025000
