0 0.571680 0.602431 0.082422 0.015972
0 0.547070 0.377431 0.066016 0.017361
0 0.571289 0.583681 0.081641 0.018750
0 0.561914 0.524653 0.098828 0.021528
0 0.553711 0.404167 0.077734 0.018056
0 0.552930 0.423611 0.076953 0.018056
0 0.561914 0.505208 0.098828 0.021528
0 0.561914 0.484028 0.098828 0.020833
0 0.596484 0.673958 0.032031 0.018750
0 0.603125 0.443750 0.012500 0.019444
0 0.561133 0.674306 0.031641 0.018056
0 0.561914 0.544444 0.098047 0.020833
0 0.571184 0.565278 0.082422 0.019444
0 0.563035 0.302167 0.096094 0.019444
0 0.552441 0.442361 0.077539 0.018056
0 0.551855 0.461111 0.077148 0.018056
0 0.547344 0.360069 0.064687 0.017361
0 0.566602 0.340451 0.081641 0.018056
0 0.564598 0.321559 0.089844 0.015354
