0 0.702083 0.647222 0.039583 0.024074
0 0.670625 0.350463 0.065000 0.025000
0 0.354187 0.349074 0.127875 0.024074
0 0.570521 0.351389 0.123542 0.021296
0 0.353703 0.410389 0.124781 0.015741
0 0.676995 0.556787 0.056771 0.024074
0 0.646521 0.320185 0.031823 0.019444
0 0.291703 0.323148 0.026073 0.020370
0 0.353161 0.393519 0.123698 0.016667
0 0.655938 0.646759 0.042292 0.021296
0 0.330047 0.323148 0.047615 0.020370
0 0.353503 0.425889 0.124776 0.015741
0 0.519370 0.326190 0.038344 0.021269
0 0.479117 0.325236 0.037755 0.015954
0 0.440891 0.322468 0.032167 0.015954
0 0.402456 0.323375 0.040974 0.015954
0 0.720052 0.287963 0.010937 0.024074
0 0.451302 0.555556 0.042188 0.022222
0 0.521354 0.555556 0.041667 0.022222
0 0.356771 0.556019 0.042708 0.023148
0 0.696094 0.287963 0.009896 0.022222
0 0.695833 0.318519 0.050000 0.025926
0 0.582812 0.554630 0.070833 0.022222
0 0.367156 0.324727 0.025229 0.018065
0 0.309635 0.555093 0.041146 0.023148
0 0.403125 0.555556 0.042708 0.022222
