0 0.569115 0.351389 0.126354 0.021296
0 0.674766 0.554630 0.058802 0.024074
0 0.645365 0.318981 0.033229 0.019444
0 0.350495 0.393519 0.118698 0.016667
0 0.653021 0.646759 0.048125 0.021296
0 0.366602 0.324745 0.024203 0.017065
0 0.402854 0.324194 0.041396 0.017704
0 0.441513 0.324500 0.030797 0.018815
0 0.478815 0.323977 0.038432 0.017157
0 0.520042 0.324273 0.037583 0.020769
0 0.309635 0.555093 0.041146 0.023148
0 0.403125 0.555556 0.043750 0.022222
0 0.521615 0.555556 0.041146 0.022222
0 0.356510 0.555093 0.042188 0.023148
0 0.450521 0.555093 0.041667 0.023148
0 0.695833 0.318519 0.050000 0.025926
0 0.696094 0.287963 0.009896 0.022222
0 0.720052 0.287963 0.010937 0.024074
0 0.702083 0.647222 0.039583 0.024074
0 0.584073 0.556259 0.075417 0.030296
0 0.350409 0.426806 0.119891 0.015741
0 0.291516 0.323681 0.027167 0.018194
0 0.329799 0.324120 0.048266 0.018815
0 0.672586 0.350463 0.068057 0.025000
0 0.353411 0.349074 0.128698 0.024074
0 0.350211 0.411009 0.119891 0.015741
