0 0.805854 0.473144 0.032573 0.024991
0 0.518203 0.569444 0.088490 0.014815
0 0.675990 0.475778 0.035406 0.018426
0 0.538596 0.477005 0.019693 0.020269
0 0.569427 0.476542 0.035406 0.023028
0 0.519497 0.601083 0.088193 0.016204
0 0.520104 0.616315 0.091406 0.014815
0 0.749115 0.506944 0.111146 0.026852
0 0.638857 0.477468 0.034714 0.020565
0 0.518924 0.585125 0.087776 0.015435
0 0.516823 0.552778 0.086771 0.018519
0 0.604521 0.478060 0.030052 0.019343
0 0.667474 0.695833 0.390156 0.017593
0 0.701042 0.728241 0.041667 0.025000
0 0.755208 0.728241 0.056250 0.025000
0 0.632552 0.728241 0.042188 0.025000
0 0.585938 0.728241 0.041667 0.025000
0 0.846354 0.441204 0.008333 0.019444
0 0.473698 0.477778 0.023438 0.016667
0 0.845052 0.473148 0.034896 0.027778
0 0.507292 0.476852 0.041667 0.024074
0 0.534635 0.506481 0.126562 0.025926
0 0.870313 0.440741 0.011458 0.022222
0 0.853125 0.827315 0.042708 0.025000
0 0.837500 0.728241 0.047917 0.025000
0 0.806510 0.826852 0.042188 0.025926
0 0.492188 0.728241 0.041667 0.025000
0 0.834375 0.506019 0.055208 0.026852
0 0.538802 0.728241 0.042188 0.025000
