0 0.634375 0.294907 0.290625 0.030556
0 0.517708 0.637500 0.051042 0.017593
0 0.664583 0.348148 0.348958 0.027778
0 0.810417 0.260648 0.009375 0.019444
0 0.664844 0.374537 0.347396 0.028704
0 0.569792 0.519444 0.163542 0.025926
0 0.665885 0.550463 0.348438 0.030556
0 0.663542 0.469907 0.348958 0.026852
0 0.834115 0.260185 0.010937 0.020370
0 0.663802 0.399074 0.347396 0.025926
0 0.646703 0.426157 0.315104 0.023148
0 0.769792 0.814352 0.041667 0.025000
0 0.817187 0.814815 0.041667 0.024074
0 0.708073 0.603704 0.048438 0.024074
0 0.814844 0.292593 0.047396 0.025926
0 0.816927 0.318519 0.042188 0.024074
0 0.762240 0.603704 0.052604 0.024074
0 0.795833 0.634259 0.085417 0.024074
0 0.710677 0.634722 0.077604 0.025000
0 0.815885 0.604167 0.044271 0.023148
0 0.815365 0.579167 0.044271 0.025000
0 0.561979 0.494444 0.144792 0.022222
