0 0.498437 0.287037 0.261458 0.022222
0 0.469271 0.525000 0.059375 0.022222
0 0.607812 0.728704 0.042708 0.022222
0 0.581771 0.551852 0.095833 0.022222
0 0.561458 0.729167 0.041667 0.021296
0 0.533073 0.524537 0.060937 0.021296
0 0.480208 0.552315 0.095833 0.021296
0 0.396615 0.552315 0.055729 0.021296
0 0.602344 0.205556 0.009896 0.018519
0 0.454688 0.261574 0.165625 0.025000
0 0.599635 0.525259 0.062812 0.020370
0 0.600672 0.236519 0.055729 0.022222
0 0.608651 0.261333 0.043750 0.023148
0 0.458141 0.237236 0.177604 0.022065
0 0.500385 0.336315 0.261458 0.024407
0 0.454740 0.421759 0.168854 0.019444
0 0.455469 0.445370 0.173437 0.020370
0 0.418750 0.359889 0.098958 0.019444
0 0.498661 0.311694 0.261458 0.023148
0 0.626089 0.206491 0.009896 0.018519
0 0.500260 0.401269 0.261979 0.019444
0 0.598099 0.500463 0.062135 0.021296
0 0.496979 0.476852 0.258125 0.022222
