0 0.563802 0.346111 0.100521 0.023148
0 0.598177 0.602898 0.113021 0.024074
0 0.590656 0.300856 0.125521 0.020880
0 0.627865 0.224074 0.011979 0.022222
0 0.564844 0.324074 0.099479 0.022222
0 0.598437 0.580676 0.113542 0.021296
0 0.584635 0.255278 0.139063 0.026481
0 0.585156 0.504630 0.140104 0.025926
0 0.573698 0.380093 0.119271 0.023148
0 0.587760 0.713426 0.041146 0.023148
0 0.634375 0.712963 0.041667 0.024074
0 0.584234 0.556500 0.142031 0.022444
0 0.591802 0.278449 0.119792 0.018898
0 0.584250 0.626278 0.083854 0.019444
0 0.585156 0.529167 0.139063 0.026852
0 0.571875 0.428241 0.113542 0.023148
0 0.572656 0.405556 0.115104 0.022222
0 0.652604 0.224537 0.013542 0.023148
0 0.646094 0.428704 0.019271 0.024074
0 0.584896 0.481481 0.139583 0.024074
0 0.573359 0.455583 0.119115 0.022222
