0 0.347852 0.520486 0.031641 0.020139
0 0.614258 0.305556 0.008203 0.016667
0 0.485547 0.332639 0.024219 0.015278
0 0.333789 0.333681 0.014453 0.015972
0 0.631641 0.305903 0.009375 0.017361
0 0.432422 0.332292 0.021094 0.014583
0 0.406641 0.332986 0.026562 0.015972
0 0.541406 0.355208 0.082812 0.018750
0 0.457422 0.332986 0.025781 0.015972
0 0.418750 0.521181 0.032031 0.020139
0 0.583984 0.595486 0.032031 0.018750
0 0.384375 0.334382 0.016016 0.015972
0 0.613672 0.329514 0.025781 0.018750
0 0.605664 0.354514 0.040234 0.020139
0 0.505469 0.521181 0.032813 0.020139
0 0.620117 0.595486 0.032422 0.018750
0 0.453906 0.521181 0.032813 0.020139
0 0.546289 0.520833 0.041797 0.019444
0 0.608008 0.520833 0.037891 0.020833
0 0.383594 0.520833 0.032031 0.019444
0 0.359766 0.334201 0.032031 0.017708
0 0.381348 0.355208 0.100977 0.022222
0 0.583398 0.331250 0.023828 0.015972
0 0.379336 0.391847 0.092656 0.014222
