0 0.292763 0.322796 0.026453 0.020370
0 0.356510 0.555093 0.042188 0.023148
0 0.450521 0.555093 0.041667 0.023148
0 0.346914 0.411028 0.114328 0.014389
0 0.346914 0.395514 0.113068 0.016639
0 0.518977 0.323236 0.036828 0.017769
0 0.479310 0.324625 0.037807 0.017065
0 0.441990 0.323583 0.031740 0.014981
0 0.402461 0.324782 0.040443 0.015546
0 0.367154 0.325065 0.024266 0.015722
0 0.582552 0.555093 0.071354 0.023148
0 0.696094 0.287963 0.009896 0.022222
0 0.720052 0.287963 0.010937 0.024074
0 0.702083 0.647222 0.039583 0.024074
0 0.570427 0.353486 0.124896 0.021787
0 0.403125 0.555556 0.043750 0.022222
0 0.521615 0.555556 0.041146 0.022222
0 0.355365 0.349074 0.131562 0.024074
0 0.669818 0.350463 0.066615 0.025000
0 0.696031 0.319213 0.050000 0.025926
0 0.309635 0.555093 0.041146 0.023148
0 0.656693 0.647222 0.042552 0.024074
0 0.330745 0.322889 0.047573 0.020370
0 0.644844 0.321769 0.034271 0.019444
0 0.676875 0.554630 0.054583 0.024074
