0 0.479875 0.323375 0.037417 0.018806
0 0.720052 0.287963 0.010937 0.024074
0 0.696094 0.287963 0.009896 0.022222
0 0.695833 0.318519 0.050000 0.025926
0 0.450781 0.555556 0.043229 0.024074
0 0.356510 0.555093 0.042188 0.023148
0 0.521615 0.555556 0.041146 0.022222
0 0.403125 0.555556 0.043750 0.022222
0 0.309635 0.555093 0.041146 0.023148
0 0.669401 0.350463 0.067448 0.025000
0 0.355208 0.349074 0.131250 0.024074
0 0.703135 0.647222 0.039583 0.024074
0 0.570339 0.351389 0.123906 0.021296
0 0.293370 0.322741 0.026281 0.020370
0 0.349734 0.394444 0.115219 0.015741
0 0.677870 0.555435 0.055312 0.024074
0 0.645495 0.318981 0.032969 0.019444
0 0.656469 0.647685 0.044740 0.023148
0 0.330302 0.324352 0.046896 0.020370
0 0.366852 0.323949 0.026245 0.017157
0 0.403083 0.324097 0.041146 0.015657
0 0.442167 0.324593 0.032125 0.016370
0 0.520328 0.324421 0.037615 0.019509
0 0.349776 0.410704 0.115219 0.015741
