0 0.694792 0.318519 0.050000 0.025926
0 0.451562 0.555556 0.042708 0.024074
0 0.521354 0.555556 0.041667 0.022222
0 0.520062 0.323769 0.038448 0.020685
0 0.309635 0.555093 0.041146 0.023148
0 0.403385 0.555556 0.043229 0.022222
0 0.352344 0.349074 0.124479 0.024074
0 0.655990 0.646759 0.039062 0.023148
0 0.696094 0.288426 0.009896 0.023148
0 0.720313 0.288426 0.011458 0.023148
0 0.582812 0.555093 0.070833 0.023148
0 0.480354 0.323995 0.037688 0.016639
0 0.441823 0.323810 0.031260 0.017287
0 0.403346 0.324296 0.039568 0.017870
0 0.356503 0.554620 0.044578 0.026111
0 0.646693 0.318981 0.031615 0.019444
0 0.331021 0.324509 0.047854 0.020370
0 0.367745 0.323537 0.023438 0.020370
0 0.339062 0.395380 0.096875 0.016667
0 0.291885 0.322176 0.023729 0.020370
0 0.569427 0.353148 0.125729 0.024815
0 0.669427 0.350000 0.067396 0.025926
0 0.678698 0.556019 0.058438 0.023148
0 0.702344 0.646759 0.040104 0.025000
