0 0.762500 0.604167 0.052083 0.023148
0 0.711458 0.635185 0.077083 0.024074
0 0.815625 0.579630 0.044792 0.024074
0 0.707812 0.604630 0.048958 0.024074
0 0.814583 0.293056 0.046875 0.025000
0 0.810417 0.261111 0.009375 0.020370
0 0.770312 0.814815 0.041667 0.025926
0 0.834635 0.261574 0.011979 0.021296
0 0.817187 0.815278 0.041667 0.025000
0 0.796354 0.634722 0.084375 0.025000
0 0.815365 0.604167 0.045312 0.023148
0 0.816927 0.319444 0.042188 0.024074
0 0.518568 0.637500 0.051719 0.017593
0 0.565651 0.495935 0.145885 0.019352
0 0.663047 0.470833 0.352240 0.019444
0 0.664844 0.550926 0.349479 0.027778
0 0.633385 0.293519 0.294687 0.025926
0 0.665555 0.347981 0.355766 0.023667
0 0.595469 0.425463 0.212188 0.025000
0 0.666411 0.372310 0.356031 0.026861
0 0.572313 0.520648 0.157771 0.024444
0 0.663594 0.400000 0.348854 0.024074
