0 0.571289 0.583681 0.081641 0.018750
0 0.608594 0.279861 0.008594 0.019444
0 0.571680 0.602431 0.082422 0.015972
0 0.561133 0.674306 0.031641 0.018056
0 0.561914 0.524653 0.098828 0.021528
0 0.553711 0.404167 0.077734 0.018056
0 0.552734 0.423611 0.077344 0.018056
0 0.561914 0.505208 0.098828 0.021528
0 0.561914 0.484028 0.098828 0.020833
0 0.596484 0.673958 0.032031 0.018750
0 0.571055 0.565278 0.082422 0.019444
0 0.563797 0.302361 0.096094 0.019444
0 0.552348 0.442708 0.075000 0.017361
0 0.547051 0.360069 0.064492 0.017361
0 0.551172 0.461111 0.075781 0.018056
0 0.603125 0.443750 0.012500 0.019444
0 0.566992 0.338889 0.080078 0.016667
0 0.566865 0.322111 0.079934 0.014694
0 0.591719 0.278288 0.013125 0.020549
0 0.561914 0.544444 0.098047 0.020833
0 0.547070 0.377083 0.066016 0.018056
