0 0.585417 0.481481 0.139583 0.024074
0 0.627865 0.224074 0.011979 0.022222
0 0.646094 0.428241 0.019271 0.023148
0 0.586464 0.256329 0.139583 0.022287
0 0.598635 0.579444 0.113542 0.018889
0 0.573177 0.380556 0.118229 0.024074
0 0.587396 0.627824 0.092188 0.021389
0 0.584729 0.555662 0.142031 0.021880
0 0.571458 0.451852 0.116875 0.020370
0 0.593750 0.279185 0.123542 0.021074
0 0.564063 0.325648 0.100000 0.018519
0 0.634635 0.712963 0.042188 0.024074
0 0.587760 0.713426 0.041146 0.021296
0 0.571354 0.427778 0.112500 0.022222
0 0.563531 0.348963 0.100000 0.018519
0 0.585661 0.506296 0.140104 0.025000
0 0.572198 0.404741 0.113542 0.021296
0 0.595198 0.301972 0.126042 0.025000
0 0.585562 0.530903 0.140646 0.023528
0 0.599479 0.603944 0.113021 0.024074
0 0.652344 0.224074 0.011979 0.022222
