0 0.417969 0.618519 0.042188 0.024074
0 0.302344 0.618056 0.042188 0.023148
0 0.471094 0.618056 0.055729 0.025000
0 0.208333 0.617593 0.041667 0.025926
0 0.348958 0.617593 0.040625 0.024074
0 0.586172 0.329630 0.012969 0.022222
0 0.248906 0.441204 0.119687 0.017593
0 0.249766 0.459722 0.120365 0.015741
0 0.319922 0.366472 0.029167 0.016667
0 0.256365 0.366370 0.021437 0.018519
0 0.190552 0.367602 0.022125 0.017593
0 0.553646 0.617593 0.047917 0.025926
0 0.355026 0.366880 0.035469 0.017593
0 0.224224 0.368074 0.040104 0.023148
0 0.550521 0.395370 0.053125 0.024074
0 0.391635 0.367190 0.031365 0.017083
0 0.285995 0.366620 0.034323 0.019037
0 0.562948 0.329801 0.012521 0.020009
0 0.523698 0.363889 0.029687 0.018519
0 0.249479 0.396296 0.127083 0.027778
0 0.464323 0.396296 0.111979 0.025926
0 0.565104 0.363889 0.041667 0.025926
0 0.569271 0.716667 0.042708 0.025926
0 0.522656 0.716204 0.041146 0.026852
0 0.255729 0.617593 0.041667 0.025926
