0 0.565104 0.363426 0.041667 0.025000
0 0.255729 0.617130 0.041667 0.025000
0 0.417969 0.618519 0.042188 0.024074
0 0.471094 0.618056 0.055729 0.025000
0 0.302083 0.618056 0.041667 0.023148
0 0.569531 0.716667 0.043229 0.025926
0 0.208333 0.617593 0.041667 0.025926
0 0.348958 0.617593 0.040625 0.024074
0 0.522656 0.716204 0.041146 0.025000
0 0.550521 0.394907 0.053125 0.025000
0 0.553646 0.617593 0.047917 0.025926
0 0.464323 0.395833 0.111979 0.025000
0 0.249740 0.395833 0.127604 0.026852
0 0.523698 0.363889 0.029687 0.018519
0 0.563971 0.329417 0.015995 0.022593
0 0.392188 0.365926 0.032250 0.017315
0 0.285133 0.366694 0.036839 0.018463
0 0.586781 0.329370 0.010937 0.023148
0 0.248271 0.442593 0.114740 0.017593
0 0.319964 0.366667 0.027604 0.016667
0 0.255865 0.367407 0.018375 0.017593
0 0.355047 0.366204 0.038490 0.017593
0 0.189182 0.367852 0.025521 0.016667
0 0.224784 0.368315 0.042099 0.017593
