0 0.714323 0.169907 0.009896 0.019444
0 0.806510 0.826852 0.042188 0.025926
0 0.674219 0.893056 0.041146 0.025000
0 0.720833 0.893056 0.041667 0.025000
0 0.589063 0.285185 0.211458 0.027778
0 0.738021 0.170833 0.011458 0.021296
0 0.853385 0.827315 0.042188 0.025000
0 0.720313 0.284259 0.041667 0.024074
0 0.604740 0.749537 0.253021 0.023148
0 0.513411 0.204167 0.078906 0.015741
0 0.805953 0.470255 0.026000 0.027509
0 0.520794 0.804528 0.081328 0.022352
0 0.612500 0.227315 0.259375 0.025000
0 0.605260 0.776389 0.253021 0.023148
0 0.505365 0.261574 0.061771 0.015741
0 0.869406 0.441644 0.021667 0.031917
0 0.522214 0.693981 0.069427 0.013889
0 0.847122 0.439162 0.013620 0.025861
0 0.846055 0.473005 0.034328 0.024213
