0 0.248958 0.395833 0.126042 0.025000
0 0.471354 0.617593 0.055208 0.024074
0 0.417708 0.618056 0.041667 0.023148
0 0.302083 0.618056 0.041667 0.023148
0 0.569531 0.716667 0.043229 0.025926
0 0.208333 0.617593 0.041667 0.025926
0 0.348958 0.617593 0.040625 0.024074
0 0.522135 0.716204 0.042188 0.023148
0 0.550521 0.395370 0.054167 0.024074
0 0.562240 0.618519 0.031771 0.029630
0 0.564844 0.363426 0.041146 0.025000
0 0.463802 0.396296 0.113021 0.024074
0 0.255729 0.617130 0.041667 0.025000
0 0.585156 0.330093 0.010937 0.023148
0 0.523698 0.363889 0.028646 0.018519
0 0.286742 0.367208 0.033068 0.016620
0 0.391398 0.367532 0.031151 0.016120
0 0.564953 0.332218 0.013521 0.022287
0 0.190781 0.366343 0.025313 0.016667
0 0.384664 0.460199 0.389016 0.017565
0 0.384656 0.443097 0.386979 0.020269
0 0.355081 0.366713 0.035776 0.016667
0 0.256297 0.366065 0.023958 0.016667
0 0.321292 0.366370 0.027604 0.015741
0 0.223984 0.366204 0.036510 0.017593
