0 0.521615 0.555556 0.041146 0.022222
0 0.403125 0.555556 0.043750 0.022222
0 0.309635 0.555093 0.041146 0.023148
0 0.347219 0.411611 0.111823 0.014926
0 0.520760 0.324106 0.036635 0.017065
0 0.479034 0.323060 0.038589 0.014972
0 0.442206 0.323935 0.030755 0.016019
0 0.402393 0.324991 0.039693 0.017093
0 0.291326 0.324509 0.024203 0.015426
0 0.366833 0.324949 0.024625 0.016065
0 0.570182 0.351389 0.124219 0.021296
0 0.354792 0.349074 0.130417 0.024074
0 0.653151 0.646759 0.047865 0.021296
0 0.645969 0.320593 0.033385 0.019444
0 0.675469 0.554630 0.057396 0.024074
0 0.347974 0.395648 0.114073 0.018519
0 0.330026 0.323398 0.048490 0.020370
0 0.669922 0.350463 0.066406 0.025000
0 0.702083 0.647222 0.039583 0.024074
0 0.720052 0.287963 0.010937 0.024074
0 0.696094 0.287963 0.009896 0.022222
0 0.582552 0.555093 0.071354 0.023148
0 0.695833 0.318519 0.050000 0.025926
0 0.450521 0.555093 0.041667 0.023148
0 0.356510 0.555093 0.042188 0.023148
