0 0.738281 0.170833 0.010937 0.021296
0 0.519010 0.693519 0.064062 0.012963
0 0.604948 0.849074 0.272396 0.038889
0 0.673958 0.893056 0.040625 0.023148
0 0.720052 0.283333 0.042188 0.024074
0 0.720573 0.892130 0.042188 0.023148
0 0.504687 0.261111 0.065625 0.014815
0 0.515104 0.203704 0.082292 0.014815
0 0.588281 0.284722 0.211979 0.028704
0 0.605729 0.775463 0.254167 0.026852
0 0.714323 0.170370 0.009896 0.020370
0 0.613542 0.227315 0.255208 0.025000
0 0.605990 0.749074 0.253646 0.027778
0 0.520052 0.805093 0.083854 0.021296
