0 0.669010 0.695833 0.381771 0.021296
0 0.491927 0.727778 0.042188 0.024074
0 0.538542 0.727315 0.041667 0.025000
0 0.585677 0.727778 0.042188 0.024074
0 0.533594 0.505093 0.125521 0.026852
0 0.675000 0.476852 0.032292 0.018519
0 0.569271 0.477315 0.036458 0.017593
0 0.749219 0.506944 0.110937 0.025000
0 0.701302 0.728241 0.041146 0.023148
0 0.844531 0.472222 0.035937 0.027778
0 0.853125 0.826389 0.041667 0.025000
0 0.837500 0.727778 0.047917 0.024074
0 0.638281 0.477315 0.035937 0.017593
0 0.603906 0.477315 0.027604 0.017593
0 0.539323 0.476852 0.021354 0.016667
0 0.846354 0.440278 0.009375 0.019444
0 0.870313 0.440741 0.010417 0.020370
0 0.472656 0.477315 0.024479 0.017593
0 0.806250 0.472222 0.030208 0.020370
0 0.523984 0.552778 0.102135 0.016667
0 0.833854 0.505556 0.054167 0.025926
0 0.806510 0.826852 0.041146 0.024074
0 0.632292 0.727778 0.041667 0.024074
0 0.754948 0.728241 0.056771 0.025000
0 0.506510 0.476852 0.041146 0.022222
