0 0.846094 0.730093 0.027604 0.028704
0 0.491927 0.727778 0.042188 0.024074
0 0.538542 0.727778 0.041667 0.025926
0 0.585677 0.728241 0.042188 0.025000
0 0.755208 0.727778 0.056250 0.024074
0 0.632292 0.727778 0.041667 0.024074
0 0.833854 0.505556 0.054167 0.025926
0 0.853125 0.826389 0.041667 0.025000
0 0.806771 0.826389 0.041667 0.025000
0 0.701042 0.728241 0.040625 0.023148
0 0.844531 0.472222 0.034896 0.027778
0 0.638281 0.477315 0.035937 0.017593
0 0.603906 0.477315 0.027604 0.017593
0 0.506250 0.477315 0.040625 0.019444
0 0.539062 0.476852 0.020833 0.016667
0 0.569271 0.477315 0.036458 0.017593
0 0.748177 0.507407 0.113021 0.025926
0 0.534115 0.504167 0.126562 0.026852
0 0.675000 0.477315 0.033333 0.017593
0 0.870313 0.441204 0.011458 0.023148
0 0.846354 0.440741 0.010417 0.022222
0 0.472135 0.477315 0.024479 0.019444
0 0.805990 0.472222 0.029687 0.020370
0 0.666641 0.552315 0.385885 0.019444
0 0.666299 0.571028 0.385891 0.019444
