0 0.604245 0.749074 0.256094 0.025926
0 0.604245 0.776389 0.256094 0.025000
0 0.519841 0.804963 0.084891 0.023685
0 0.613411 0.226852 0.257552 0.024074
0 0.520911 0.693981 0.066823 0.013889
0 0.505964 0.261574 0.064010 0.015741
0 0.516062 0.204333 0.085365 0.017870
0 0.720313 0.284259 0.041667 0.024074
0 0.458594 0.444907 0.011979 0.026852
0 0.606510 0.852778 0.272396 0.042593
0 0.714323 0.169907 0.008854 0.019444
0 0.720833 0.893056 0.041667 0.025000
0 0.674219 0.893056 0.041146 0.025000
0 0.738281 0.170370 0.010937 0.020370
0 0.589063 0.285185 0.211458 0.027778
