0 0.118490 0.300463 0.018229 0.025000
0 0.088542 0.082870 0.023958 0.060185
0 0.044010 0.325463 0.014063 0.023148
0 0.040625 0.083333 0.021875 0.061111
0 0.098437 0.247685 0.012500 0.025000
0 0.062500 0.610648 0.014583 0.021296
0 0.044010 0.636574 0.015104 0.025000
0 0.044531 0.726852 0.015104 0.020370
0 0.099479 0.299537 0.013542 0.025000
0 0.044271 0.298611 0.014583 0.025000
0 0.080469 0.727315 0.014063 0.023148
0 0.080729 0.299074 0.014583 0.024074
0 0.025521 0.325463 0.015625 0.023148
0 0.396615 0.976389 0.117188 0.034259
0 0.099219 0.701389 0.014063 0.023148
0 0.025260 0.636111 0.017188 0.024074
0 0.043750 0.247685 0.013542 0.023148
0 0.712240 0.088426 0.014063 0.023148
0 0.883333 0.081944 0.023958 0.054630
0 0.983073 0.081944 0.025521 0.063889
0 0.044010 0.662500 0.014063 0.028704
0 0.512760 0.977315 0.017188 0.025000
0 0.080469 0.325926 0.015104 0.025926
0 0.080469 0.610185 0.015104 0.022222
0 0.694792 0.088426 0.017708 0.023148
0 0.062240 0.325463 0.013021 0.025000
0 0.080729 0.247222 0.014583 0.024074
0 0.044271 0.700926 0.014583 0.025926
0 0.008594 0.221759 0.014063 0.025000
0 0.558333 0.978241 0.018750 0.026852
0 0.729948 0.088426 0.015104 0.023148
0 0.117448 0.248148 0.014063 0.025926
0 0.044271 0.610648 0.015625 0.023148
0 0.973437 0.033333 0.051042 0.025926
0 0.063281 0.700463 0.017188 0.025000
0 0.080990 0.700463 0.013021 0.023148
0 0.044271 0.352778 0.015625 0.025926
0 0.062500 0.299074 0.013542 0.024074
0 0.747396 0.088889 0.014583 0.022222
0 0.025781 0.299537 0.014063 0.025000
0 0.580729 0.979167 0.018750 0.030556
0 0.026042 0.662963 0.014583 0.029630
0 0.043750 0.584259 0.015625 0.022222
0 0.118229 0.326389 0.017708 0.023148
0 0.604167 0.979630 0.020833 0.031481
0 0.007812 0.325463 0.015625 0.023148
0 0.062500 0.662500 0.015625 0.028704
0 0.098698 0.325463 0.013021 0.025000
0 0.441667 0.064815 0.015625 0.024074
0 0.062500 0.221759 0.013542 0.023148
0 0.534896 0.977315 0.017708 0.025000
0 0.846875 0.199537 0.035417 0.028704
0 0.490104 0.977315 0.018750 0.023148
0 0.008073 0.663889 0.016146 0.029630
0 0.676562 0.087963 0.012500 0.022222
0 0.026042 0.272685 0.015625 0.025000
0 0.063281 0.726852 0.016146 0.020370
0 0.117188 0.701389 0.014583 0.023148
0 0.837760 0.287963 0.017188 0.020370
0 0.190365 0.146296 0.015104 0.025926
0 0.207813 0.146296 0.014583 0.024074
0 0.967708 0.146296 0.019792 0.022222
0 0.946354 0.146759 0.013542 0.021296
0 0.008073 0.351852 0.015104 0.024074
0 0.672917 0.981019 0.016667 0.028704
0 0.080469 0.221759 0.013021 0.023148
0 0.909896 0.034259 0.013542 0.025926
0 0.044010 0.222222 0.013021 0.022222
0 0.894531 0.034259 0.014063 0.022222
0 0.008333 0.727778 0.016667 0.020370
0 0.025521 0.352315 0.014583 0.026852
0 0.650260 0.981481 0.017188 0.029630
0 0.172135 0.146296 0.018229 0.025926
0 0.227083 0.146296 0.017708 0.024074
0 0.025781 0.584259 0.017188 0.024074
0 0.917448 0.200463 0.035937 0.025000
0 0.152083 0.145833 0.018750 0.025000
0 0.008333 0.700463 0.016667 0.026852
0 0.116667 0.636574 0.015625 0.025000
0 0.008594 0.635648 0.014063 0.025000
0 0.146615 0.193519 0.011979 0.022222
0 0.026042 0.700926 0.014583 0.025926
0 0.008333 0.273148 0.014583 0.024074
0 0.627344 0.980556 0.016146 0.027778
0 0.110937 0.089815 0.016667 0.027778
0 0.007812 0.610185 0.015625 0.022222
0 0.061719 0.584259 0.015104 0.022222
0 0.008073 0.298148 0.016146 0.027778
0 0.116927 0.221759 0.013021 0.023148
0 0.098958 0.609722 0.015625 0.023148
0 0.008333 0.194907 0.016667 0.025000
0 0.026042 0.726852 0.015625 0.020370
0 0.117188 0.584722 0.015625 0.021296
0 0.098698 0.636111 0.015104 0.024074
0 0.327083 0.978241 0.020833 0.025000
0 0.099219 0.221296 0.014063 0.022222
0 0.079948 0.194907 0.013021 0.023148
0 0.070052 0.858333 0.140104 0.027778
0 0.988802 0.145370 0.019271 0.022222
0 0.025781 0.222222 0.015104 0.024074
0 0.879948 0.976852 0.014063 0.027778
0 0.116146 0.609722 0.015625 0.023148
0 0.881250 0.199537 0.032292 0.028704
0 0.007812 0.584722 0.015625 0.025000
0 0.105990 0.756481 0.009896 0.018519
0 0.062500 0.195370 0.013542 0.024074
0 0.115365 0.146296 0.016146 0.024074
0 0.846615 0.977778 0.015104 0.025926
0 0.080208 0.584722 0.015625 0.021296
0 0.116667 0.195370 0.011458 0.022222
0 0.965625 0.171759 0.011458 0.015741
0 0.994792 0.172222 0.009375 0.016667
0 0.863281 0.976852 0.016146 0.027778
0 0.080469 0.662037 0.014063 0.027778
0 0.115104 0.561111 0.009375 0.018519
0 0.098958 0.585185 0.016667 0.022222
0 0.133073 0.146296 0.015104 0.022222
0 0.115365 0.756481 0.006771 0.016667
0 0.025781 0.609722 0.017188 0.019444
0 0.097135 0.145833 0.017188 0.025000
0 0.115625 0.172222 0.010417 0.020370
0 0.984375 0.171296 0.009375 0.016667
0 0.025781 0.145370 0.050521 0.027778
0 0.124740 0.756481 0.007812 0.016667
0 0.608594 0.077315 0.034896 0.054630
0 0.236979 0.033333 0.016667 0.020370
0 0.135156 0.172222 0.009896 0.020370
0 0.124479 0.561111 0.007292 0.016667
0 0.197396 0.173611 0.008333 0.019444
0 0.079167 0.145833 0.013542 0.025000
0 0.974479 0.172222 0.008333 0.014815
0 0.939323 0.008333 0.010937 0.016667
0 0.124740 0.173148 0.007812 0.018519
0 0.193750 0.212963 0.087500 0.018519
0 0.007812 0.033796 0.014583 0.023148
0 0.899479 0.976852 0.021875 0.027778
0 0.918750 0.976389 0.013542 0.026852
0 0.913281 0.427778 0.169271 0.018519
0 0.061719 0.145833 0.018229 0.025000
0 0.466146 0.979167 0.017708 0.036111
0 0.062500 0.272685 0.014583 0.025000
0 0.080469 0.635648 0.015104 0.025000
0 0.080469 0.272685 0.015104 0.025000
0 0.116927 0.273611 0.014063 0.023148
0 0.062240 0.636111 0.016146 0.025926
0 0.065104 0.083333 0.021875 0.059259
0 0.098698 0.273611 0.013021 0.025000
0 0.016406 0.081944 0.026562 0.062037
0 0.070573 0.830556 0.141146 0.027778
0 0.070573 0.804630 0.141146 0.027778
0 0.356365 0.089417 0.144146 0.027463
0 0.915370 0.372866 0.169260 0.016472
0 0.070312 0.905093 0.140625 0.026852
0 0.915451 0.408949 0.169099 0.016472
0 0.915258 0.495903 0.169349 0.016472
0 0.915107 0.514208 0.169349 0.016472
0 0.509583 0.088889 0.151458 0.024074
0 0.925729 0.285727 0.148542 0.016472
0 0.914810 0.530403 0.169349 0.016472
0 0.988599 0.009106 0.014583 0.018213
0 0.120872 0.033736 0.015609 0.022713
0 0.914810 0.548977 0.169349 0.016472
0 0.975703 0.975412 0.037344 0.029713
0 0.140667 0.033565 0.017625 0.015741
0 0.913516 0.917593 0.172969 0.022222
0 0.946880 0.975454 0.013646 0.029630
0 0.097906 0.032361 0.021031 0.019037
0 0.928385 0.088824 0.017188 0.025315
0 0.134349 0.757870 0.010469 0.023148
0 0.860182 0.460185 0.060990 0.014815
0 0.820383 0.088972 0.012234 0.022444
0 0.071138 0.033620 0.022193 0.019259
0 0.190174 0.087731 0.133505 0.025463
0 0.788917 0.088801 0.015802 0.022787
0 0.099703 0.197102 0.019792 0.024074
0 0.027500 0.247083 0.016146 0.024074
0 0.788581 0.064301 0.013974 0.020731
0 0.189039 0.063981 0.132964 0.022037
0 0.925654 0.301384 0.148693 0.016472
0 0.043758 0.272407 0.016130 0.024444
0 0.730924 0.062963 0.034505 0.025926
0 0.919068 0.061713 0.036979 0.025000
0 0.162391 0.033324 0.015375 0.017815
0 0.518529 0.064972 0.134193 0.024019
0 0.915271 0.249662 0.169344 0.018398
0 0.837682 0.063981 0.015260 0.020556
0 0.045958 0.194574 0.013594 0.025926
0 0.179578 0.863731 0.046510 0.077093
0 0.805831 0.088032 0.013203 0.021250
0 0.134995 0.559759 0.008448 0.022519
0 0.027865 0.195833 0.017188 0.025000
0 0.915435 0.338005 0.169130 0.016472
0 0.805977 0.064819 0.013682 0.021417
0 0.915435 0.355662 0.169130 0.016472
0 0.071745 0.924852 0.140625 0.012889
0 0.838807 0.312491 0.017188 0.021296
0 0.914635 0.267921 0.169344 0.016472
0 0.964187 0.008815 0.015104 0.017630
0 0.047182 0.034741 0.016990 0.018519
0 0.167422 0.173148 0.048385 0.020370
0 0.860547 0.443981 0.061719 0.013889
0 0.641734 0.089185 0.014375 0.024222
0 0.820961 0.063875 0.011078 0.021583
0 0.642732 0.062037 0.021714 0.020370
0 0.909896 0.088620 0.017708 0.024981
0 0.660208 0.088426 0.013542 0.021296
0 0.214711 0.032718 0.019255 0.018046
0 0.186570 0.033019 0.027120 0.019648
0 0.933125 0.034259 0.021458 0.024074
0 0.355378 0.064634 0.143620 0.022602
0 0.272734 0.064815 0.021510 0.025926
0 0.272995 0.090741 0.020990 0.025926
0 0.112667 0.063120 0.018750 0.021296
0 0.859036 0.081481 0.024635 0.050000
0 0.064102 0.249083 0.016745 0.024074
0 0.954167 0.080741 0.021875 0.059630
0 0.772583 0.089403 0.015708 0.022954
0 0.027589 0.034750 0.015104 0.020370
0 0.931589 0.975824 0.011594 0.027000
0 0.009792 0.249343 0.016302 0.024074
0 0.772294 0.064894 0.015130 0.022602
0 0.925729 0.319162 0.148542 0.016472
0 0.684552 0.063759 0.059125 0.023444
