0 0.534115 0.505093 0.125521 0.026852
0 0.833854 0.505556 0.054167 0.025926
0 0.754948 0.728241 0.056771 0.025000
0 0.632292 0.727778 0.041667 0.024074
0 0.806250 0.826852 0.041667 0.024074
0 0.701302 0.728241 0.041146 0.023148
0 0.852865 0.826389 0.041146 0.025000
0 0.837240 0.727778 0.047396 0.024074
0 0.638281 0.477315 0.035937 0.017593
0 0.844271 0.472222 0.034375 0.027778
0 0.585938 0.727778 0.041667 0.024074
0 0.515073 0.569685 0.082812 0.016667
0 0.603646 0.477315 0.027083 0.017593
0 0.749219 0.506481 0.110937 0.025926
0 0.506510 0.476852 0.041146 0.022222
0 0.569271 0.477778 0.036458 0.018519
0 0.539062 0.476852 0.020833 0.016667
0 0.675000 0.477315 0.032292 0.017593
0 0.870052 0.440741 0.011979 0.024074
0 0.846354 0.440741 0.010417 0.022222
0 0.473177 0.477315 0.024479 0.017593
0 0.515521 0.552778 0.082812 0.016667
0 0.491927 0.727778 0.042188 0.024074
0 0.805990 0.472222 0.029687 0.020370
0 0.538802 0.727315 0.041146 0.025000
