0 0.538802 0.728241 0.042188 0.025000
0 0.585938 0.728241 0.041667 0.025000
0 0.755469 0.728241 0.056771 0.025000
0 0.632812 0.727778 0.041667 0.025926
0 0.701562 0.728241 0.041667 0.025000
0 0.492188 0.728241 0.041667 0.025000
0 0.834635 0.506019 0.055729 0.026852
0 0.853125 0.827315 0.042708 0.025000
0 0.806250 0.826852 0.041667 0.024074
0 0.837500 0.728241 0.047917 0.025000
0 0.870573 0.441204 0.009896 0.019444
0 0.534896 0.506481 0.127083 0.027778
0 0.507292 0.477315 0.041667 0.025000
0 0.846354 0.440741 0.007292 0.018519
0 0.844792 0.473148 0.035417 0.027778
0 0.473466 0.477435 0.021932 0.016278
0 0.638924 0.476366 0.034714 0.017194
0 0.675628 0.476056 0.033505 0.021500
0 0.806659 0.474380 0.030964 0.023852
0 0.604039 0.477435 0.024005 0.016889
0 0.523430 0.600500 0.100328 0.015741
0 0.539099 0.476051 0.020552 0.017194
0 0.519682 0.585287 0.092302 0.015741
0 0.519552 0.569593 0.092042 0.015741
0 0.749271 0.506944 0.110833 0.026852
0 0.666823 0.695833 0.388854 0.019444
0 0.519969 0.552880 0.088812 0.015741
0 0.570789 0.476977 0.037307 0.020269
