0 0.352344 0.349074 0.124479 0.024074
0 0.696094 0.287963 0.009896 0.022222
0 0.582552 0.555093 0.071354 0.023148
0 0.695833 0.318519 0.050000 0.025926
0 0.356771 0.555093 0.041667 0.023148
0 0.451302 0.555556 0.042188 0.024074
0 0.291711 0.322620 0.025057 0.021074
0 0.330143 0.324125 0.049776 0.022880
0 0.367052 0.324875 0.023365 0.017157
0 0.402099 0.324273 0.039281 0.018361
0 0.442396 0.323972 0.031490 0.017759
0 0.479305 0.323222 0.037589 0.016259
0 0.520768 0.324847 0.039620 0.019269
0 0.521354 0.555556 0.041667 0.022222
0 0.309635 0.555093 0.041146 0.023148
0 0.403385 0.555556 0.043229 0.022222
0 0.339323 0.394444 0.096875 0.017593
0 0.645240 0.320370 0.036198 0.022222
0 0.570885 0.353241 0.122812 0.025000
0 0.670495 0.350000 0.071615 0.025926
0 0.679245 0.555556 0.057448 0.022222
0 0.655469 0.646296 0.040104 0.024074
0 0.702344 0.646759 0.039062 0.025000
0 0.720052 0.287963 0.010937 0.024074
