0 0.596927 0.500463 0.064479 0.021296
0 0.608073 0.729167 0.043229 0.023148
0 0.581771 0.551852 0.095833 0.022222
0 0.469271 0.525000 0.059375 0.022222
0 0.561458 0.729630 0.041667 0.022222
0 0.480208 0.552315 0.095833 0.021296
0 0.533073 0.524537 0.060937 0.021296
0 0.602344 0.205556 0.009896 0.018519
0 0.396354 0.552315 0.055208 0.021296
0 0.498151 0.338269 0.263542 0.025000
0 0.497474 0.313889 0.263542 0.025000
0 0.500424 0.401167 0.258703 0.022222
0 0.499479 0.287824 0.263542 0.021389
0 0.626104 0.206426 0.009896 0.019444
0 0.467786 0.360167 0.198073 0.019444
0 0.597932 0.524722 0.062083 0.020370
0 0.456302 0.448333 0.176146 0.026296
0 0.454917 0.423148 0.171823 0.019444
0 0.497448 0.476852 0.258229 0.022222
0 0.608880 0.260528 0.043750 0.023148
0 0.456849 0.238856 0.178646 0.022528
0 0.600479 0.236852 0.056250 0.023148
