0 0.627865 0.223611 0.011979 0.021296
0 0.591021 0.278565 0.120313 0.022500
0 0.599026 0.601741 0.112500 0.023148
0 0.564151 0.347407 0.100521 0.023148
0 0.590557 0.300995 0.125000 0.021231
0 0.581828 0.531176 0.146365 0.022593
0 0.600005 0.579287 0.113542 0.021296
0 0.585156 0.504630 0.140104 0.025926
0 0.573698 0.380093 0.119271 0.023148
0 0.652344 0.224074 0.011979 0.022222
0 0.571563 0.451852 0.116042 0.022222
0 0.585417 0.481481 0.139583 0.024074
0 0.646094 0.428241 0.019271 0.023148
0 0.571875 0.427778 0.113542 0.022222
0 0.572656 0.405093 0.115104 0.021296
0 0.585417 0.255556 0.138542 0.025926
0 0.587760 0.712963 0.041146 0.022222
0 0.564583 0.324074 0.098958 0.022222
0 0.634375 0.712963 0.041667 0.024074
0 0.583706 0.626509 0.085193 0.020370
0 0.584974 0.556023 0.142083 0.021306
