0 0.762240 0.603241 0.052604 0.023148
0 0.663542 0.399537 0.347917 0.025000
0 0.663281 0.469907 0.349479 0.025000
0 0.665104 0.374537 0.346875 0.026852
0 0.666406 0.550926 0.345313 0.027778
0 0.570833 0.519444 0.163542 0.024074
0 0.834115 0.260185 0.010937 0.020370
0 0.810417 0.260648 0.009375 0.019444
0 0.664323 0.348148 0.349479 0.025926
0 0.562240 0.494907 0.144271 0.021296
0 0.517708 0.637500 0.051042 0.017593
0 0.634635 0.294907 0.290104 0.028704
0 0.815365 0.579167 0.044271 0.025000
0 0.710677 0.635185 0.077604 0.024074
0 0.815885 0.604167 0.044271 0.023148
0 0.795833 0.634259 0.085417 0.024074
0 0.816667 0.318519 0.041667 0.024074
0 0.814844 0.292130 0.047396 0.025000
0 0.817187 0.814815 0.041667 0.024074
0 0.708073 0.603241 0.048438 0.023148
0 0.769531 0.814815 0.041146 0.024074
0 0.659375 0.425231 0.340625 0.026852
