0 0.815885 0.579630 0.044792 0.024074
0 0.563385 0.496111 0.144063 0.018889
0 0.593672 0.425926 0.215781 0.024074
0 0.664245 0.551389 0.350677 0.026852
0 0.635547 0.293519 0.289323 0.025926
0 0.664010 0.371926 0.351146 0.025926
0 0.666883 0.470426 0.350193 0.019444
0 0.518281 0.637500 0.052188 0.017593
0 0.661068 0.347241 0.339323 0.020370
0 0.816656 0.605806 0.046354 0.021296
0 0.663620 0.401435 0.352656 0.024907
0 0.570341 0.520843 0.160359 0.024074
0 0.814583 0.293056 0.046875 0.025000
0 0.707812 0.604167 0.048958 0.023148
0 0.762500 0.604167 0.052083 0.023148
0 0.711458 0.635185 0.077083 0.024074
0 0.816927 0.319444 0.042188 0.024074
0 0.796354 0.634722 0.084375 0.025000
0 0.478125 0.568056 0.011458 0.015741
0 0.478125 0.533796 0.011458 0.021296
0 0.478125 0.584259 0.010417 0.016667
0 0.817187 0.815278 0.041667 0.023148
0 0.770312 0.814815 0.041667 0.024074
0 0.478385 0.552778 0.010937 0.018519
0 0.478385 0.600000 0.009896 0.014815
0 0.834375 0.261574 0.011458 0.021296
0 0.477344 0.727315 0.013021 0.025000
0 0.478646 0.616667 0.010417 0.014815
0 0.477344 0.506481 0.013021 0.027778
0 0.477604 0.695833 0.012500 0.021296
0 0.478125 0.559722 0.011458 0.019444
0 0.465885 0.533333 0.007812 0.022222
0 0.810677 0.261574 0.013021 0.021296
0 0.466406 0.443981 0.033854 0.030556
0 0.853906 0.534259 0.017188 0.022222
0 0.466406 0.504630 0.009896 0.033333
