0 0.973698 0.033333 0.051562 0.025926
0 0.044531 0.726852 0.015104 0.020370
0 0.062500 0.636111 0.015625 0.025926
0 0.523698 0.977315 0.017188 0.025000
0 0.065104 0.083333 0.022917 0.059259
0 0.099219 0.701389 0.014063 0.023148
0 0.080208 0.272685 0.014583 0.025000
0 0.116667 0.274074 0.013542 0.022222
0 0.098437 0.247685 0.012500 0.023148
0 0.080729 0.636111 0.014583 0.024074
0 0.118229 0.300463 0.016667 0.025000
0 0.099479 0.300000 0.013542 0.024074
0 0.501302 0.976852 0.016146 0.022222
0 0.080469 0.299074 0.014063 0.024074
0 0.062240 0.610648 0.015104 0.021296
0 0.044271 0.325463 0.013542 0.023148
0 0.044010 0.636574 0.015104 0.025000
0 0.088542 0.082407 0.023958 0.059259
0 0.477865 0.978241 0.016146 0.025000
0 0.044010 0.273148 0.015104 0.024074
0 0.116927 0.221759 0.011979 0.021296
0 0.040885 0.083796 0.021354 0.060185
0 0.080729 0.326389 0.014583 0.025000
0 0.062240 0.325926 0.013021 0.024074
0 0.044271 0.298611 0.014583 0.025000
0 0.080469 0.726852 0.014063 0.022222
0 0.846875 0.199074 0.035417 0.027778
0 0.025781 0.325000 0.015104 0.022222
0 0.694792 0.088889 0.017708 0.022222
0 0.117188 0.701389 0.013542 0.021296
0 0.712240 0.088889 0.013021 0.022222
0 0.044010 0.247222 0.013021 0.022222
0 0.025521 0.636111 0.016667 0.024074
0 0.570312 0.977778 0.017708 0.025926
0 0.117188 0.247685 0.013542 0.025000
0 0.098698 0.325463 0.013021 0.025000
0 0.117969 0.325926 0.017188 0.024074
0 0.080729 0.247222 0.013542 0.024074
0 0.983073 0.081481 0.025521 0.062963
0 0.080469 0.610185 0.015104 0.022222
0 0.044010 0.352778 0.015104 0.025926
0 0.747396 0.088889 0.013542 0.020370
0 0.044010 0.701389 0.014063 0.025000
0 0.755208 0.728241 0.056250 0.025000
0 0.062500 0.299074 0.013542 0.024074
0 0.546875 0.977315 0.016667 0.025000
0 0.063542 0.700926 0.016667 0.024074
0 0.044010 0.662500 0.014063 0.028704
0 0.883333 0.080556 0.023958 0.051852
0 0.080729 0.700463 0.012500 0.023148
0 0.008594 0.221759 0.014063 0.025000
0 0.592448 0.978704 0.018229 0.029630
0 0.043750 0.584259 0.015625 0.022222
0 0.730469 0.088889 0.014063 0.022222
0 0.044010 0.610648 0.015104 0.023148
0 0.676562 0.087500 0.011458 0.021296
0 0.062500 0.221759 0.013542 0.021296
0 0.007812 0.325463 0.015625 0.023148
0 0.025781 0.299537 0.014063 0.025000
0 0.492188 0.728241 0.041667 0.025000
0 0.917448 0.200463 0.035937 0.023148
0 0.806250 0.826852 0.041667 0.024074
0 0.080729 0.221296 0.012500 0.022222
0 0.847135 0.730093 0.029687 0.030556
0 0.586198 0.728241 0.042188 0.025000
0 0.062500 0.662500 0.015625 0.028704
0 0.026042 0.662500 0.013542 0.028704
0 0.967708 0.145833 0.019792 0.023148
0 0.025521 0.351852 0.014583 0.025926
0 0.063281 0.727315 0.015104 0.019444
0 0.044010 0.222222 0.013021 0.022222
0 0.207552 0.146296 0.014063 0.022222
0 0.616146 0.979630 0.019792 0.029630
0 0.659115 0.088889 0.013021 0.020370
0 0.008073 0.352315 0.014063 0.023148
0 0.008073 0.728241 0.016146 0.019444
0 0.008073 0.663426 0.016146 0.028704
0 0.008073 0.700926 0.016146 0.025926
0 0.061719 0.584259 0.015104 0.022222
0 0.007812 0.610648 0.015625 0.021296
0 0.070573 0.804630 0.141146 0.027778
0 0.070573 0.830556 0.141146 0.027778
0 0.408594 0.976389 0.116146 0.034259
0 0.016406 0.082407 0.026562 0.061111
0 0.098698 0.273611 0.013021 0.025000
0 0.608594 0.073611 0.034896 0.052778
0 0.899479 0.977778 0.019792 0.024074
0 0.603906 0.477778 0.025521 0.014815
0 0.008333 0.033333 0.014583 0.020370
0 0.079687 0.145833 0.013542 0.023148
0 0.237240 0.033796 0.016146 0.017593
0 0.199219 0.212500 0.099479 0.019444
0 0.939323 0.007870 0.010937 0.015741
0 0.124740 0.172685 0.007812 0.017593
0 0.134896 0.172222 0.009375 0.018519
0 0.125000 0.756944 0.007292 0.015741
0 0.845052 0.473148 0.035937 0.027778
0 0.197396 0.174074 0.007292 0.016667
0 0.134896 0.560185 0.007292 0.014815
0 0.069792 0.857870 0.139583 0.026852
0 0.124479 0.561111 0.007292 0.016667
0 0.025781 0.145370 0.050521 0.027778
0 0.863021 0.978704 0.014583 0.029630
0 0.879687 0.977315 0.015625 0.025000
0 0.974479 0.172222 0.008333 0.014815
0 0.097135 0.145833 0.017188 0.023148
0 0.984115 0.171296 0.008854 0.016667
0 0.473698 0.478241 0.025521 0.021296
0 0.080469 0.662037 0.014063 0.027778
0 0.819531 0.175000 0.011979 0.018519
0 0.115885 0.172222 0.009896 0.018519
0 0.133073 0.146296 0.015104 0.020370
0 0.098698 0.585185 0.016146 0.022222
0 0.115104 0.146759 0.015625 0.023148
0 0.963021 0.010185 0.009375 0.020370
0 0.025781 0.609722 0.017188 0.019444
0 0.105729 0.756481 0.009375 0.016667
0 0.115365 0.756481 0.005729 0.014815
0 0.870313 0.441667 0.012500 0.024074
0 0.994792 0.171759 0.009375 0.017593
0 0.116667 0.194907 0.010417 0.021296
0 0.115104 0.561574 0.009375 0.017593
0 0.080208 0.585185 0.015625 0.020370
0 0.134896 0.756944 0.007292 0.015741
0 0.062500 0.195370 0.013542 0.024074
0 0.661198 0.979630 0.017188 0.025926
0 0.025521 0.222222 0.014583 0.024074
0 0.338281 0.977778 0.018229 0.025926
0 0.007812 0.584722 0.015625 0.025000
0 0.632812 0.727778 0.041667 0.025926
0 0.008594 0.635648 0.014063 0.023148
0 0.881250 0.199537 0.032292 0.028704
0 0.638802 0.979630 0.015104 0.025926
0 0.008594 0.194907 0.017188 0.025000
0 0.152083 0.146296 0.018750 0.024074
0 0.964583 0.172685 0.009375 0.015741
0 0.098958 0.609722 0.015625 0.023148
0 0.701302 0.728241 0.042188 0.025000
0 0.116406 0.610185 0.015104 0.022222
0 0.098958 0.636111 0.014583 0.024074
0 0.909896 0.034259 0.013542 0.024074
0 0.117188 0.585185 0.015625 0.020370
0 0.110937 0.089815 0.016667 0.025926
0 0.190365 0.146759 0.014063 0.023148
0 0.116667 0.636574 0.014583 0.023148
0 0.070312 0.905093 0.140625 0.026852
0 0.227083 0.147222 0.017708 0.022222
0 0.080208 0.194907 0.012500 0.023148
0 0.026302 0.726852 0.015104 0.020370
0 0.894531 0.034259 0.014063 0.022222
0 0.007812 0.298148 0.015625 0.027778
0 0.008333 0.272685 0.014583 0.023148
0 0.539062 0.727778 0.041667 0.025926
0 0.946094 0.146759 0.013021 0.021296
0 0.988802 0.145370 0.019271 0.022222
0 0.641406 0.090278 0.014063 0.023148
0 0.441667 0.064352 0.015625 0.023148
0 0.172135 0.146759 0.018229 0.025000
0 0.026042 0.700926 0.013542 0.025926
0 0.099219 0.221296 0.013021 0.022222
0 0.025781 0.584259 0.017188 0.024074
0 0.852865 0.826852 0.042188 0.024074
0 0.821474 0.088319 0.013156 0.020954
0 0.355667 0.063449 0.143875 0.024676
0 0.748281 0.508287 0.112812 0.022315
0 0.189698 0.062634 0.134146 0.022676
0 0.518896 0.064787 0.133281 0.022278
0 0.684091 0.064398 0.060255 0.023056
0 0.062875 0.272889 0.014583 0.024074
0 0.190328 0.088523 0.135177 0.024991
0 0.272500 0.064815 0.020000 0.024074
0 0.835383 0.506185 0.054547 0.025926
0 0.933203 0.033796 0.021615 0.025000
0 0.026302 0.247944 0.015625 0.023148
0 0.065042 0.248546 0.015604 0.023148
0 0.731130 0.063616 0.034094 0.025009
0 0.009557 0.248148 0.015990 0.025926
0 0.920000 0.061630 0.035417 0.024074
0 0.988646 0.009204 0.012500 0.018407
0 0.859010 0.079630 0.024688 0.046296
0 0.509740 0.088889 0.151771 0.024074
0 0.100901 0.197435 0.018260 0.024074
0 0.355810 0.088241 0.145776 0.026481
0 0.954167 0.080509 0.021875 0.059167
0 0.273047 0.090093 0.020052 0.024630
0 0.111536 0.063889 0.020990 0.020370
0 0.045151 0.195370 0.014271 0.025926
0 0.643750 0.062269 0.019792 0.023148
0 0.914323 0.918056 0.171354 0.023148
0 0.179865 0.864796 0.044740 0.075463
0 0.028203 0.196407 0.017865 0.025000
0 0.028159 0.032991 0.015245 0.018519
0 0.535417 0.506759 0.128125 0.022407
0 0.910156 0.089296 0.017188 0.025926
0 0.667344 0.695833 0.388854 0.017593
0 0.928385 0.090870 0.017188 0.026852
0 0.168073 0.173148 0.048646 0.018519
0 0.846010 0.442296 0.012500 0.022259
0 0.046568 0.034407 0.015104 0.020370
0 0.061250 0.146519 0.019271 0.020370
0 0.976047 0.975870 0.037177 0.031000
0 0.068958 0.925361 0.137917 0.012056
0 0.025164 0.272671 0.015214 0.023231
0 0.945542 0.976630 0.012958 0.019963
0 0.932042 0.976153 0.010802 0.017083
0 0.920000 0.977111 0.011125 0.022074
0 0.666591 0.570574 0.386974 0.016315
0 0.666721 0.553213 0.386974 0.016315
0 0.674812 0.477329 0.032385 0.017991
0 0.637599 0.476681 0.034844 0.017731
0 0.569646 0.477500 0.036990 0.017111
0 0.539094 0.478056 0.019865 0.014222
0 0.506917 0.478500 0.038490 0.016444
0 0.805125 0.473134 0.028625 0.020046
0 0.838232 0.062282 0.014995 0.019769
0 0.821003 0.063241 0.011109 0.018593
0 0.805602 0.089954 0.013161 0.021574
0 0.805924 0.064319 0.013068 0.024398
0 0.789031 0.090370 0.016427 0.021741
0 0.789263 0.064653 0.013161 0.022731
0 0.772089 0.089463 0.014469 0.021241
0 0.772182 0.064565 0.014469 0.021907
0 0.215044 0.032764 0.022453 0.017546
0 0.186880 0.033796 0.028062 0.018926
0 0.161427 0.032764 0.015875 0.017546
0 0.140620 0.032935 0.017229 0.020648
0 0.118654 0.032417 0.015484 0.019611
0 0.097458 0.031731 0.022646 0.018241
0 0.070000 0.033764 0.022292 0.019213
