0 0.944792 0.976389 0.013542 0.026852
0 0.070573 0.804630 0.141146 0.027778
0 0.070573 0.830556 0.141146 0.027778
0 0.016406 0.081944 0.026562 0.062037
0 0.098698 0.273611 0.013021 0.025000
0 0.062240 0.636111 0.016146 0.025926
0 0.396875 0.976389 0.116667 0.034259
0 0.065104 0.083796 0.021875 0.060185
0 0.080469 0.272685 0.015104 0.025000
0 0.116927 0.273611 0.014063 0.023148
0 0.088281 0.082407 0.023438 0.061111
0 0.080469 0.635648 0.015104 0.025000
0 0.080469 0.727315 0.014063 0.023148
0 0.062760 0.272685 0.015104 0.025000
0 0.044531 0.726852 0.016146 0.020370
0 0.118229 0.300463 0.017708 0.025000
0 0.044010 0.325463 0.014063 0.023148
0 0.044010 0.636574 0.015104 0.025000
0 0.062240 0.610648 0.015104 0.021296
0 0.098437 0.247685 0.012500 0.025000
0 0.380729 0.147222 0.013542 0.020370
0 0.044271 0.298611 0.014583 0.025000
0 0.040885 0.083333 0.021354 0.061111
0 0.099479 0.299537 0.013542 0.025000
0 0.044010 0.273148 0.015104 0.024074
0 0.983073 0.081481 0.025521 0.062963
0 0.025521 0.325463 0.015625 0.023148
0 0.080729 0.299074 0.014583 0.024074
0 0.044010 0.662500 0.014063 0.028704
0 0.512500 0.977315 0.017708 0.025000
0 0.711979 0.088889 0.013542 0.022222
0 0.694792 0.088426 0.017708 0.023148
0 0.099219 0.701389 0.014063 0.023148
0 0.025260 0.636111 0.017188 0.024074
0 0.044271 0.700926 0.014583 0.025926
0 0.008594 0.221759 0.014063 0.025000
0 0.080469 0.610185 0.015104 0.022222
0 0.558333 0.977778 0.018750 0.027778
0 0.043750 0.247685 0.013542 0.023148
0 0.747396 0.088889 0.014583 0.022222
0 0.441667 0.064815 0.015625 0.024074
0 0.080729 0.247222 0.014583 0.024074
0 0.063281 0.700463 0.017188 0.025000
0 0.973698 0.033333 0.050521 0.025926
0 0.025781 0.662963 0.014063 0.029630
0 0.062240 0.325463 0.013021 0.025000
0 0.080469 0.325926 0.015104 0.025926
0 0.080990 0.700463 0.013021 0.023148
0 0.062500 0.662500 0.015625 0.028704
0 0.730208 0.088889 0.014583 0.022222
0 0.044010 0.610648 0.015104 0.023148
0 0.025260 0.248148 0.016146 0.024074
0 0.490104 0.976852 0.018750 0.024074
0 0.008073 0.663426 0.016146 0.030556
0 0.044271 0.352778 0.015625 0.025926
0 0.043750 0.584259 0.015625 0.022222
0 0.025781 0.299537 0.014063 0.025000
0 0.062500 0.299074 0.013542 0.024074
0 0.117448 0.248148 0.014063 0.025926
0 0.580729 0.979167 0.018750 0.030556
0 0.534896 0.977778 0.017708 0.025926
0 0.676562 0.087963 0.012500 0.022222
0 0.063281 0.726852 0.016146 0.020370
0 0.672917 0.981019 0.016667 0.028704
0 0.909896 0.034259 0.013542 0.025926
0 0.007812 0.325463 0.015625 0.023148
0 0.117969 0.326389 0.017188 0.023148
0 0.604167 0.979630 0.020833 0.031481
0 0.098698 0.325926 0.013021 0.025926
0 0.117188 0.701389 0.014583 0.023148
0 0.327344 0.978241 0.021354 0.025000
0 0.466146 0.978241 0.017708 0.026852
0 0.062500 0.221759 0.013542 0.023148
0 0.026042 0.273148 0.015625 0.025926
0 0.207552 0.145833 0.017188 0.025000
0 0.098958 0.635648 0.015625 0.025000
0 0.650260 0.981019 0.017188 0.028704
0 0.946354 0.146759 0.013542 0.023148
0 0.008333 0.727778 0.016667 0.020370
0 0.659115 0.088426 0.013021 0.021296
0 0.894271 0.034259 0.013542 0.022222
0 0.026042 0.700463 0.014583 0.026852
0 0.008073 0.352315 0.015104 0.023148
0 0.008594 0.635648 0.014063 0.025000
0 0.025521 0.584259 0.017708 0.024074
0 0.967708 0.145833 0.019792 0.023148
0 0.080469 0.221296 0.013021 0.022222
0 0.025521 0.352315 0.014583 0.025000
0 0.043750 0.222222 0.013542 0.022222
0 0.846875 0.199537 0.035417 0.028704
0 0.008333 0.700463 0.016667 0.026852
0 0.061719 0.583796 0.015104 0.021296
0 0.627083 0.980556 0.016667 0.027778
0 0.117448 0.636574 0.017188 0.025000
0 0.111198 0.089815 0.016146 0.027778
0 0.098958 0.610185 0.015625 0.024074
0 0.190365 0.145833 0.015104 0.025000
0 0.008073 0.584259 0.016146 0.025926
0 0.026042 0.726852 0.015625 0.020370
0 0.007812 0.610185 0.015625 0.022222
0 0.007552 0.194907 0.015104 0.025000
0 0.007812 0.298148 0.015625 0.027778
0 0.008333 0.273148 0.014583 0.024074
0 0.917448 0.200000 0.035937 0.024074
0 0.025521 0.222222 0.015625 0.024074
0 0.080208 0.194907 0.012500 0.023148
0 0.918750 0.062963 0.036458 0.024074
0 0.134375 0.145833 0.018750 0.026852
0 0.154688 0.145370 0.016667 0.025926
0 0.099219 0.221296 0.014063 0.022222
0 0.114583 0.145833 0.016667 0.026852
0 0.988802 0.145370 0.019271 0.022222
0 0.116927 0.221759 0.013021 0.023148
0 0.117708 0.585648 0.016667 0.021296
0 0.641667 0.089815 0.014583 0.024074
0 0.062500 0.195370 0.013542 0.024074
0 0.881250 0.199537 0.032292 0.028704
0 0.846615 0.978241 0.014063 0.023148
0 0.080208 0.584722 0.015625 0.021296
0 0.117969 0.610185 0.019271 0.025926
0 0.115104 0.561111 0.009375 0.018519
0 0.116406 0.194444 0.010937 0.022222
0 0.097135 0.145833 0.016146 0.025000
0 0.994792 0.172222 0.009375 0.016667
0 0.105990 0.756481 0.009896 0.018519
0 0.080469 0.662037 0.014063 0.027778
0 0.965365 0.171759 0.010937 0.015741
0 0.098698 0.585185 0.016146 0.022222
0 0.078906 0.145833 0.017188 0.025000
0 0.608854 0.077315 0.035417 0.056481
0 0.172917 0.144907 0.015625 0.025000
0 0.880208 0.978241 0.013542 0.023148
0 0.863021 0.977778 0.015625 0.024074
0 0.115365 0.756481 0.006771 0.016667
0 0.025781 0.609722 0.018229 0.019444
0 0.819010 0.173611 0.013021 0.021296
0 0.197135 0.173148 0.008854 0.020370
0 0.115625 0.172222 0.010417 0.020370
0 0.984375 0.171296 0.009375 0.016667
0 0.026042 0.145370 0.050000 0.027778
0 0.124740 0.756481 0.007812 0.016667
0 0.070833 0.904630 0.141667 0.025926
0 0.124479 0.560648 0.007292 0.017593
0 0.134635 0.172222 0.009896 0.020370
0 0.135156 0.560185 0.007812 0.016667
0 0.193490 0.212963 0.088021 0.018519
0 0.124740 0.172685 0.007812 0.017593
0 0.974479 0.172222 0.008333 0.014815
0 0.060417 0.146296 0.015625 0.025926
0 0.939323 0.008333 0.010937 0.016667
0 0.864323 0.514352 0.051562 0.015741
0 0.236979 0.033333 0.016667 0.020370
0 0.846615 0.461574 0.034896 0.019444
0 0.917555 0.976606 0.014995 0.026139
0 0.355703 0.063653 0.143490 0.025639
0 0.190156 0.064565 0.133750 0.022278
0 0.932786 0.033796 0.020781 0.025000
0 0.806250 0.065602 0.016667 0.021944
0 0.821354 0.065694 0.013542 0.022130
0 0.685005 0.063546 0.060677 0.024074
0 0.273505 0.063389 0.018750 0.025000
0 0.190112 0.088407 0.135609 0.025037
0 0.008633 0.248500 0.017266 0.024074
0 0.883323 0.082407 0.024479 0.055556
0 0.517896 0.063519 0.135677 0.024815
0 0.064604 0.248250 0.015625 0.024074
0 0.510182 0.088889 0.152656 0.024074
0 0.954167 0.081019 0.021875 0.060185
0 0.772135 0.067407 0.017188 0.023704
0 0.988771 0.009319 0.014583 0.018639
0 0.788802 0.066898 0.016146 0.024537
0 0.858516 0.081481 0.023438 0.050000
0 0.732281 0.062620 0.035937 0.025926
0 0.113057 0.062981 0.018750 0.021296
0 0.100026 0.197259 0.019271 0.024074
0 0.273245 0.089593 0.019094 0.025926
0 0.837604 0.064398 0.015417 0.019537
0 0.643526 0.064352 0.019792 0.023148
0 0.355802 0.089088 0.144229 0.026639
0 0.179938 0.863926 0.046563 0.075000
0 0.044526 0.193880 0.016052 0.025000
0 0.913359 0.566194 0.154740 0.017685
0 0.027953 0.196741 0.017010 0.025926
0 0.009646 0.033185 0.015552 0.018519
0 0.963589 0.009079 0.014063 0.018157
0 0.295260 0.145370 0.153229 0.024074
0 0.069583 0.923236 0.139167 0.012602
0 0.912682 0.601852 0.151406 0.018519
0 0.910328 0.090833 0.017708 0.026852
0 0.862396 0.425463 0.065417 0.015741
0 0.912708 0.619907 0.150417 0.017593
0 0.928531 0.089028 0.017188 0.024185
0 0.166589 0.173611 0.048073 0.017593
0 0.857995 0.865741 0.038906 0.012963
0 0.855781 0.795833 0.053229 0.013889
0 0.914089 0.900000 0.149948 0.018519
0 0.879271 0.848148 0.080417 0.012963
0 0.134714 0.757407 0.008698 0.022222
0 0.863073 0.813426 0.048021 0.012037
0 0.913677 0.583111 0.152021 0.016667
0 0.877448 0.831019 0.076771 0.013889
0 0.868724 0.760648 0.059323 0.013889
0 0.912969 0.637500 0.150937 0.017593
0 0.913375 0.920292 0.168354 0.016602
0 0.026490 0.031444 0.015104 0.020370
0 0.910521 0.408241 0.159583 0.016852
0 0.911052 0.478741 0.158313 0.016667
0 0.913620 0.497222 0.152240 0.018519
0 0.976154 0.977375 0.042234 0.034343
0 0.930167 0.974426 0.010521 0.020241
0 0.898307 0.977116 0.014271 0.019991
0 0.875430 0.884144 0.075891 0.018972
0 0.881503 0.777648 0.085224 0.015944
0 0.913781 0.743083 0.150937 0.016944
0 0.912802 0.724574 0.153458 0.016944
0 0.912779 0.706120 0.152255 0.016944
0 0.913542 0.689713 0.152917 0.016944
0 0.914273 0.672639 0.154266 0.016944
0 0.912609 0.655352 0.150937 0.017593
0 0.909672 0.443528 0.158802 0.017593
0 0.910948 0.390620 0.158802 0.017593
0 0.909578 0.373565 0.158802 0.017593
0 0.909453 0.356065 0.158802 0.017593
0 0.910047 0.338074 0.158802 0.017593
0 0.910047 0.320389 0.158802 0.017593
0 0.909469 0.302963 0.158802 0.017593
0 0.909469 0.285787 0.158802 0.017593
0 0.909193 0.250685 0.158802 0.017593
0 0.820495 0.088787 0.012656 0.020185
0 0.805745 0.089699 0.014615 0.021343
0 0.788573 0.091269 0.015635 0.019852
0 0.771820 0.091435 0.014891 0.020519
0 0.213888 0.031745 0.022516 0.017787
0 0.186448 0.032935 0.027354 0.021352
0 0.161432 0.033528 0.016677 0.020759
0 0.141331 0.033824 0.019182 0.021352
0 0.119651 0.031894 0.016177 0.019269
0 0.097102 0.032056 0.021234 0.019593
0 0.070195 0.032630 0.023568 0.023019
0 0.046589 0.031843 0.015927 0.018870
0 0.070573 0.858333 0.141146 0.027778
