0 0.913922 0.654870 0.153198 0.017296
0 0.910917 0.374176 0.161406 0.018519
0 0.911130 0.391259 0.161406 0.018519
0 0.910260 0.443222 0.161406 0.018519
0 0.914273 0.672472 0.153193 0.017296
0 0.914380 0.690333 0.153198 0.017296
0 0.882021 0.779306 0.086667 0.017130
0 0.875036 0.883653 0.072583 0.014880
0 0.899138 0.977231 0.015307 0.021074
0 0.918974 0.976153 0.012042 0.022898
0 0.931482 0.977894 0.010922 0.024065
0 0.975255 0.977056 0.037583 0.032444
0 0.911021 0.356889 0.161406 0.018519
0 0.820948 0.089634 0.012479 0.025028
0 0.805367 0.089829 0.014641 0.024917
0 0.788250 0.090190 0.015969 0.022194
0 0.772036 0.089884 0.013802 0.021083
0 0.214117 0.032500 0.021255 0.022111
0 0.186359 0.032630 0.025010 0.021852
0 0.162141 0.032500 0.017635 0.021593
0 0.141234 0.033014 0.017781 0.018509
0 0.120031 0.032611 0.014083 0.017722
0 0.097896 0.033542 0.021677 0.019343
0 0.069552 0.034412 0.024125 0.018343
0 0.046018 0.031190 0.015693 0.018343
0 0.189802 0.064838 0.134042 0.021528
0 0.355813 0.063981 0.144833 0.025741
0 0.932630 0.033796 0.020469 0.025000
0 0.806380 0.065370 0.016406 0.021481
0 0.983698 0.080593 0.025521 0.062963
0 0.821667 0.065185 0.012917 0.021111
0 0.272656 0.064352 0.021354 0.025000
0 0.684294 0.064167 0.060474 0.023519
0 0.189747 0.088324 0.134047 0.025574
0 0.008883 0.248509 0.017766 0.024074
0 0.441917 0.064148 0.015625 0.024074
0 0.518083 0.063593 0.133208 0.023333
0 0.064516 0.248056 0.015625 0.024074
0 0.025779 0.248148 0.014276 0.024074
0 0.954167 0.081065 0.021875 0.060278
0 0.509349 0.088426 0.150990 0.025000
0 0.772135 0.065741 0.017188 0.022222
0 0.788932 0.065093 0.015885 0.020926
0 0.989693 0.009222 0.014583 0.018444
0 0.859167 0.081481 0.024375 0.050000
0 0.272995 0.089815 0.020990 0.024074
0 0.731049 0.063995 0.034047 0.024287
0 0.100578 0.196602 0.017406 0.024074
0 0.112562 0.062676 0.018750 0.021296
0 0.111859 0.089815 0.016146 0.027778
0 0.837940 0.064389 0.015411 0.021000
0 0.643375 0.062528 0.019792 0.023148
0 0.919536 0.063426 0.036979 0.025000
0 0.356229 0.089412 0.144313 0.026176
0 0.181531 0.863120 0.045833 0.074352
0 0.044406 0.194241 0.014833 0.025000
0 0.026849 0.195694 0.018281 0.026574
0 0.910464 0.284759 0.161031 0.017593
0 0.010234 0.032880 0.014635 0.018519
0 0.914167 0.742593 0.151875 0.018519
0 0.914036 0.566204 0.152135 0.017593
0 0.864818 0.514352 0.051510 0.012037
0 0.911172 0.496759 0.157865 0.019444
0 0.963479 0.009565 0.014583 0.019130
0 0.070781 0.924898 0.141563 0.013722
0 0.295495 0.145370 0.152760 0.024074
0 0.913411 0.724537 0.153385 0.017593
0 0.909870 0.338889 0.161406 0.018519
0 0.913464 0.601852 0.152969 0.018519
0 0.865063 0.425843 0.069458 0.015741
0 0.914055 0.302278 0.152870 0.015370
0 0.910786 0.088444 0.016573 0.022556
0 0.914219 0.707407 0.153854 0.018519
0 0.856536 0.866407 0.035990 0.012963
0 0.928992 0.088245 0.016943 0.023694
0 0.165521 0.173611 0.050208 0.017593
0 0.878125 0.848148 0.078125 0.012963
0 0.854453 0.795833 0.050573 0.013889
0 0.914193 0.900000 0.149740 0.018519
0 0.863568 0.813426 0.049010 0.012037
0 0.913828 0.619907 0.152656 0.017593
0 0.877708 0.831019 0.077292 0.013889
0 0.869141 0.760648 0.060156 0.013889
0 0.913620 0.584519 0.152240 0.016667
0 0.909375 0.408333 0.160417 0.018519
0 0.914107 0.920282 0.170745 0.022398
0 0.913672 0.637500 0.152344 0.017593
0 0.028182 0.032648 0.015104 0.020370
0 0.909453 0.320833 0.161302 0.019444
0 0.911250 0.479630 0.158958 0.016667
0 0.026042 0.273148 0.015625 0.025926
0 0.070573 0.804630 0.141146 0.027778
0 0.070573 0.830556 0.141146 0.027778
0 0.016406 0.081944 0.026562 0.062037
0 0.098698 0.273611 0.013021 0.025000
0 0.062240 0.636111 0.016146 0.025926
0 0.065104 0.083333 0.021875 0.061111
0 0.397135 0.976389 0.117188 0.034259
0 0.116927 0.273611 0.014063 0.023148
0 0.080469 0.272685 0.015104 0.025000
0 0.080469 0.635648 0.015104 0.025000
0 0.088542 0.082407 0.023958 0.061111
0 0.062760 0.272685 0.015104 0.025000
0 0.080469 0.727315 0.014063 0.023148
0 0.118229 0.300463 0.017708 0.025000
0 0.044010 0.325463 0.014063 0.023148
0 0.380729 0.147222 0.013542 0.020370
0 0.044531 0.726852 0.016146 0.020370
0 0.044010 0.636111 0.015104 0.025926
0 0.040885 0.083333 0.021354 0.061111
0 0.062240 0.610648 0.015104 0.021296
0 0.044271 0.298611 0.014583 0.025000
0 0.098437 0.247685 0.012500 0.025000
0 0.099479 0.299537 0.013542 0.025000
0 0.080729 0.299074 0.014583 0.024074
0 0.025521 0.325463 0.015625 0.023148
0 0.044010 0.662500 0.014063 0.028704
0 0.044010 0.273148 0.015104 0.024074
0 0.711979 0.088426 0.013542 0.023148
0 0.512500 0.977315 0.017708 0.025000
0 0.694792 0.088426 0.017708 0.023148
0 0.025260 0.636111 0.017188 0.024074
0 0.099219 0.701389 0.014063 0.023148
0 0.044271 0.700926 0.014583 0.025926
0 0.008594 0.221759 0.014063 0.025000
0 0.080469 0.610185 0.015104 0.022222
0 0.043750 0.247685 0.013542 0.023148
0 0.747396 0.088889 0.014583 0.022222
0 0.080469 0.325926 0.015104 0.025926
0 0.558333 0.977778 0.018750 0.027778
0 0.025781 0.662963 0.014063 0.029630
0 0.883333 0.081944 0.023958 0.054630
0 0.080729 0.247222 0.014583 0.024074
0 0.063281 0.700463 0.017188 0.025000
0 0.730208 0.088889 0.014583 0.022222
0 0.062240 0.325463 0.013021 0.025000
0 0.062500 0.662500 0.015625 0.028704
0 0.080990 0.700463 0.013021 0.023148
0 0.044010 0.610648 0.015104 0.023148
0 0.973437 0.033333 0.051042 0.025926
0 0.008073 0.663426 0.016146 0.030556
0 0.025781 0.299537 0.014063 0.025000
0 0.043750 0.584259 0.015625 0.022222
0 0.117448 0.248148 0.014063 0.025926
0 0.044271 0.352778 0.015625 0.025926
0 0.490104 0.976852 0.018750 0.024074
0 0.062760 0.299074 0.014063 0.024074
0 0.580729 0.979167 0.018750 0.030556
0 0.534896 0.977778 0.017708 0.025926
0 0.117969 0.326389 0.017188 0.023148
0 0.909896 0.034259 0.013542 0.025926
0 0.676562 0.087963 0.012500 0.022222
0 0.063281 0.726852 0.016146 0.020370
0 0.007812 0.325463 0.015625 0.023148
0 0.604167 0.979630 0.020833 0.031481
0 0.098698 0.325463 0.013021 0.025000
0 0.672917 0.981019 0.016667 0.028704
0 0.327344 0.978241 0.021354 0.025000
0 0.466146 0.978241 0.017708 0.026852
0 0.117188 0.701389 0.014583 0.023148
0 0.062240 0.221759 0.014063 0.023148
0 0.098958 0.635648 0.015625 0.025000
0 0.207813 0.145833 0.017708 0.025000
0 0.946354 0.146759 0.013542 0.023148
0 0.650260 0.980556 0.017188 0.029630
0 0.008333 0.727778 0.016667 0.020370
0 0.008594 0.635648 0.014063 0.025000
0 0.008073 0.352315 0.015104 0.023148
0 0.894271 0.034722 0.013542 0.023148
0 0.026042 0.700463 0.014583 0.026852
0 0.659375 0.088426 0.013542 0.021296
0 0.025781 0.584259 0.017188 0.024074
0 0.080469 0.221296 0.013021 0.022222
0 0.025781 0.352315 0.015104 0.026852
0 0.967708 0.145833 0.019792 0.023148
0 0.008333 0.700463 0.016667 0.026852
0 0.043750 0.222222 0.013542 0.022222
0 0.061719 0.583796 0.015104 0.021296
0 0.117448 0.636574 0.017188 0.025000
0 0.846875 0.199537 0.035417 0.028704
0 0.627083 0.980556 0.016667 0.027778
0 0.190365 0.145833 0.015104 0.025000
0 0.098958 0.609722 0.015625 0.025000
0 0.008073 0.584259 0.016146 0.025926
0 0.026042 0.726852 0.015625 0.020370
0 0.008073 0.610185 0.016146 0.022222
0 0.007552 0.194907 0.015104 0.025000
0 0.008333 0.273148 0.014583 0.024074
0 0.007812 0.298148 0.015625 0.027778
0 0.917448 0.200000 0.035937 0.024074
0 0.025521 0.222222 0.015625 0.024074
0 0.079948 0.194907 0.013021 0.023148
0 0.154688 0.145370 0.016667 0.025926
0 0.134375 0.145833 0.018750 0.026852
0 0.098958 0.221296 0.014583 0.022222
0 0.114583 0.145833 0.016667 0.026852
0 0.116927 0.221759 0.013021 0.023148
0 0.988802 0.145370 0.019271 0.022222
0 0.641667 0.089815 0.014583 0.024074
0 0.117708 0.585185 0.016667 0.022222
0 0.062500 0.195370 0.013542 0.024074
0 0.846615 0.978241 0.014063 0.023148
0 0.881250 0.199537 0.032292 0.028704
0 0.080208 0.584722 0.015625 0.021296
0 0.134896 0.756481 0.007292 0.016667
0 0.116406 0.194444 0.010937 0.022222
0 0.117969 0.610185 0.019271 0.025926
0 0.097135 0.145833 0.016146 0.025000
0 0.994792 0.172222 0.009375 0.016667
0 0.080469 0.662037 0.014063 0.027778
0 0.115104 0.561111 0.009375 0.018519
0 0.965625 0.171759 0.011458 0.015741
0 0.105990 0.756481 0.009896 0.018519
0 0.098698 0.585185 0.016146 0.022222
0 0.910156 0.249537 0.158854 0.021296
0 0.608854 0.077315 0.035417 0.056481
0 0.172917 0.144907 0.015625 0.025000
0 0.078906 0.145833 0.017188 0.025000
0 0.880208 0.978241 0.013542 0.023148
0 0.863021 0.978241 0.015625 0.023148
0 0.115365 0.756481 0.006771 0.016667
0 0.819010 0.173611 0.013021 0.021296
0 0.025781 0.609259 0.018229 0.020370
0 0.197135 0.173148 0.008854 0.020370
0 0.115885 0.172222 0.010937 0.020370
0 0.984375 0.171296 0.009375 0.016667
0 0.026042 0.145370 0.050000 0.027778
0 0.070573 0.858333 0.141146 0.027778
0 0.124740 0.756481 0.007812 0.016667
0 0.070833 0.904630 0.141667 0.025926
0 0.124479 0.560648 0.007292 0.017593
0 0.189323 0.212500 0.077604 0.019444
0 0.135156 0.560185 0.007812 0.016667
0 0.134635 0.172222 0.009896 0.020370
0 0.060417 0.146296 0.015625 0.025926
0 0.124740 0.172685 0.007812 0.017593
0 0.974479 0.172222 0.008333 0.014815
0 0.939323 0.008333 0.010937 0.016667
0 0.846615 0.461574 0.034896 0.019444
0 0.236979 0.033333 0.016667 0.020370
0 0.944792 0.976389 0.013542 0.026852
