0 0.868385 0.760648 0.058646 0.013889
0 0.914227 0.919255 0.166651 0.022231
0 0.914062 0.637500 0.153125 0.017593
0 0.027505 0.032806 0.015104 0.020370
0 0.911328 0.479630 0.158073 0.016667
0 0.913880 0.497222 0.152760 0.018519
0 0.643000 0.062796 0.019792 0.023148
0 0.976372 0.977981 0.038141 0.030926
0 0.931458 0.976792 0.008865 0.021417
0 0.899589 0.978722 0.019406 0.021704
0 0.915857 0.743088 0.151724 0.017546
0 0.914115 0.725190 0.151729 0.017546
0 0.914307 0.708681 0.151729 0.017546
0 0.356070 0.087894 0.144839 0.024769
0 0.914115 0.690782 0.151729 0.017546
0 0.837474 0.064213 0.015677 0.019167
0 0.914115 0.674264 0.151729 0.017546
0 0.914260 0.656227 0.151729 0.017546
0 0.915526 0.565866 0.150719 0.017046
0 0.181719 0.864755 0.047240 0.073620
0 0.919292 0.062963 0.036458 0.024074
0 0.044849 0.194139 0.017188 0.025000
0 0.909185 0.443079 0.159026 0.017046
0 0.910698 0.391352 0.159021 0.017056
0 0.910581 0.372782 0.159026 0.017046
0 0.910078 0.355537 0.159021 0.017056
0 0.026659 0.195630 0.017276 0.025926
0 0.913977 0.900403 0.149026 0.014009
0 0.910078 0.338287 0.159021 0.017056
0 0.910917 0.320741 0.159021 0.017056
0 0.911250 0.303194 0.159021 0.017056
0 0.910917 0.286542 0.159021 0.017046
0 0.910333 0.250255 0.159021 0.017046
0 0.008891 0.032648 0.013156 0.018519
0 0.273698 0.088944 0.018229 0.025926
0 0.820529 0.089278 0.011297 0.022370
0 0.111802 0.063231 0.018750 0.021296
0 0.804674 0.089134 0.014443 0.022657
0 0.069156 0.857870 0.138313 0.026852
0 0.731174 0.063593 0.033589 0.023667
0 0.933568 0.034176 0.021406 0.023148
0 0.295495 0.145370 0.152760 0.024074
0 0.858958 0.081481 0.024792 0.050000
0 0.788297 0.089060 0.014927 0.022806
0 0.771318 0.089352 0.015812 0.022519
0 0.214146 0.031491 0.021927 0.018630
0 0.963401 0.009023 0.014063 0.018046
0 0.187146 0.033222 0.025813 0.019389
0 0.162089 0.033028 0.014792 0.016704
0 0.140659 0.033454 0.018016 0.016093
0 0.788802 0.065278 0.016146 0.021296
0 0.070094 0.925546 0.138771 0.013352
0 0.071729 0.905028 0.141667 0.025926
0 0.188945 0.064301 0.133984 0.022861
0 0.355401 0.063255 0.144719 0.024102
0 0.806250 0.065324 0.016667 0.021389
0 0.821354 0.064630 0.013542 0.020000
0 0.273234 0.064046 0.018750 0.024074
0 0.683844 0.064056 0.060437 0.023296
0 0.189945 0.088394 0.133651 0.025250
0 0.009375 0.247083 0.016667 0.023796
0 0.063750 0.247361 0.017083 0.024352
0 0.518307 0.063801 0.135052 0.021676
0 0.025839 0.247889 0.016146 0.024074
0 0.509870 0.088426 0.152031 0.025000
0 0.772135 0.066204 0.017188 0.021296
0 0.954167 0.080417 0.021875 0.058981
0 0.988115 0.009736 0.014583 0.019472
0 0.119375 0.033537 0.015583 0.018593
0 0.097208 0.033704 0.024083 0.017259
0 0.070510 0.033620 0.022958 0.021407
0 0.046195 0.032375 0.017453 0.017917
0 0.910651 0.088843 0.017708 0.026852
0 0.913656 0.601167 0.152969 0.018519
0 0.861927 0.425806 0.064479 0.015741
0 0.928495 0.087981 0.017188 0.026074
0 0.167370 0.173611 0.046510 0.017593
0 0.858594 0.865741 0.040104 0.012963
0 0.877917 0.848148 0.077708 0.012963
0 0.913802 0.619907 0.152604 0.017593
0 0.875909 0.882468 0.074016 0.014509
0 0.855078 0.795833 0.051823 0.013889
0 0.863776 0.813426 0.049427 0.012037
0 0.878255 0.831019 0.078385 0.013889
0 0.913646 0.583806 0.152292 0.016667
0 0.007812 0.325463 0.015625 0.023148
0 0.919010 0.976852 0.013021 0.024074
0 0.944010 0.976389 0.014063 0.026852
0 0.908854 0.408796 0.162500 0.019444
0 0.846615 0.461574 0.034896 0.019444
0 0.236979 0.033333 0.016667 0.020370
0 0.016406 0.081944 0.026562 0.062037
0 0.070573 0.804630 0.141146 0.027778
0 0.070573 0.830556 0.141146 0.027778
0 0.864323 0.514352 0.051562 0.015741
0 0.939323 0.008333 0.010937 0.016667
0 0.060417 0.146296 0.015625 0.025926
0 0.974479 0.172222 0.008333 0.014815
0 0.124740 0.172685 0.007812 0.017593
0 0.193490 0.212963 0.088021 0.018519
0 0.135156 0.560185 0.007812 0.016667
0 0.134635 0.172222 0.009896 0.020370
0 0.124479 0.560648 0.007292 0.017593
0 0.124740 0.756481 0.007812 0.016667
0 0.026042 0.145370 0.050000 0.027778
0 0.984375 0.171296 0.009375 0.016667
0 0.115625 0.172222 0.010417 0.020370
0 0.197135 0.173148 0.008854 0.020370
0 0.819010 0.173611 0.013021 0.021296
0 0.025781 0.609259 0.018229 0.020370
0 0.115365 0.756481 0.006771 0.016667
0 0.608854 0.077315 0.035417 0.056481
0 0.172917 0.144907 0.015625 0.025000
0 0.078906 0.145833 0.017188 0.025000
0 0.863021 0.977778 0.015625 0.024074
0 0.098698 0.585185 0.016146 0.022222
0 0.879948 0.978241 0.013021 0.023148
0 0.965365 0.171759 0.010937 0.015741
0 0.080469 0.662037 0.014063 0.027778
0 0.105990 0.756481 0.009896 0.018519
0 0.994792 0.172222 0.009375 0.016667
0 0.115104 0.561111 0.009375 0.018519
0 0.097135 0.145833 0.016146 0.025000
0 0.116406 0.194444 0.010937 0.022222
0 0.117969 0.610185 0.019271 0.025926
0 0.134896 0.756481 0.007292 0.016667
0 0.080208 0.584722 0.015625 0.021296
0 0.846615 0.978241 0.014063 0.023148
0 0.062500 0.195370 0.013542 0.024074
0 0.881250 0.199537 0.032292 0.028704
0 0.117708 0.585185 0.016667 0.022222
0 0.641667 0.089815 0.014583 0.024074
0 0.116927 0.221759 0.013021 0.023148
0 0.988802 0.145370 0.019271 0.022222
0 0.114844 0.145833 0.017188 0.026852
0 0.099219 0.221296 0.014063 0.022222
0 0.154688 0.145370 0.016667 0.025926
0 0.134375 0.145833 0.018750 0.026852
0 0.146615 0.193519 0.011979 0.022222
0 0.080208 0.194907 0.012500 0.023148
0 0.025521 0.222222 0.015625 0.024074
0 0.917448 0.200000 0.035937 0.024074
0 0.008333 0.273148 0.014583 0.024074
0 0.007812 0.298148 0.015625 0.027778
0 0.007552 0.194907 0.015104 0.025000
0 0.007812 0.610185 0.015625 0.022222
0 0.008073 0.584259 0.016146 0.025926
0 0.026042 0.726852 0.015625 0.020370
0 0.190365 0.145833 0.015104 0.025000
0 0.098958 0.610185 0.015625 0.024074
0 0.111198 0.089815 0.016146 0.027778
0 0.117448 0.636574 0.017188 0.025000
0 0.099740 0.194444 0.019271 0.024074
0 0.061719 0.583796 0.015104 0.021296
0 0.627083 0.980556 0.016667 0.027778
0 0.846875 0.199537 0.035417 0.028704
0 0.008333 0.700463 0.016667 0.026852
0 0.043750 0.222222 0.013542 0.022222
0 0.025521 0.352315 0.014583 0.025000
0 0.025781 0.584259 0.017188 0.024074
0 0.967708 0.145833 0.019792 0.023148
0 0.080469 0.221296 0.013021 0.022222
0 0.008594 0.635648 0.014063 0.025000
0 0.008073 0.352315 0.015104 0.023148
0 0.894271 0.034722 0.013542 0.023148
0 0.026042 0.700463 0.014583 0.026852
0 0.659115 0.088426 0.013021 0.021296
0 0.008333 0.727778 0.016667 0.020370
0 0.946354 0.146759 0.013542 0.023148
0 0.650260 0.981019 0.017188 0.028704
0 0.098958 0.635648 0.015625 0.025000
0 0.327344 0.978241 0.021354 0.025000
0 0.026042 0.273148 0.015625 0.025926
0 0.207552 0.145833 0.017188 0.025000
0 0.098698 0.325926 0.013021 0.025926
0 0.062500 0.221759 0.013542 0.023148
0 0.117188 0.701389 0.014583 0.023148
0 0.466146 0.978241 0.017708 0.026852
0 0.604167 0.979630 0.020833 0.031481
0 0.909896 0.034259 0.013542 0.025926
0 0.117969 0.326389 0.017188 0.023148
0 0.063281 0.726852 0.016146 0.020370
0 0.676562 0.087963 0.012500 0.022222
0 0.672917 0.981019 0.016667 0.028704
0 0.580729 0.979167 0.018750 0.030556
0 0.534896 0.977315 0.017708 0.025000
0 0.043750 0.584259 0.015625 0.022222
0 0.117448 0.248148 0.014063 0.025926
0 0.025781 0.299537 0.014063 0.025000
0 0.062500 0.299074 0.013542 0.024074
0 0.044271 0.352778 0.015625 0.025926
0 0.008073 0.663426 0.016146 0.030556
0 0.490104 0.976852 0.018750 0.024074
0 0.044010 0.610648 0.015104 0.023148
0 0.730208 0.088889 0.014583 0.022222
0 0.080990 0.700463 0.013021 0.023148
0 0.080469 0.326389 0.015104 0.025000
0 0.062500 0.662500 0.015625 0.028704
0 0.062240 0.325463 0.013021 0.025000
0 0.973698 0.033333 0.050521 0.025926
0 0.025781 0.662963 0.014063 0.029630
0 0.441667 0.064815 0.015625 0.024074
0 0.883073 0.082870 0.024479 0.054630
0 0.063281 0.700463 0.017188 0.025000
0 0.747396 0.088889 0.014583 0.022222
0 0.080729 0.247222 0.014583 0.024074
0 0.043750 0.247685 0.013542 0.023148
0 0.558333 0.977778 0.018750 0.027778
0 0.080469 0.610185 0.015104 0.022222
0 0.008594 0.221759 0.014063 0.025000
0 0.044271 0.700926 0.014583 0.025926
0 0.025521 0.636111 0.016667 0.024074
0 0.099219 0.701389 0.014063 0.023148
0 0.694792 0.088426 0.017708 0.023148
0 0.711979 0.088889 0.013542 0.022222
0 0.080729 0.299074 0.014583 0.024074
0 0.025521 0.325463 0.015625 0.023148
0 0.044010 0.662500 0.014063 0.028704
0 0.983073 0.081481 0.025521 0.062963
0 0.512760 0.977315 0.017188 0.025000
0 0.044010 0.273148 0.015104 0.024074
0 0.099479 0.299537 0.013542 0.025000
0 0.380729 0.147222 0.013542 0.020370
0 0.040885 0.083333 0.021354 0.061111
0 0.044271 0.298611 0.014583 0.025000
0 0.098437 0.247685 0.012500 0.025000
0 0.062240 0.610648 0.015104 0.021296
0 0.044010 0.636574 0.015104 0.025000
0 0.044010 0.325463 0.014063 0.023148
0 0.044531 0.726852 0.016146 0.020370
0 0.118229 0.300463 0.017708 0.025000
0 0.080469 0.727315 0.014063 0.023148
0 0.062760 0.272685 0.015104 0.025000
0 0.088281 0.082407 0.023438 0.061111
0 0.396875 0.976389 0.116667 0.034259
0 0.080469 0.635648 0.015104 0.025000
0 0.098698 0.273611 0.013021 0.025000
0 0.116927 0.273611 0.014063 0.023148
0 0.080469 0.272685 0.015104 0.025000
0 0.065104 0.083796 0.021875 0.060185
0 0.062240 0.636111 0.016146 0.025926
