0 0.070573 0.804630 0.141146 0.027778
0 0.070573 0.830556 0.141146 0.027778
0 0.016406 0.081944 0.026562 0.062037
0 0.098698 0.273611 0.013021 0.025000
0 0.408333 0.976389 0.116667 0.034259
0 0.062240 0.636111 0.016146 0.025926
0 0.065104 0.083796 0.021875 0.060185
0 0.080469 0.272685 0.015104 0.025000
0 0.116927 0.273611 0.014063 0.023148
0 0.062500 0.272685 0.014583 0.025000
0 0.088542 0.082870 0.023958 0.060185
0 0.080469 0.727315 0.014063 0.023148
0 0.371094 0.147222 0.014063 0.022222
0 0.080469 0.635648 0.015104 0.025000
0 0.118229 0.300463 0.017708 0.025000
0 0.044010 0.325926 0.014063 0.024074
0 0.044531 0.726852 0.015104 0.020370
0 0.062240 0.610648 0.015104 0.021296
0 0.044271 0.298611 0.014583 0.025000
0 0.044010 0.636574 0.015104 0.025000
0 0.040885 0.083333 0.021354 0.061111
0 0.098437 0.247685 0.012500 0.025000
0 0.099479 0.299537 0.013542 0.025000
0 0.983073 0.080556 0.025521 0.062963
0 0.080729 0.299074 0.014583 0.024074
0 0.025521 0.325463 0.015625 0.023148
0 0.044010 0.273148 0.015104 0.024074
0 0.711979 0.088889 0.013542 0.022222
0 0.523958 0.977315 0.017708 0.025000
0 0.694792 0.088426 0.017708 0.023148
0 0.099219 0.701389 0.014063 0.023148
0 0.188802 0.087500 0.138021 0.025000
0 0.044010 0.662500 0.014063 0.028704
0 0.973437 0.033333 0.051042 0.025926
0 0.025260 0.636111 0.017188 0.024074
0 0.008594 0.221759 0.014063 0.025000
0 0.747656 0.088889 0.014063 0.022222
0 0.044271 0.700926 0.014583 0.025926
0 0.043750 0.247685 0.013542 0.023148
0 0.883333 0.082870 0.023958 0.054630
0 0.570052 0.978704 0.018229 0.027778
0 0.080729 0.247222 0.014583 0.024074
0 0.080469 0.325926 0.015104 0.025926
0 0.063281 0.700463 0.017188 0.025000
0 0.080990 0.700463 0.013021 0.023148
0 0.730208 0.088889 0.014583 0.022222
0 0.062240 0.325463 0.013021 0.025000
0 0.080469 0.610185 0.015104 0.022222
0 0.025781 0.662963 0.014063 0.029630
0 0.441667 0.064815 0.015625 0.024074
0 0.501042 0.976852 0.017708 0.024074
0 0.546875 0.977778 0.017708 0.025926
0 0.477604 0.977315 0.017708 0.026852
0 0.592708 0.979630 0.018750 0.031481
0 0.044010 0.610648 0.015104 0.023148
0 0.043750 0.584259 0.015625 0.022222
0 0.117448 0.248148 0.014063 0.025926
0 0.062500 0.299074 0.013542 0.024074
0 0.044271 0.352778 0.015625 0.025926
0 0.025781 0.299537 0.014063 0.025000
0 0.909896 0.034259 0.013542 0.025926
0 0.676562 0.087963 0.012500 0.022222
0 0.008073 0.663426 0.016146 0.030556
0 0.062500 0.662500 0.015625 0.028704
0 0.946354 0.146296 0.013542 0.022222
0 0.117969 0.326389 0.017188 0.023148
0 0.117188 0.701389 0.014583 0.023148
0 0.007812 0.325463 0.015625 0.023148
0 0.098698 0.325926 0.013021 0.025926
0 0.063021 0.726852 0.015625 0.020370
0 0.062500 0.221759 0.013542 0.023148
0 0.967708 0.145833 0.019792 0.023148
0 0.098958 0.635185 0.016667 0.025926
0 0.207552 0.145833 0.017188 0.025000
0 0.008333 0.727778 0.016667 0.020370
0 0.894271 0.034259 0.013542 0.022222
0 0.659115 0.088426 0.013021 0.021296
0 0.008073 0.352315 0.015104 0.023148
0 0.080469 0.221759 0.013021 0.023148
0 0.025781 0.584259 0.017188 0.024074
0 0.025521 0.352315 0.014583 0.026852
0 0.026042 0.700926 0.014583 0.025926
0 0.008333 0.700463 0.016667 0.026852
0 0.615885 0.980093 0.020313 0.030556
0 0.008594 0.635648 0.014063 0.025000
0 0.044010 0.222222 0.013021 0.022222
0 0.190365 0.145833 0.015104 0.025000
0 0.061719 0.584259 0.015104 0.022222
0 0.847135 0.199537 0.035937 0.028704
0 0.007812 0.610185 0.015625 0.022222
0 0.111198 0.089815 0.016146 0.027778
0 0.007552 0.194907 0.015104 0.025000
0 0.026042 0.726852 0.015625 0.020370
0 0.917448 0.200000 0.035937 0.024074
0 0.080208 0.194907 0.012500 0.023148
0 0.638542 0.980556 0.015625 0.025926
0 0.154688 0.145833 0.016667 0.026852
0 0.008333 0.273148 0.014583 0.024074
0 0.116927 0.636111 0.014063 0.024074
0 0.007812 0.298148 0.015625 0.027778
0 0.988802 0.145370 0.019271 0.022222
0 0.008073 0.584259 0.016146 0.025926
0 0.661198 0.980093 0.017188 0.026852
0 0.025521 0.222222 0.015625 0.024074
0 0.134375 0.145833 0.018750 0.026852
0 0.114583 0.145833 0.016667 0.026852
0 0.117448 0.585185 0.015104 0.020370
0 0.099219 0.221296 0.014063 0.022222
0 0.117188 0.609722 0.012500 0.023148
0 0.116927 0.221759 0.013021 0.023148
0 0.099740 0.610648 0.018229 0.025000
0 0.338281 0.978241 0.020313 0.026852
0 0.641667 0.089815 0.014583 0.024074
0 0.062500 0.195370 0.013542 0.024074
0 0.881250 0.200000 0.032292 0.027778
0 0.134896 0.756481 0.007292 0.016667
0 0.994792 0.172222 0.009375 0.016667
0 0.964583 0.172685 0.009375 0.015741
0 0.097396 0.145833 0.015625 0.025000
0 0.105990 0.756481 0.009896 0.018519
0 0.080208 0.584722 0.015625 0.021296
0 0.115104 0.561111 0.009375 0.018519
0 0.116406 0.194444 0.010937 0.022222
0 0.080469 0.662037 0.014063 0.027778
0 0.172917 0.145370 0.015625 0.025926
0 0.078906 0.145833 0.017188 0.025000
0 0.115365 0.756481 0.006771 0.016667
0 0.098958 0.585185 0.016667 0.022222
0 0.862500 0.978704 0.014583 0.027778
0 0.025781 0.609722 0.018229 0.019444
0 0.818750 0.174074 0.012500 0.020370
0 0.608854 0.077315 0.035417 0.056481
0 0.197135 0.173611 0.008854 0.019444
0 0.879427 0.977315 0.016146 0.025000
0 0.115885 0.172222 0.010937 0.020370
0 0.984375 0.171296 0.009375 0.016667
0 0.070052 0.857870 0.140104 0.026852
0 0.025781 0.145370 0.050521 0.027778
0 0.236979 0.033796 0.016667 0.021296
0 0.124740 0.756481 0.007812 0.016667
0 0.124479 0.560648 0.007292 0.017593
0 0.134635 0.172222 0.009896 0.020370
0 0.135156 0.560185 0.007812 0.016667
0 0.974479 0.172222 0.008333 0.014815
0 0.060417 0.146296 0.015625 0.025926
0 0.939323 0.008333 0.010937 0.016667
0 0.008073 0.033796 0.014063 0.023148
0 0.871615 0.689352 0.066146 0.017593
0 0.847135 0.461111 0.034896 0.018519
0 0.944792 0.976389 0.013542 0.026852
0 0.870052 0.549074 0.065104 0.016667
0 0.008333 0.805556 0.013542 0.022222
0 0.042448 0.728241 0.018229 0.021296
0 0.509922 0.088889 0.152135 0.024074
0 0.519526 0.063870 0.135833 0.023426
0 0.009193 0.247731 0.016302 0.025093
0 0.272734 0.064352 0.021510 0.025000
0 0.821354 0.065370 0.013542 0.021481
0 0.683971 0.063565 0.060391 0.024722
0 0.805990 0.065602 0.017188 0.021944
0 0.932708 0.033796 0.020625 0.025000
0 0.189620 0.063861 0.135031 0.023093
0 0.356146 0.063009 0.145000 0.027685
0 0.866823 0.760648 0.055521 0.013889
0 0.864688 0.848611 0.051250 0.013889
0 0.929250 0.088681 0.017188 0.025417
0 0.910930 0.088472 0.017589 0.025648
0 0.125172 0.172685 0.007812 0.017593
0 0.194167 0.212963 0.086667 0.018519
0 0.862760 0.426852 0.067187 0.016667
0 0.877604 0.813426 0.077083 0.012037
0 0.166797 0.173611 0.047656 0.017593
0 0.913984 0.919218 0.172031 0.021380
0 0.963510 0.008856 0.014583 0.017713
0 0.909266 0.408639 0.162490 0.019444
0 0.291146 0.144907 0.143750 0.025000
0 0.914089 0.882870 0.152031 0.015741
0 0.914427 0.742593 0.151354 0.018519
0 0.070422 0.905296 0.137698 0.024722
0 0.047396 0.033657 0.018063 0.018519
0 0.864792 0.900463 0.051458 0.013889
0 0.026823 0.195972 0.018229 0.027130
0 0.070987 0.034167 0.023432 0.018926
0 0.097448 0.033764 0.024271 0.019083
0 0.119758 0.033005 0.014193 0.019917
0 0.140198 0.032759 0.019417 0.017426
0 0.919677 0.062463 0.036979 0.025000
0 0.161820 0.032514 0.014797 0.021694
0 0.186172 0.033181 0.028729 0.021120
0 0.214914 0.032370 0.023568 0.019537
0 0.044453 0.195792 0.015885 0.022694
0 0.772117 0.089856 0.014932 0.019250
0 0.181734 0.863000 0.047292 0.075833
0 0.356346 0.088801 0.145224 0.025546
0 0.643469 0.062361 0.019792 0.023148
0 0.837682 0.064306 0.015260 0.019352
0 0.273099 0.090741 0.021198 0.025926
0 0.788312 0.088611 0.015031 0.020407
0 0.805638 0.089407 0.015005 0.021963
0 0.099740 0.198019 0.019271 0.024074
0 0.821003 0.088500 0.012234 0.021852
0 0.910497 0.250190 0.159214 0.015639
0 0.910206 0.286171 0.159214 0.015639
0 0.911073 0.302106 0.159208 0.015639
0 0.910784 0.319588 0.159214 0.015639
0 0.910060 0.338088 0.159214 0.015639
0 0.910060 0.354282 0.159214 0.015639
0 0.909701 0.389894 0.159214 0.015639
0 0.909888 0.443597 0.159214 0.015639
0 0.914750 0.479148 0.151125 0.017407
0 0.914312 0.496481 0.151125 0.017407
0 0.914021 0.513963 0.151125 0.017407
0 0.913589 0.531435 0.151125 0.017407
0 0.915260 0.602194 0.151125 0.017407
0 0.915260 0.620185 0.151125 0.017407
0 0.730906 0.063898 0.033917 0.025204
0 0.915547 0.637148 0.151125 0.017407
0 0.914953 0.654111 0.151125 0.017407
0 0.899326 0.977981 0.017120 0.022000
0 0.112818 0.062657 0.018750 0.021296
0 0.932315 0.975875 0.009870 0.027546
0 0.974615 0.975764 0.036490 0.033991
0 0.070167 0.925269 0.140333 0.012444
0 0.026432 0.273949 0.013104 0.021083
0 0.914349 0.673148 0.151615 0.018519
0 0.858906 0.081481 0.024896 0.050000
0 0.027245 0.034083 0.015104 0.020370
0 0.788802 0.065278 0.016146 0.021296
0 0.987646 0.009157 0.014583 0.018315
0 0.920167 0.976593 0.013833 0.028741
0 0.954167 0.080278 0.021875 0.060556
0 0.772396 0.066435 0.016667 0.021759
0 0.909297 0.795833 0.158490 0.017593
0 0.882917 0.777778 0.089792 0.012963
0 0.874063 0.865741 0.071042 0.014815
0 0.909896 0.372157 0.161458 0.017870
0 0.877917 0.831019 0.077708 0.013889
0 0.027687 0.248481 0.016146 0.024074
0 0.063724 0.247963 0.017031 0.025556
