0 0.082667 0.247222 0.014583 0.024074
0 0.009370 0.248556 0.016406 0.024074
0 0.190740 0.087389 0.135187 0.025963
0 0.027068 0.032130 0.015104 0.020370
0 0.683698 0.063380 0.061146 0.025093
0 0.821354 0.064630 0.013542 0.020000
0 0.862591 0.425449 0.065339 0.015824
0 0.909445 0.443644 0.159047 0.015824
0 0.911198 0.479630 0.157812 0.016667
0 0.806250 0.064954 0.016667 0.020648
0 0.913562 0.655250 0.153594 0.017593
0 0.913937 0.673417 0.153594 0.017593
0 0.933464 0.033796 0.022135 0.025000
0 0.190057 0.063991 0.134156 0.024463
0 0.928635 0.088676 0.017188 0.025981
0 0.914016 0.690806 0.153594 0.017593
0 0.914339 0.708806 0.153594 0.017593
0 0.914016 0.726028 0.153594 0.017593
0 0.914016 0.744028 0.153594 0.017593
0 0.856875 0.865741 0.036667 0.012963
0 0.913359 0.619907 0.151719 0.017593
0 0.100026 0.196491 0.019271 0.024074
0 0.165781 0.173611 0.049687 0.017593
0 0.912552 0.900000 0.153021 0.018519
0 0.046677 0.033056 0.017010 0.017796
0 0.878750 0.848148 0.079375 0.012963
0 0.732177 0.063259 0.035937 0.025926
0 0.854062 0.795833 0.049792 0.013889
0 0.863542 0.813426 0.048958 0.012037
0 0.859010 0.081481 0.024688 0.050000
0 0.071607 0.034296 0.023797 0.018759
0 0.097661 0.033917 0.021427 0.019519
0 0.882089 0.778444 0.088208 0.015944
0 0.874786 0.883454 0.073260 0.015500
0 0.898385 0.978597 0.017417 0.026602
0 0.119036 0.032574 0.015937 0.017611
0 0.142242 0.033727 0.021641 0.018380
0 0.162169 0.033537 0.014078 0.017722
0 0.188148 0.031986 0.027161 0.020824
0 0.215378 0.033616 0.021339 0.019731
0 0.918594 0.976611 0.011833 0.028185
0 0.931656 0.975421 0.010719 0.026602
0 0.943714 0.976810 0.011615 0.028583
0 0.772057 0.088931 0.014427 0.022972
0 0.975979 0.979671 0.042198 0.040657
0 0.988854 0.009907 0.014583 0.019815
0 0.788156 0.089986 0.016687 0.023546
0 0.914508 0.920801 0.170984 0.021917
0 0.909956 0.250412 0.159047 0.015824
0 0.913854 0.497222 0.152708 0.018519
0 0.913469 0.583648 0.152229 0.016667
0 0.788802 0.065602 0.016146 0.021944
0 0.643750 0.062639 0.019792 0.023148
0 0.180745 0.861815 0.045781 0.084907
0 0.045333 0.194241 0.017188 0.025000
0 0.914125 0.566037 0.150625 0.017407
0 0.027057 0.195370 0.018698 0.025926
0 0.009120 0.033278 0.012906 0.018519
0 0.294740 0.145370 0.154271 0.024074
0 0.962609 0.009546 0.014583 0.019093
0 0.920120 0.062741 0.036458 0.024074
0 0.837865 0.064259 0.014896 0.021111
0 0.026766 0.222222 0.015625 0.024074
0 0.071016 0.925380 0.142031 0.011463
0 0.913594 0.601852 0.153229 0.018519
0 0.910521 0.088292 0.017708 0.024528
0 0.909724 0.302657 0.159042 0.015833
0 0.821937 0.088042 0.011521 0.022213
0 0.877161 0.831019 0.076198 0.013889
0 0.910518 0.320250 0.159047 0.015833
0 0.909214 0.284833 0.159042 0.015833
0 0.772135 0.065602 0.017188 0.021944
0 0.518526 0.088426 0.139583 0.026852
0 0.954167 0.078426 0.021875 0.055000
0 0.909893 0.337301 0.159047 0.015824
0 0.805385 0.089699 0.014323 0.022213
0 0.869557 0.761111 0.060990 0.014815
0 0.112271 0.062833 0.018750 0.021296
0 0.914297 0.637500 0.153594 0.017593
0 0.027005 0.247481 0.016146 0.024074
0 0.064635 0.247602 0.015625 0.024074
0 0.909289 0.355681 0.159047 0.015824
0 0.909622 0.373472 0.159047 0.015833
0 0.884333 0.081352 0.023958 0.054630
0 0.910427 0.390278 0.159042 0.015833
0 0.911003 0.407704 0.159047 0.015833
0 0.065104 0.083333 0.021875 0.061111
0 0.116927 0.273611 0.014063 0.023148
0 0.080469 0.272685 0.015104 0.025000
0 0.355469 0.062500 0.148438 0.028704
0 0.080469 0.635648 0.015104 0.025000
0 0.088542 0.082407 0.023958 0.061111
0 0.062760 0.272685 0.015104 0.025000
0 0.080469 0.727315 0.014063 0.023148
0 0.118229 0.300463 0.017708 0.025000
0 0.044010 0.325463 0.014063 0.023148
0 0.044531 0.726852 0.016146 0.020370
0 0.044010 0.636111 0.015104 0.025926
0 0.380729 0.147222 0.013542 0.020370
0 0.062240 0.610648 0.015104 0.021296
0 0.040885 0.083333 0.021354 0.061111
0 0.044271 0.298611 0.014583 0.025000
0 0.098437 0.247685 0.012500 0.025000
0 0.099479 0.299537 0.013542 0.025000
0 0.983073 0.081481 0.025521 0.062963
0 0.044010 0.662500 0.014063 0.028704
0 0.025521 0.325463 0.015625 0.023148
0 0.080729 0.299074 0.014583 0.024074
0 0.044010 0.273148 0.015104 0.024074
0 0.711979 0.088426 0.013542 0.023148
0 0.271354 0.064352 0.018750 0.025000
0 0.512500 0.977315 0.017708 0.025000
0 0.694792 0.088426 0.017708 0.023148
0 0.025260 0.636111 0.017188 0.024074
0 0.099219 0.701389 0.014063 0.023148
0 0.044271 0.700926 0.014583 0.025926
0 0.008594 0.221759 0.014063 0.025000
0 0.080469 0.610185 0.015104 0.022222
0 0.043750 0.247685 0.013542 0.023148
0 0.747396 0.088889 0.014583 0.022222
0 0.025781 0.662963 0.014063 0.029630
0 0.518750 0.062500 0.138542 0.026852
0 0.080469 0.325926 0.015104 0.025926
0 0.558333 0.977778 0.018750 0.027778
0 0.441667 0.064815 0.015625 0.024074
0 0.070573 0.804630 0.141146 0.027778
0 0.070573 0.830556 0.141146 0.027778
0 0.016406 0.081944 0.026562 0.062037
0 0.098698 0.273611 0.013021 0.025000
0 0.397135 0.976389 0.117188 0.034259
0 0.063281 0.700463 0.017188 0.025000
0 0.062500 0.662500 0.015625 0.028704
0 0.730208 0.088889 0.014583 0.022222
0 0.062240 0.325463 0.013021 0.025000
0 0.973437 0.033333 0.051042 0.025926
0 0.117448 0.248148 0.014063 0.025926
0 0.062760 0.299074 0.014063 0.024074
0 0.580729 0.979167 0.018750 0.030556
0 0.490104 0.976852 0.018750 0.024074
0 0.534896 0.977778 0.017708 0.025926
0 0.117969 0.326389 0.017188 0.023148
0 0.909896 0.034259 0.013542 0.025926
0 0.676562 0.087963 0.012500 0.022222
0 0.063281 0.726852 0.016146 0.020370
0 0.007812 0.325463 0.015625 0.023148
0 0.604167 0.979630 0.020833 0.031481
0 0.672917 0.981019 0.016667 0.028704
0 0.098698 0.325463 0.013021 0.025000
0 0.117188 0.701389 0.014583 0.023148
0 0.466146 0.978241 0.017708 0.026852
0 0.062240 0.221759 0.014063 0.023148
0 0.207813 0.145833 0.017708 0.025000
0 0.026042 0.273148 0.015625 0.025926
0 0.044271 0.352778 0.015625 0.025926
0 0.098958 0.635648 0.015625 0.025000
0 0.327344 0.978241 0.021354 0.025000
0 0.946354 0.146759 0.013542 0.023148
0 0.650260 0.980556 0.017188 0.029630
0 0.008333 0.727778 0.016667 0.020370
0 0.008073 0.352315 0.015104 0.023148
0 0.008594 0.635648 0.014063 0.025000
0 0.659375 0.088426 0.013542 0.021296
0 0.026042 0.700463 0.014583 0.026852
0 0.894271 0.034722 0.013542 0.023148
0 0.080469 0.221296 0.013021 0.022222
0 0.025781 0.584259 0.017188 0.024074
0 0.025781 0.352315 0.015104 0.026852
0 0.967708 0.145833 0.019792 0.023148
0 0.043750 0.222222 0.013542 0.022222
0 0.008333 0.700463 0.016667 0.026852
0 0.271354 0.089815 0.017708 0.024074
0 0.061719 0.584259 0.015104 0.022222
0 0.117448 0.636574 0.017188 0.025000
0 0.846875 0.199537 0.035417 0.028704
0 0.627083 0.980556 0.016667 0.027778
0 0.190365 0.145833 0.015104 0.025000
0 0.098958 0.609722 0.015625 0.025000
0 0.111198 0.089815 0.016146 0.027778
0 0.026042 0.726852 0.015625 0.020370
0 0.008073 0.584259 0.016146 0.025926
0 0.008073 0.610185 0.016146 0.022222
0 0.007552 0.194907 0.015104 0.025000
0 0.008333 0.273148 0.014583 0.024074
0 0.007812 0.298148 0.015625 0.027778
0 0.917448 0.200000 0.035937 0.024074
0 0.079948 0.194907 0.013021 0.023148
0 0.154688 0.145370 0.016667 0.025926
0 0.134375 0.145833 0.018750 0.026852
0 0.098958 0.221296 0.014583 0.022222
0 0.114844 0.145833 0.017188 0.026852
0 0.116927 0.221759 0.013021 0.023148
0 0.988802 0.145370 0.019271 0.022222
0 0.641667 0.089815 0.014583 0.024074
0 0.117708 0.585185 0.016667 0.022222
0 0.062500 0.195370 0.013542 0.024074
0 0.846615 0.978241 0.014063 0.023148
0 0.881250 0.199537 0.032292 0.028704
0 0.354167 0.088426 0.148958 0.026852
0 0.080208 0.584722 0.015625 0.021296
0 0.134896 0.757407 0.007292 0.016667
0 0.117969 0.610185 0.019271 0.025926
0 0.116406 0.194444 0.010937 0.022222
0 0.097135 0.145833 0.016146 0.025000
0 0.115104 0.561111 0.009375 0.018519
0 0.994792 0.172222 0.009375 0.016667
0 0.080469 0.662037 0.014063 0.027778
0 0.965625 0.171759 0.011458 0.015741
0 0.105990 0.756481 0.009896 0.018519
0 0.080990 0.700463 0.013021 0.023148
0 0.098698 0.585185 0.016146 0.022222
0 0.879948 0.978241 0.013021 0.023148
0 0.172917 0.144907 0.015625 0.025000
0 0.078906 0.145833 0.017188 0.025000
0 0.863021 0.977778 0.015625 0.024074
0 0.608854 0.077315 0.035417 0.056481
0 0.115365 0.756481 0.006771 0.016667
0 0.819010 0.173611 0.013021 0.021296
0 0.025781 0.609259 0.018229 0.020370
0 0.197396 0.173148 0.009375 0.020370
0 0.115885 0.172222 0.010937 0.020370
0 0.984375 0.171296 0.009375 0.016667
0 0.026042 0.145370 0.050000 0.027778
0 0.842708 0.514352 0.007292 0.012037
0 0.070573 0.858333 0.141146 0.027778
0 0.124740 0.756481 0.007812 0.016667
0 0.070833 0.904630 0.141667 0.025926
0 0.124479 0.560648 0.007292 0.017593
0 0.189323 0.212500 0.077604 0.019444
0 0.135156 0.560185 0.007812 0.016667
0 0.134635 0.172222 0.009896 0.020370
0 0.060417 0.146296 0.015625 0.025926
0 0.124740 0.172685 0.007812 0.017593
0 0.974479 0.172222 0.008333 0.014815
0 0.939323 0.008333 0.010937 0.016667
0 0.864323 0.514352 0.051562 0.015741
0 0.846615 0.461574 0.034896 0.019444
0 0.236979 0.033333 0.016667 0.020370
0 0.160156 0.213889 0.011979 0.016667
0 0.043750 0.584259 0.015625 0.022222
0 0.025781 0.299537 0.014063 0.025000
0 0.441927 0.088426 0.016146 0.025000
0 0.008073 0.663426 0.016146 0.030556
0 0.044010 0.610648 0.015104 0.023148
0 0.062240 0.636111 0.016146 0.025926
