0 0.098698 0.325926 0.013021 0.025926
0 0.070573 0.804630 0.141146 0.027778
0 0.070573 0.830556 0.141146 0.027778
0 0.016406 0.081944 0.026562 0.062037
0 0.098698 0.273611 0.013021 0.025000
0 0.062240 0.636111 0.016146 0.025926
0 0.065104 0.083796 0.021875 0.060185
0 0.080469 0.272685 0.015104 0.025000
0 0.116927 0.273611 0.014063 0.023148
0 0.080469 0.635648 0.015104 0.025000
0 0.088281 0.082407 0.023438 0.061111
0 0.080469 0.727315 0.014063 0.023148
0 0.062760 0.272685 0.015104 0.025000
0 0.044792 0.726852 0.015625 0.020370
0 0.118229 0.300463 0.017708 0.025000
0 0.044010 0.325463 0.014063 0.023148
0 0.044010 0.636574 0.015104 0.025000
0 0.062240 0.610648 0.015104 0.021296
0 0.380729 0.147222 0.013542 0.020370
0 0.098437 0.247685 0.012500 0.025000
0 0.044271 0.298611 0.014583 0.025000
0 0.040885 0.083333 0.021354 0.061111
0 0.099479 0.299537 0.013542 0.025000
0 0.983073 0.081481 0.025521 0.062963
0 0.044010 0.273148 0.015104 0.024074
0 0.512500 0.977315 0.017708 0.025000
0 0.044010 0.662500 0.014063 0.028704
0 0.025521 0.325463 0.015625 0.023148
0 0.080729 0.299074 0.014583 0.024074
0 0.711979 0.088889 0.013542 0.022222
0 0.694792 0.088426 0.017708 0.023148
0 0.099219 0.701389 0.014063 0.023148
0 0.025521 0.636111 0.016667 0.024074
0 0.044271 0.700926 0.014583 0.025926
0 0.080469 0.610185 0.015104 0.022222
0 0.008594 0.221759 0.014063 0.025000
0 0.043750 0.247685 0.013542 0.023148
0 0.558333 0.977778 0.018750 0.027778
0 0.080729 0.247222 0.014583 0.024074
0 0.747396 0.088889 0.014583 0.022222
0 0.441667 0.064815 0.015625 0.024074
0 0.973437 0.033333 0.051042 0.025926
0 0.063281 0.700463 0.017188 0.025000
0 0.025781 0.662963 0.014063 0.029630
0 0.062240 0.325463 0.013021 0.025000
0 0.080990 0.700463 0.013021 0.023148
0 0.062500 0.662500 0.015625 0.028704
0 0.730208 0.088889 0.014583 0.022222
0 0.080469 0.326389 0.015104 0.025000
0 0.044010 0.610648 0.015104 0.023148
0 0.490104 0.976852 0.018750 0.024074
0 0.008073 0.663426 0.016146 0.030556
0 0.025781 0.299537 0.014063 0.025000
0 0.044271 0.352778 0.015625 0.025926
0 0.062500 0.299074 0.013542 0.024074
0 0.043750 0.584259 0.015625 0.022222
0 0.117448 0.248148 0.014063 0.025926
0 0.534896 0.977778 0.017708 0.025926
0 0.580729 0.979167 0.018750 0.030556
0 0.672917 0.981019 0.016667 0.028704
0 0.676562 0.087963 0.012500 0.022222
0 0.063281 0.726852 0.016146 0.020370
0 0.909896 0.034259 0.013542 0.025926
0 0.604167 0.979630 0.020833 0.031481
0 0.007812 0.325463 0.015625 0.023148
0 0.466146 0.978241 0.017708 0.026852
0 0.117188 0.701389 0.014583 0.023148
0 0.062500 0.221759 0.013542 0.023148
0 0.327083 0.978241 0.021875 0.025000
0 0.207552 0.145833 0.017188 0.025000
0 0.026042 0.273148 0.015625 0.025926
0 0.098958 0.635648 0.015625 0.025000
0 0.650260 0.981019 0.017188 0.028704
0 0.946354 0.146759 0.013542 0.023148
0 0.008333 0.727778 0.016667 0.020370
0 0.659115 0.088426 0.013021 0.021296
0 0.894271 0.034722 0.013542 0.023148
0 0.026042 0.700463 0.014583 0.026852
0 0.008073 0.352315 0.015104 0.023148
0 0.967708 0.145833 0.019792 0.023148
0 0.080469 0.221296 0.013021 0.022222
0 0.025781 0.584259 0.017188 0.024074
0 0.008594 0.635648 0.014063 0.025000
0 0.025521 0.352315 0.014583 0.026852
0 0.846875 0.199537 0.035417 0.028704
0 0.043750 0.222222 0.013542 0.022222
0 0.008333 0.700463 0.016667 0.026852
0 0.627083 0.980556 0.016667 0.027778
0 0.061719 0.583796 0.015104 0.021296
0 0.117448 0.636574 0.017188 0.025000
0 0.111198 0.089815 0.016146 0.027778
0 0.098958 0.610185 0.015625 0.024074
0 0.190365 0.145833 0.015104 0.025000
0 0.026042 0.726852 0.015625 0.020370
0 0.008073 0.584259 0.016146 0.025926
0 0.007812 0.610185 0.015625 0.022222
0 0.007552 0.194907 0.015104 0.025000
0 0.007812 0.298148 0.015625 0.027778
0 0.008333 0.273148 0.014583 0.024074
0 0.917448 0.200000 0.035937 0.024074
0 0.025521 0.222222 0.015625 0.024074
0 0.080208 0.194907 0.012500 0.023148
0 0.134375 0.145833 0.018750 0.026852
0 0.154688 0.145370 0.016667 0.025926
0 0.099219 0.221296 0.014063 0.022222
0 0.114844 0.145833 0.017188 0.026852
0 0.988802 0.145370 0.019271 0.022222
0 0.116927 0.221759 0.013021 0.023148
0 0.641667 0.089815 0.014583 0.024074
0 0.117708 0.585648 0.016667 0.021296
0 0.881250 0.199537 0.032292 0.028704
0 0.062500 0.195370 0.013542 0.024074
0 0.846615 0.978241 0.014063 0.023148
0 0.080208 0.584722 0.015625 0.021296
0 0.134896 0.756481 0.007292 0.016667
0 0.117969 0.610185 0.019271 0.025926
0 0.116406 0.194444 0.010937 0.022222
0 0.097135 0.145833 0.016146 0.025000
0 0.115104 0.561111 0.009375 0.018519
0 0.994792 0.172222 0.009375 0.016667
0 0.105990 0.756481 0.009896 0.018519
0 0.965365 0.171759 0.010937 0.015741
0 0.080469 0.662037 0.014063 0.027778
0 0.098698 0.585185 0.016146 0.022222
0 0.078906 0.145833 0.017188 0.025000
0 0.880208 0.977778 0.013542 0.024074
0 0.172917 0.144907 0.015625 0.025000
0 0.863021 0.977778 0.015625 0.024074
0 0.608854 0.077315 0.035417 0.056481
0 0.115365 0.756481 0.006771 0.016667
0 0.819010 0.173611 0.013021 0.021296
0 0.025781 0.609722 0.017188 0.019444
0 0.197135 0.173148 0.008854 0.020370
0 0.115625 0.172222 0.010417 0.020370
0 0.984375 0.171296 0.009375 0.016667
0 0.026042 0.145370 0.050000 0.027778
0 0.070573 0.858333 0.141146 0.027778
0 0.124740 0.756481 0.007812 0.016667
0 0.070833 0.904630 0.141667 0.025926
0 0.124479 0.560648 0.007292 0.017593
0 0.134635 0.172222 0.009896 0.020370
0 0.135156 0.560185 0.007812 0.016667
0 0.193490 0.212963 0.088021 0.018519
0 0.124740 0.172685 0.007812 0.017593
0 0.060417 0.146296 0.015625 0.025926
0 0.939323 0.008333 0.010937 0.016667
0 0.864323 0.514352 0.051562 0.015741
0 0.236979 0.033333 0.016667 0.020370
0 0.846615 0.461574 0.034896 0.019444
0 0.974896 0.172102 0.008333 0.014815
0 0.355542 0.063074 0.144021 0.024111
0 0.189484 0.063380 0.134156 0.022870
0 0.932786 0.033796 0.020781 0.025000
0 0.806250 0.065833 0.016667 0.022407
0 0.821354 0.065880 0.013542 0.022500
0 0.273560 0.063287 0.019724 0.024074
0 0.684542 0.064213 0.060604 0.023426
0 0.189633 0.087954 0.136151 0.025019
0 0.009807 0.247667 0.016073 0.024074
0 0.884068 0.081741 0.024479 0.055556
0 0.519078 0.064542 0.134552 0.020009
0 0.064516 0.247667 0.015625 0.024074
0 0.509323 0.088889 0.150937 0.024074
0 0.026380 0.248148 0.016146 0.024074
0 0.772135 0.066713 0.017188 0.022315
0 0.954167 0.083009 0.021875 0.064167
0 0.788802 0.066157 0.016146 0.023056
0 0.987807 0.009023 0.014583 0.018046
0 0.858880 0.081481 0.024948 0.050000
0 0.731477 0.063657 0.034339 0.024537
0 0.113063 0.063083 0.018750 0.021296
0 0.099490 0.197324 0.019271 0.024074
0 0.273565 0.089019 0.019318 0.025926
0 0.919495 0.062926 0.036458 0.025000
0 0.836979 0.065324 0.016667 0.021389
0 0.643005 0.062037 0.019792 0.023148
0 0.357174 0.089421 0.144818 0.026157
0 0.043786 0.194685 0.014094 0.025000
0 0.179536 0.863731 0.044427 0.078056
0 0.026542 0.195148 0.019167 0.025926
0 0.009349 0.032426 0.013490 0.018519
0 0.913672 0.566204 0.152865 0.017593
0 0.963552 0.008847 0.014063 0.017694
0 0.295651 0.145370 0.152448 0.024074
0 0.070573 0.924398 0.141146 0.013796
0 0.912943 0.601852 0.151927 0.018519
0 0.910792 0.089569 0.016479 0.024380
0 0.863385 0.425463 0.067396 0.015741
0 0.913177 0.619907 0.151354 0.017593
0 0.928573 0.089000 0.017188 0.025148
0 0.166068 0.173611 0.049115 0.017593
0 0.117268 0.326537 0.019943 0.020630
0 0.913229 0.900000 0.151667 0.018519
0 0.857786 0.865741 0.038490 0.012963
0 0.877474 0.848148 0.076823 0.012963
0 0.856771 0.795833 0.055208 0.013889
0 0.864635 0.813426 0.051146 0.012037
0 0.974799 0.977963 0.043245 0.032296
0 0.944745 0.975856 0.012708 0.023546
0 0.932297 0.977505 0.011094 0.024694
0 0.919107 0.976838 0.012922 0.026806
0 0.913359 0.584722 0.151719 0.017593
0 0.899078 0.977222 0.018521 0.023352
0 0.875531 0.883495 0.073719 0.014528
0 0.881656 0.778833 0.086552 0.017037
0 0.913773 0.743954 0.151432 0.017593
0 0.878568 0.831019 0.079010 0.013889
0 0.913607 0.726167 0.151432 0.017593
0 0.871719 0.760648 0.065313 0.013889
0 0.913440 0.708370 0.151432 0.017593
0 0.912940 0.689694 0.151432 0.017593
0 0.913122 0.672139 0.151432 0.017593
0 0.913268 0.654454 0.151432 0.017593
0 0.914813 0.479486 0.150375 0.015546
0 0.913503 0.637500 0.151432 0.017593
0 0.914841 0.920093 0.168964 0.023259
0 0.910487 0.443227 0.160318 0.015546
0 0.026911 0.032519 0.015104 0.020370
0 0.910096 0.389241 0.160318 0.015556
0 0.909870 0.408565 0.158281 0.016204
0 0.909232 0.372324 0.160318 0.015556
0 0.913385 0.496852 0.151771 0.017778
0 0.910961 0.355157 0.160318 0.015556
0 0.909914 0.338056 0.160318 0.015556
0 0.910055 0.320741 0.160318 0.015556
0 0.911794 0.303463 0.158599 0.015852
0 0.910055 0.285778 0.160318 0.014815
0 0.909685 0.250407 0.160318 0.014815
0 0.820320 0.088144 0.012193 0.021176
0 0.805135 0.089625 0.014781 0.021565
0 0.788193 0.089519 0.015260 0.021778
0 0.772419 0.090690 0.014120 0.022657
0 0.214513 0.032287 0.021193 0.019222
0 0.187195 0.033435 0.027682 0.017426
0 0.161607 0.031005 0.016286 0.019731
0 0.139768 0.030106 0.017589 0.023583
0 0.118505 0.031898 0.017156 0.017944
0 0.096810 0.032926 0.021047 0.016407
0 0.070503 0.033824 0.024359 0.020759
0 0.046211 0.033440 0.015568 0.016917
