0 0.060417 0.146296 0.015625 0.025926
0 0.042448 0.728241 0.018229 0.021296
0 0.870052 0.549074 0.065104 0.016667
0 0.847135 0.461111 0.034896 0.018519
0 0.939323 0.008333 0.010937 0.016667
0 0.124740 0.172685 0.007812 0.017593
0 0.974479 0.172222 0.008333 0.014815
0 0.135156 0.560648 0.007812 0.015741
0 0.134635 0.172222 0.009896 0.020370
0 0.124479 0.560648 0.007292 0.017593
0 0.236979 0.033796 0.015625 0.021296
0 0.124740 0.756481 0.007812 0.016667
0 0.025781 0.145370 0.050521 0.027778
0 0.984375 0.171296 0.009375 0.016667
0 0.070052 0.857870 0.140104 0.026852
0 0.115885 0.172222 0.010937 0.020370
0 0.197135 0.173148 0.008854 0.020370
0 0.818750 0.174074 0.012500 0.020370
0 0.025781 0.609259 0.018229 0.020370
0 0.078906 0.145833 0.017188 0.025000
0 0.115365 0.756481 0.006771 0.016667
0 0.099219 0.585185 0.017188 0.022222
0 0.863021 0.977778 0.015625 0.024074
0 0.080469 0.662037 0.014063 0.027778
0 0.172917 0.145370 0.015625 0.025926
0 0.964583 0.172222 0.009375 0.016667
0 0.116406 0.194444 0.010937 0.022222
0 0.879948 0.977778 0.014063 0.024074
0 0.105990 0.756481 0.009896 0.018519
0 0.097135 0.145833 0.016146 0.025000
0 0.994792 0.172222 0.009375 0.016667
0 0.115104 0.561111 0.009375 0.018519
0 0.080208 0.584259 0.014583 0.022222
0 0.881250 0.200000 0.032292 0.027778
0 0.134896 0.756481 0.007292 0.016667
0 0.062500 0.195370 0.013542 0.024074
0 0.116927 0.221759 0.013021 0.023148
0 0.099219 0.221296 0.014063 0.022222
0 0.117188 0.609722 0.012500 0.023148
0 0.641667 0.089815 0.014583 0.024074
0 0.846615 0.978241 0.014063 0.023148
0 0.099740 0.610648 0.018229 0.025000
0 0.117448 0.584722 0.015104 0.021296
0 0.114583 0.145833 0.016667 0.026852
0 0.134635 0.145833 0.019271 0.026852
0 0.025521 0.222222 0.015625 0.024074
0 0.988802 0.145370 0.019271 0.022222
0 0.917448 0.200000 0.035937 0.024074
0 0.007812 0.298148 0.015625 0.027778
0 0.116927 0.636111 0.014063 0.024074
0 0.154688 0.145833 0.016667 0.026852
0 0.008333 0.273148 0.014583 0.024074
0 0.008073 0.610185 0.016146 0.022222
0 0.008073 0.584259 0.016146 0.025926
0 0.080208 0.194907 0.012500 0.023148
0 0.111198 0.089815 0.016146 0.027778
0 0.026042 0.726852 0.015625 0.020370
0 0.847135 0.199537 0.035937 0.028704
0 0.007552 0.194907 0.015104 0.025000
0 0.627083 0.980556 0.016667 0.027778
0 0.190365 0.145833 0.015104 0.025000
0 0.044010 0.222685 0.013021 0.023148
0 0.061719 0.584259 0.015104 0.022222
0 0.008333 0.700463 0.016667 0.026852
0 0.080469 0.221759 0.013021 0.023148
0 0.025521 0.352315 0.014583 0.025000
0 0.026042 0.700463 0.014583 0.026852
0 0.008073 0.351852 0.015104 0.024074
0 0.894271 0.034722 0.013542 0.023148
0 0.025781 0.584259 0.017188 0.024074
0 0.659375 0.088889 0.013542 0.022222
0 0.207552 0.145833 0.017188 0.025000
0 0.008333 0.727778 0.016667 0.020370
0 0.008594 0.635648 0.014063 0.025000
0 0.327344 0.978241 0.021354 0.025000
0 0.650260 0.980556 0.017188 0.029630
0 0.062500 0.221759 0.013542 0.023148
0 0.967708 0.145833 0.019792 0.023148
0 0.026042 0.273148 0.015625 0.025926
0 0.604167 0.979630 0.020833 0.031481
0 0.672917 0.981019 0.016667 0.028704
0 0.466146 0.978241 0.017708 0.026852
0 0.117188 0.701389 0.014583 0.023148
0 0.007812 0.325463 0.015625 0.023148
0 0.098958 0.635185 0.016667 0.025926
0 0.946354 0.146296 0.013542 0.022222
0 0.117969 0.326389 0.017188 0.023148
0 0.676562 0.087963 0.012500 0.022222
0 0.534896 0.977778 0.017708 0.025926
0 0.580729 0.979167 0.018750 0.030556
0 0.062500 0.299074 0.013542 0.024074
0 0.063021 0.726852 0.015625 0.020370
0 0.025781 0.299537 0.014063 0.025000
0 0.098698 0.325926 0.013021 0.025926
0 0.490104 0.976852 0.018750 0.024074
0 0.909896 0.034259 0.013542 0.025926
0 0.043750 0.583796 0.015625 0.023148
0 0.044271 0.352778 0.015625 0.025926
0 0.008073 0.663426 0.016146 0.030556
0 0.044010 0.610648 0.015104 0.023148
0 0.062500 0.662500 0.015625 0.028704
0 0.080990 0.700463 0.013021 0.023148
0 0.063281 0.700463 0.017188 0.025000
0 0.080469 0.610185 0.015104 0.022222
0 0.730208 0.088889 0.014583 0.022222
0 0.080729 0.247222 0.014583 0.024074
0 0.441667 0.064815 0.015625 0.024074
0 0.062240 0.325463 0.013021 0.025000
0 0.973437 0.033333 0.051042 0.025926
0 0.558333 0.978241 0.018750 0.028704
0 0.043750 0.247685 0.013542 0.023148
0 0.025781 0.662963 0.014063 0.029630
0 0.044271 0.700926 0.014583 0.025926
0 0.747656 0.088889 0.014063 0.022222
0 0.080469 0.325926 0.015104 0.025926
0 0.008594 0.221759 0.014063 0.025000
0 0.025260 0.636111 0.017188 0.024074
0 0.099219 0.701389 0.014063 0.023148
0 0.694792 0.088426 0.017708 0.023148
0 0.512500 0.977315 0.017708 0.025000
0 0.711979 0.088889 0.013542 0.022222
0 0.044010 0.662500 0.014063 0.028704
0 0.025521 0.325463 0.015625 0.023148
0 0.044010 0.273148 0.015104 0.024074
0 0.080729 0.299074 0.014583 0.024074
0 0.983073 0.081019 0.025521 0.062037
0 0.098437 0.247685 0.012500 0.025000
0 0.099479 0.299537 0.013542 0.025000
0 0.062240 0.610648 0.015104 0.021296
0 0.044271 0.298611 0.014583 0.025000
0 0.044010 0.636574 0.015104 0.025000
0 0.040625 0.083333 0.021875 0.061111
0 0.044010 0.325926 0.014063 0.024074
0 0.044531 0.726852 0.015104 0.020370
0 0.118229 0.300463 0.017708 0.025000
0 0.080469 0.635648 0.015104 0.025000
0 0.080469 0.727315 0.014063 0.023148
0 0.371354 0.147222 0.014583 0.022222
0 0.062760 0.272685 0.015104 0.025000
0 0.088542 0.082407 0.023958 0.061111
0 0.080469 0.272685 0.015104 0.025000
0 0.116927 0.273611 0.014063 0.023148
0 0.065104 0.083796 0.021875 0.060185
0 0.062240 0.636111 0.016146 0.025926
0 0.397135 0.976389 0.117188 0.034259
0 0.098698 0.273611 0.013021 0.025000
0 0.016406 0.081944 0.026562 0.062037
0 0.070573 0.830556 0.141146 0.027778
0 0.070573 0.804630 0.141146 0.027778
0 0.356089 0.062583 0.145427 0.025352
0 0.189786 0.063657 0.134906 0.024537
0 0.874896 0.866204 0.072708 0.013889
0 0.119451 0.032444 0.016349 0.020704
0 0.910898 0.285560 0.158859 0.017139
0 0.214292 0.033042 0.021500 0.022694
0 0.026875 0.195648 0.018333 0.026481
0 0.008448 0.033389 0.014063 0.020000
0 0.908854 0.795833 0.159375 0.017593
0 0.884766 0.777778 0.093490 0.012963
0 0.047036 0.032917 0.015104 0.020370
0 0.914409 0.497815 0.150641 0.017130
0 0.918596 0.975532 0.014203 0.024454
0 0.191901 0.213426 0.075469 0.017593
0 0.932359 0.976130 0.013542 0.026852
0 0.914315 0.479968 0.150641 0.017139
0 0.898333 0.976648 0.013021 0.025000
0 0.787997 0.089546 0.015589 0.021259
0 0.865443 0.426852 0.072552 0.016667
0 0.863151 0.900463 0.048177 0.013889
0 0.909747 0.443444 0.158859 0.017130
0 0.877698 0.812981 0.076271 0.012037
0 0.910036 0.408486 0.158854 0.017139
0 0.929385 0.089556 0.017188 0.026444
0 0.910646 0.090167 0.017708 0.028704
0 0.070495 0.925218 0.140990 0.013269
0 0.643406 0.063120 0.019792 0.022222
0 0.909469 0.390829 0.158854 0.017139
0 0.909245 0.372912 0.158854 0.017139
0 0.909542 0.354380 0.158854 0.017130
0 0.963531 0.009296 0.012729 0.018593
0 0.186971 0.033440 0.027766 0.021898
0 0.910318 0.303106 0.158854 0.017139
0 0.864193 0.848611 0.050260 0.013889
0 0.070854 0.034037 0.023958 0.020704
0 0.070250 0.906278 0.140500 0.025519
0 0.909349 0.338551 0.158854 0.017139
0 0.161443 0.031847 0.016573 0.022694
0 0.865156 0.760648 0.052188 0.013889
0 0.914583 0.742593 0.151042 0.018519
0 0.877630 0.831019 0.077135 0.013889
0 0.044766 0.195880 0.015052 0.025926
0 0.920172 0.061741 0.036979 0.025000
0 0.356797 0.088102 0.144427 0.026204
0 0.837440 0.065718 0.015557 0.017694
0 0.111953 0.063426 0.020781 0.021296
0 0.100156 0.198019 0.018438 0.024074
0 0.272786 0.089815 0.020573 0.024074
0 0.608854 0.075185 0.034375 0.055185
0 0.731182 0.063986 0.033990 0.024454
0 0.788802 0.065648 0.016146 0.022037
0 0.858724 0.081944 0.025260 0.050926
0 0.975784 0.977495 0.039578 0.032028
0 0.945128 0.976667 0.011297 0.024056
0 0.859919 0.690194 0.043307 0.014222
0 0.290547 0.144907 0.144948 0.025000
0 0.915466 0.672579 0.150641 0.017139
0 0.915753 0.656125 0.150641 0.017139
0 0.028633 0.033324 0.016380 0.018519
0 0.915607 0.638134 0.150641 0.017139
0 0.139943 0.032444 0.019708 0.023889
0 0.915607 0.620144 0.150641 0.017139
0 0.915029 0.601634 0.150641 0.017139
0 0.909930 0.320657 0.158859 0.017130
0 0.914576 0.532310 0.150641 0.017139
0 0.915076 0.515657 0.150641 0.017130
0 0.954167 0.078426 0.021875 0.056852
0 0.772135 0.065463 0.017188 0.021667
0 0.097727 0.032444 0.021724 0.021500
0 0.987802 0.009977 0.014583 0.019954
0 0.509661 0.088889 0.151615 0.024074
0 0.771615 0.089708 0.014563 0.020583
0 0.064323 0.248250 0.015625 0.024074
0 0.026599 0.247852 0.016146 0.024074
0 0.884063 0.082407 0.022500 0.055556
0 0.009401 0.248102 0.016719 0.025833
0 0.518755 0.063398 0.134052 0.023278
0 0.166042 0.173611 0.049167 0.017593
0 0.914583 0.883333 0.151042 0.016667
0 0.820870 0.089329 0.012323 0.019583
0 0.913672 0.919852 0.171615 0.019556
0 0.821354 0.065278 0.013542 0.021296
0 0.272552 0.063463 0.021146 0.025000
0 0.909529 0.250806 0.158859 0.017130
0 0.190297 0.089171 0.135344 0.026287
0 0.181479 0.862593 0.045417 0.078796
0 0.805031 0.090287 0.016240 0.021074
0 0.805990 0.066574 0.017188 0.023889
0 0.684896 0.063977 0.060729 0.023509
0 0.933438 0.033796 0.022083 0.025000
