0 0.070615 0.925296 0.140750 0.013111
0 0.070833 0.906009 0.141667 0.025926
0 0.963141 0.008856 0.014583 0.017713
0 0.295391 0.145370 0.152969 0.024074
0 0.914245 0.566204 0.151719 0.017593
0 0.009607 0.031824 0.012870 0.018519
0 0.110755 0.089602 0.016094 0.026019
0 0.027190 0.195519 0.017714 0.025926
0 0.965313 0.171667 0.010312 0.015741
0 0.043826 0.195056 0.014224 0.025000
0 0.181719 0.861602 0.049479 0.081574
0 0.355938 0.088435 0.144479 0.026278
0 0.919990 0.064537 0.036979 0.025000
0 0.643052 0.063111 0.019792 0.023148
0 0.837656 0.063611 0.015313 0.019815
0 0.046568 0.031949 0.016802 0.020231
0 0.070464 0.033454 0.022406 0.020574
0 0.097018 0.032440 0.022682 0.017917
0 0.119576 0.032657 0.014172 0.016963
0 0.140107 0.034069 0.018797 0.017731
0 0.161651 0.033810 0.016771 0.020306
0 0.187602 0.033810 0.028193 0.020306
0 0.214711 0.032398 0.020818 0.022611
0 0.772026 0.089963 0.015906 0.022481
0 0.788628 0.089162 0.015484 0.021102
0 0.805648 0.090181 0.014099 0.022287
0 0.820958 0.088995 0.012542 0.021417
0 0.910589 0.249685 0.158823 0.017593
0 0.910344 0.286676 0.158823 0.017593
0 0.909695 0.304148 0.158818 0.017593
0 0.910021 0.321620 0.158823 0.017593
0 0.909589 0.338704 0.158823 0.017593
0 0.909695 0.356944 0.158818 0.017593
0 0.112005 0.063426 0.020885 0.021296
0 0.909911 0.373074 0.158823 0.017593
0 0.909479 0.390741 0.158823 0.017593
0 0.910099 0.443667 0.158823 0.017593
0 0.913573 0.655213 0.152646 0.017593
0 0.913206 0.672685 0.152641 0.017593
0 0.099740 0.196741 0.019271 0.024074
0 0.913635 0.690343 0.152646 0.017593
0 0.913422 0.707815 0.152646 0.017593
0 0.913312 0.725287 0.152646 0.017593
0 0.913997 0.742907 0.152641 0.017593
0 0.882375 0.778514 0.086625 0.015935
0 0.874635 0.883407 0.073740 0.017926
0 0.914159 0.920222 0.171286 0.021111
0 0.899492 0.977870 0.017641 0.019537
0 0.919445 0.977106 0.013880 0.026731
0 0.932458 0.977491 0.011563 0.025444
0 0.945831 0.976977 0.012578 0.022880
0 0.976701 0.977875 0.040484 0.034954
0 0.189135 0.087056 0.135896 0.025889
0 0.683969 0.064583 0.060292 0.022685
0 0.272760 0.064352 0.021562 0.025000
0 0.821354 0.064259 0.013542 0.019259
0 0.806250 0.065556 0.016667 0.021852
0 0.933411 0.033796 0.022031 0.025000
0 0.731169 0.063944 0.033807 0.024185
0 0.190469 0.063907 0.134063 0.022259
0 0.272786 0.089815 0.020573 0.024074
0 0.858932 0.081481 0.024844 0.050000
0 0.355870 0.063282 0.143885 0.024157
0 0.913776 0.497222 0.152552 0.018519
0 0.912578 0.479056 0.156615 0.016667
0 0.026594 0.031759 0.015104 0.020370
0 0.913724 0.637500 0.152448 0.017593
0 0.915229 0.901287 0.149125 0.016685
0 0.910234 0.408333 0.158698 0.018519
0 0.869844 0.760648 0.061563 0.013889
0 0.877969 0.831019 0.077813 0.013889
0 0.913927 0.584519 0.151729 0.016667
0 0.974948 0.171852 0.008333 0.014815
0 0.864531 0.813426 0.050937 0.012037
0 0.878411 0.848148 0.078698 0.012963
0 0.854375 0.795833 0.050417 0.013889
0 0.125786 0.173259 0.007812 0.017593
0 0.165260 0.173611 0.050729 0.017593
0 0.857240 0.865741 0.037396 0.012963
0 0.928073 0.089069 0.017396 0.025009
0 0.913568 0.619907 0.152135 0.017593
0 0.909964 0.088218 0.017708 0.021713
0 0.862578 0.425463 0.065781 0.015741
0 0.008883 0.248370 0.015995 0.024074
0 0.884203 0.079889 0.023958 0.054630
0 0.518672 0.063991 0.133594 0.022796
0 0.064714 0.248083 0.015625 0.024074
0 0.509687 0.088889 0.151667 0.024074
0 0.955458 0.076421 0.021875 0.058454
0 0.772135 0.066019 0.017188 0.022778
0 0.788802 0.065231 0.016146 0.021204
0 0.988302 0.008991 0.014583 0.017981
0 0.913542 0.601852 0.153125 0.018519
0 0.070573 0.804630 0.141146 0.027778
0 0.070573 0.830556 0.141146 0.027778
0 0.016406 0.081944 0.026562 0.062037
0 0.098698 0.273611 0.013021 0.025000
0 0.062240 0.636111 0.016146 0.025926
0 0.065104 0.083333 0.021875 0.061111
0 0.116927 0.273611 0.014063 0.023148
0 0.080469 0.272685 0.015104 0.025000
0 0.080469 0.635648 0.015104 0.025000
0 0.088542 0.082407 0.023958 0.061111
0 0.062760 0.272685 0.015104 0.025000
0 0.080469 0.727315 0.014063 0.023148
0 0.118229 0.300463 0.017708 0.025000
0 0.044010 0.325463 0.014063 0.023148
0 0.044531 0.726852 0.016146 0.020370
0 0.380729 0.147222 0.013542 0.020370
0 0.044010 0.636111 0.015104 0.025926
0 0.062240 0.610648 0.015104 0.021296
0 0.040885 0.083333 0.021354 0.061111
0 0.044271 0.298611 0.014583 0.025000
0 0.098437 0.247685 0.012500 0.025000
0 0.099479 0.299537 0.013542 0.025000
0 0.983073 0.081481 0.025521 0.062963
0 0.025521 0.325463 0.015625 0.023148
0 0.044010 0.662500 0.014063 0.028704
0 0.080729 0.299074 0.014583 0.024074
0 0.044010 0.273148 0.015104 0.024074
0 0.711979 0.088426 0.013542 0.023148
0 0.512500 0.977315 0.017708 0.025000
0 0.694792 0.088426 0.017708 0.023148
0 0.025260 0.636111 0.017188 0.024074
0 0.099219 0.701389 0.014063 0.023148
0 0.044271 0.700926 0.014583 0.025926
0 0.008594 0.221759 0.014063 0.025000
0 0.080469 0.610185 0.015104 0.022222
0 0.043750 0.247685 0.013542 0.023148
0 0.747396 0.088889 0.014583 0.022222
0 0.441667 0.064815 0.015625 0.024074
0 0.080729 0.247222 0.014583 0.024074
0 0.558333 0.977778 0.018750 0.027778
0 0.025781 0.662963 0.014063 0.029630
0 0.063281 0.700463 0.017188 0.025000
0 0.080469 0.326389 0.015104 0.025000
0 0.730208 0.088889 0.014583 0.022222
0 0.080990 0.700463 0.013021 0.023148
0 0.062500 0.662500 0.015625 0.028704
0 0.062240 0.325463 0.013021 0.025000
0 0.044010 0.610648 0.015104 0.023148
0 0.973437 0.033333 0.051042 0.025926
0 0.025260 0.248148 0.016146 0.024074
0 0.008073 0.663426 0.016146 0.030556
0 0.043750 0.584259 0.015625 0.022222
0 0.025781 0.299537 0.014063 0.025000
0 0.490104 0.976852 0.018750 0.024074
0 0.117448 0.248148 0.014063 0.025926
0 0.580729 0.979167 0.018750 0.030556
0 0.062760 0.299074 0.014063 0.024074
0 0.044271 0.352778 0.015625 0.025926
0 0.534896 0.977778 0.017708 0.025926
0 0.117969 0.326389 0.017188 0.023148
0 0.909896 0.034259 0.013542 0.025926
0 0.676562 0.087963 0.012500 0.022222
0 0.063281 0.726852 0.016146 0.020370
0 0.672917 0.981019 0.016667 0.028704
0 0.604167 0.979630 0.020833 0.031481
0 0.007812 0.325463 0.015625 0.023148
0 0.327344 0.978241 0.021354 0.025000
0 0.117188 0.701389 0.014583 0.023148
0 0.098698 0.325463 0.013021 0.025000
0 0.466146 0.978241 0.017708 0.026852
0 0.062240 0.221759 0.014063 0.023148
0 0.207813 0.145833 0.017708 0.025000
0 0.098958 0.635648 0.015625 0.025000
0 0.026042 0.273148 0.015625 0.025926
0 0.946354 0.146759 0.013542 0.023148
0 0.650260 0.980556 0.017188 0.029630
0 0.008333 0.727778 0.016667 0.020370
0 0.008073 0.352315 0.015104 0.023148
0 0.894271 0.034722 0.013542 0.023148
0 0.008594 0.635648 0.014063 0.025000
0 0.026042 0.700463 0.014583 0.026852
0 0.659375 0.088426 0.013542 0.021296
0 0.025521 0.584259 0.017708 0.024074
0 0.080469 0.221296 0.013021 0.022222
0 0.025521 0.352315 0.014583 0.026852
0 0.967708 0.145833 0.019792 0.023148
0 0.043750 0.222222 0.013542 0.022222
0 0.008333 0.700463 0.016667 0.026852
0 0.061719 0.583796 0.015104 0.021296
0 0.117448 0.636574 0.017188 0.025000
0 0.846875 0.199537 0.035417 0.028704
0 0.627083 0.980556 0.016667 0.027778
0 0.190365 0.145833 0.015104 0.025000
0 0.098958 0.609722 0.015625 0.025000
0 0.008073 0.584259 0.016146 0.025926
0 0.026042 0.726852 0.015625 0.020370
0 0.008073 0.610185 0.016146 0.022222
0 0.007552 0.194907 0.015104 0.025000
0 0.008333 0.273148 0.014583 0.024074
0 0.008333 0.298148 0.015625 0.027778
0 0.917448 0.200000 0.035937 0.024074
0 0.025521 0.222222 0.015625 0.024074
0 0.079948 0.194907 0.013021 0.023148
0 0.154688 0.145370 0.016667 0.025926
0 0.098958 0.221296 0.014583 0.022222
0 0.134375 0.145833 0.018750 0.026852
0 0.114844 0.145833 0.017188 0.026852
0 0.116927 0.221759 0.013021 0.023148
0 0.988802 0.145370 0.019271 0.022222
0 0.117708 0.585185 0.016667 0.022222
0 0.641667 0.089815 0.014583 0.024074
0 0.062500 0.195370 0.013542 0.024074
0 0.846615 0.978241 0.014063 0.023148
0 0.881250 0.199537 0.032292 0.028704
0 0.080208 0.584722 0.015625 0.021296
0 0.117969 0.610185 0.019271 0.025926
0 0.134896 0.756481 0.007292 0.016667
0 0.116406 0.194444 0.010937 0.022222
0 0.115104 0.561111 0.009375 0.018519
0 0.097135 0.145833 0.016146 0.025000
0 0.994792 0.172222 0.009375 0.016667
0 0.080469 0.662037 0.014063 0.027778
0 0.105990 0.756481 0.009896 0.018519
0 0.098698 0.585185 0.016146 0.022222
0 0.608854 0.077315 0.035417 0.056481
0 0.172917 0.144907 0.015625 0.025000
0 0.078906 0.145833 0.017188 0.025000
0 0.880208 0.978241 0.013542 0.023148
0 0.863021 0.977778 0.015625 0.024074
0 0.115365 0.756481 0.006771 0.016667
0 0.819010 0.173611 0.013021 0.021296
0 0.025781 0.609259 0.018229 0.020370
0 0.197396 0.173148 0.009375 0.020370
0 0.115885 0.172222 0.010937 0.020370
0 0.984375 0.171296 0.009375 0.016667
0 0.026042 0.145370 0.050000 0.027778
0 0.842708 0.514352 0.007292 0.012037
0 0.070573 0.858333 0.141146 0.027778
0 0.124740 0.756481 0.007812 0.016667
0 0.124479 0.560648 0.007292 0.017593
0 0.189583 0.212500 0.077083 0.019444
0 0.135156 0.560185 0.007812 0.016667
0 0.134635 0.172222 0.009896 0.020370
0 0.060417 0.146296 0.015625 0.025926
0 0.939323 0.008333 0.010937 0.016667
0 0.846615 0.461574 0.034896 0.019444
0 0.236979 0.033333 0.016667 0.020370
0 0.009896 0.805093 0.010417 0.019444
