0 0.008333 0.298148 0.015625 0.027778
0 0.242188 0.146296 0.014583 0.025926
0 0.192708 0.191667 0.012500 0.016667
0 0.899740 0.977315 0.021354 0.026852
0 0.008073 0.033796 0.014063 0.023148
0 0.060417 0.146296 0.015625 0.025926
0 0.939323 0.008333 0.010937 0.016667
0 0.124740 0.172685 0.007812 0.019444
0 0.974479 0.172222 0.008333 0.014815
0 0.833854 0.460185 0.008333 0.014815
0 0.134635 0.172222 0.009896 0.020370
0 0.134896 0.560648 0.007292 0.015741
0 0.124479 0.560648 0.007292 0.017593
0 0.193490 0.212963 0.088021 0.018519
0 0.236979 0.033796 0.016667 0.021296
0 0.124740 0.756481 0.007812 0.016667
0 0.026042 0.145370 0.050000 0.027778
0 0.818750 0.174537 0.013542 0.021296
0 0.984375 0.171296 0.009375 0.016667
0 0.197396 0.173611 0.008333 0.017593
0 0.025521 0.609722 0.017708 0.019444
0 0.115625 0.172222 0.010417 0.020370
0 0.079167 0.146296 0.017708 0.025926
0 0.185156 0.173611 0.010937 0.017593
0 0.608854 0.076852 0.035417 0.055556
0 0.115365 0.756481 0.006771 0.016667
0 0.098958 0.584722 0.016667 0.021296
0 0.080469 0.662037 0.014063 0.027778
0 0.965625 0.171759 0.011458 0.015741
0 0.115104 0.561111 0.009375 0.018519
0 0.994792 0.172222 0.009375 0.016667
0 0.080208 0.584259 0.015625 0.020370
0 0.116406 0.194444 0.010937 0.022222
0 0.134896 0.756944 0.007292 0.017593
0 0.097917 0.145833 0.014583 0.026852
0 0.160677 0.172685 0.033854 0.019444
0 0.062500 0.195370 0.013542 0.024074
0 0.863281 0.976852 0.015104 0.027778
0 0.881250 0.199537 0.032292 0.028704
0 0.186458 0.145833 0.017708 0.026852
0 0.007812 0.584259 0.015625 0.025926
0 0.133333 0.145370 0.015625 0.025926
0 0.641406 0.089815 0.015104 0.024074
0 0.846354 0.977778 0.014583 0.025926
0 0.105990 0.756481 0.009896 0.018519
0 0.643750 0.064352 0.019792 0.023148
0 0.115365 0.145833 0.016146 0.026852
0 0.988802 0.145370 0.019271 0.022222
0 0.205208 0.146296 0.016667 0.025926
0 0.069531 0.858333 0.139063 0.027778
0 0.098958 0.221296 0.013542 0.022222
0 0.116146 0.609722 0.015625 0.023148
0 0.116927 0.221759 0.013021 0.023148
0 0.025260 0.222222 0.015104 0.024074
0 0.225781 0.145833 0.020313 0.026852
0 0.080208 0.194907 0.012500 0.023148
0 0.061719 0.583796 0.015104 0.021296
0 0.244531 0.145833 0.014063 0.025000
0 0.098958 0.636111 0.014583 0.024074
0 0.026042 0.726852 0.015625 0.020370
0 0.110937 0.090278 0.016667 0.028704
0 0.007812 0.610185 0.015625 0.022222
0 0.879948 0.976852 0.014063 0.027778
0 0.025781 0.584259 0.017188 0.024074
0 0.117188 0.584722 0.015625 0.021296
0 0.008333 0.273148 0.014583 0.024074
0 0.026302 0.700926 0.015104 0.027778
0 0.007552 0.194907 0.015104 0.025000
0 0.327083 0.978241 0.020833 0.025000
0 0.008333 0.700463 0.016667 0.026852
0 0.008594 0.636111 0.014063 0.024074
0 0.168229 0.146296 0.015625 0.027778
0 0.098958 0.610185 0.015625 0.024074
0 0.116667 0.637037 0.015625 0.024074
0 0.918750 0.063426 0.036458 0.025000
0 0.627344 0.980556 0.016146 0.027778
0 0.466146 0.978241 0.017708 0.026852
0 0.917448 0.200463 0.035937 0.025000
0 0.025521 0.352315 0.014583 0.026852
0 0.008333 0.727778 0.016667 0.020370
0 0.044010 0.222222 0.013021 0.022222
0 0.659115 0.088426 0.013021 0.021296
0 0.150521 0.146296 0.015625 0.027778
0 0.008073 0.351852 0.015104 0.024074
0 0.080469 0.221759 0.013021 0.023148
0 0.650260 0.981481 0.017188 0.029630
0 0.117188 0.701389 0.014583 0.023148
0 0.672917 0.981019 0.016667 0.028704
0 0.967708 0.146296 0.019792 0.022222
0 0.044271 0.610648 0.016667 0.023148
0 0.894271 0.034259 0.013542 0.022222
0 0.043750 0.584259 0.015625 0.022222
0 0.946354 0.146296 0.013542 0.022222
0 0.063281 0.727315 0.016146 0.021296
0 0.676562 0.087963 0.012500 0.022222
0 0.007812 0.325000 0.015625 0.024074
0 0.098698 0.325463 0.013021 0.025000
0 0.489844 0.976852 0.018229 0.024074
0 0.008073 0.663426 0.016146 0.030556
0 0.909896 0.034259 0.013542 0.025926
0 0.534896 0.977778 0.017708 0.025926
0 0.062500 0.221759 0.013542 0.023148
0 0.117969 0.325926 0.017188 0.024074
0 0.846875 0.199537 0.035417 0.028704
0 0.044271 0.352778 0.015625 0.025926
0 0.063281 0.700463 0.017188 0.025000
0 0.604167 0.979630 0.020833 0.031481
0 0.080990 0.700463 0.013021 0.023148
0 0.025781 0.299537 0.014063 0.025000
0 0.062500 0.299074 0.013542 0.024074
0 0.580729 0.979167 0.018750 0.030556
0 0.025260 0.636111 0.016146 0.024074
0 0.117448 0.248148 0.014063 0.025926
0 0.025781 0.662963 0.014063 0.029630
0 0.044271 0.700926 0.014583 0.025926
0 0.973698 0.033333 0.050521 0.025926
0 0.729948 0.088426 0.015104 0.023148
0 0.747396 0.088889 0.014583 0.022222
0 0.080469 0.325926 0.015104 0.025926
0 0.062240 0.325463 0.013021 0.025000
0 0.080469 0.610185 0.015104 0.022222
0 0.080729 0.247222 0.014583 0.024074
0 0.099219 0.701389 0.014063 0.023148
0 0.883333 0.081481 0.023958 0.053704
0 0.694792 0.088426 0.017708 0.023148
0 0.558333 0.978241 0.018750 0.028704
0 0.044792 0.636111 0.017708 0.025926
0 0.062500 0.662500 0.015625 0.028704
0 0.512760 0.977315 0.017188 0.025000
0 0.044271 0.662500 0.014583 0.028704
0 0.008594 0.221759 0.014063 0.025000
0 0.711979 0.088426 0.013542 0.023148
0 0.044531 0.726852 0.015104 0.020370
0 0.043750 0.247222 0.013542 0.024074
0 0.983073 0.081481 0.025521 0.062963
0 0.025521 0.325463 0.015625 0.023148
0 0.080729 0.299074 0.014583 0.024074
0 0.062500 0.636111 0.015625 0.025926
0 0.391406 0.146759 0.015104 0.021296
0 0.062500 0.610648 0.014583 0.021296
0 0.099479 0.299537 0.013542 0.025000
0 0.044271 0.298611 0.014583 0.025000
0 0.098437 0.247685 0.012500 0.025000
0 0.040625 0.083333 0.021875 0.061111
0 0.080469 0.727315 0.014063 0.023148
0 0.044010 0.325000 0.014063 0.024074
0 0.118490 0.300463 0.017188 0.025000
0 0.396615 0.976389 0.117188 0.034259
0 0.062500 0.272685 0.014583 0.025000
0 0.088542 0.082870 0.023958 0.060185
0 0.080469 0.635648 0.015104 0.025000
0 0.080469 0.272685 0.015104 0.025000
0 0.116927 0.273611 0.014063 0.023148
0 0.065104 0.083796 0.021875 0.060185
0 0.098698 0.273611 0.013021 0.025000
0 0.016406 0.081944 0.026562 0.062037
0 0.070573 0.830556 0.141146 0.027778
0 0.070573 0.804630 0.141146 0.027778
0 0.914711 0.355278 0.170578 0.017056
0 0.804997 0.090005 0.015828 0.022306
0 0.820893 0.090065 0.011641 0.021685
0 0.914549 0.250468 0.167776 0.017046
0 0.915987 0.267866 0.167776 0.017046
0 0.925336 0.286343 0.149328 0.017056
0 0.925336 0.303292 0.149328 0.017046
0 0.860625 0.461111 0.066042 0.016667
0 0.946411 0.972481 0.014063 0.025926
0 0.838229 0.065185 0.015208 0.020926
0 0.929396 0.087796 0.017188 0.022926
0 0.861589 0.443981 0.063802 0.013889
0 0.910328 0.090843 0.017708 0.026852
0 0.963193 0.009157 0.013542 0.018315
0 0.914766 0.917593 0.170469 0.022222
0 0.839219 0.290931 0.017396 0.019287
0 0.925669 0.320245 0.148661 0.017046
0 0.915003 0.338421 0.169995 0.017046
0 0.788333 0.090620 0.015271 0.023056
0 0.915346 0.374231 0.167776 0.017056
0 0.914924 0.495481 0.167776 0.017056
0 0.914701 0.513796 0.167776 0.017056
0 0.914253 0.531315 0.167776 0.017056
0 0.914253 0.548833 0.167776 0.017056
0 0.932161 0.975597 0.010042 0.026880
0 0.069987 0.906472 0.139974 0.024222
0 0.070560 0.925690 0.140328 0.012435
0 0.046979 0.032139 0.015885 0.018519
0 0.026484 0.195537 0.018490 0.025926
0 0.181599 0.862361 0.047448 0.073426
0 0.044128 0.195074 0.016328 0.025000
0 0.319271 0.145370 0.126042 0.025926
0 0.733010 0.062741 0.035937 0.025926
0 0.274224 0.089630 0.020990 0.025926
0 0.356953 0.089648 0.142969 0.025704
0 0.112161 0.063426 0.021198 0.021296
0 0.100563 0.197167 0.018750 0.024074
0 0.954167 0.080185 0.021875 0.058519
0 0.858932 0.081481 0.024844 0.050000
0 0.026526 0.272861 0.015625 0.025926
0 0.789062 0.066111 0.015625 0.022963
0 0.772135 0.066250 0.017188 0.023241
0 0.989146 0.009361 0.014063 0.018722
0 0.509661 0.088889 0.151615 0.024074
0 0.027099 0.248574 0.015625 0.024074
0 0.063776 0.247361 0.016094 0.024352
0 0.518354 0.062481 0.136198 0.024815
0 0.009349 0.247870 0.016615 0.025370
0 0.442052 0.064815 0.015625 0.024074
0 0.273609 0.062796 0.022760 0.025000
0 0.821354 0.065139 0.013542 0.021019
0 0.806250 0.066157 0.016667 0.023056
0 0.191089 0.088991 0.137500 0.025926
0 0.933438 0.034259 0.022083 0.024074
0 0.684615 0.062278 0.061979 0.026852
0 0.191089 0.062241 0.137500 0.026852
0 0.355456 0.063042 0.141068 0.026083
0 0.070753 0.033898 0.022870 0.021241
0 0.096984 0.033319 0.021375 0.019750
0 0.119104 0.033069 0.016333 0.018250
0 0.140667 0.033236 0.016521 0.019583
0 0.161706 0.033287 0.016797 0.021407
0 0.186841 0.033236 0.027255 0.019917
0 0.214099 0.032412 0.022031 0.023231
0 0.771878 0.090190 0.014151 0.020954
0 0.914177 0.410259 0.169271 0.018519
0 0.044109 0.273023 0.016302 0.021898
0 0.918932 0.976644 0.014427 0.029213
0 0.975854 0.975245 0.035792 0.030676
0 0.027792 0.033833 0.015104 0.020370
0 0.837974 0.312750 0.013906 0.020370
