0 0.070859 0.906481 0.139531 0.027778
0 0.070706 0.034796 0.022776 0.019741
0 0.096956 0.032560 0.021505 0.016028
0 0.118443 0.032444 0.016344 0.020704
0 0.140724 0.033639 0.019260 0.018315
0 0.162672 0.034037 0.015677 0.017519
0 0.187419 0.033639 0.028443 0.016722
0 0.214742 0.033838 0.020380 0.021898
0 0.771977 0.090153 0.015411 0.020509
0 0.788516 0.089296 0.015729 0.021370
0 0.805336 0.089727 0.014359 0.022806
0 0.820721 0.088935 0.011943 0.020796
0 0.910286 0.250986 0.160885 0.017139
0 0.910391 0.285741 0.160885 0.017130
0 0.909615 0.303292 0.160885 0.017139
0 0.909615 0.321181 0.160885 0.017139
0 0.910391 0.339074 0.160885 0.017130
0 0.909813 0.355593 0.160885 0.017130
0 0.909401 0.372880 0.160885 0.017130
0 0.910073 0.390727 0.160885 0.017139
0 0.909687 0.408894 0.160885 0.017139
0 0.910266 0.443597 0.160885 0.017139
0 0.914951 0.480051 0.151974 0.015639
0 0.915224 0.496500 0.152885 0.016259
0 0.914721 0.514042 0.151974 0.015639
0 0.915346 0.532255 0.151974 0.015639
0 0.863576 0.549634 0.049484 0.015324
0 0.914576 0.602810 0.151974 0.015639
0 0.914961 0.619319 0.151974 0.015639
0 0.915349 0.637560 0.151979 0.015639
0 0.915156 0.655449 0.151979 0.015639
0 0.914576 0.673005 0.151974 0.015639
0 0.860839 0.690130 0.043635 0.017852
0 0.915602 0.743620 0.151974 0.015630
0 0.864578 0.761097 0.056573 0.015639
0 0.881349 0.778579 0.090115 0.015639
0 0.931729 0.976250 0.010250 0.019463
0 0.975000 0.977120 0.036115 0.030370
0 0.180148 0.863088 0.045734 0.084417
0 0.189797 0.063083 0.134469 0.023019
0 0.355190 0.063167 0.144203 0.023741
0 0.934193 0.033796 0.023594 0.025000
0 0.684349 0.063287 0.060469 0.025278
0 0.805990 0.066019 0.017188 0.022778
0 0.189745 0.088167 0.135615 0.025889
0 0.272422 0.064352 0.020885 0.025000
0 0.821354 0.065787 0.013542 0.022315
0 0.519005 0.063611 0.136302 0.024630
0 0.009359 0.249139 0.015594 0.024074
0 0.883286 0.082019 0.024479 0.055556
0 0.973547 0.034102 0.051042 0.025926
0 0.442667 0.064593 0.015625 0.024074
0 0.025583 0.248148 0.016146 0.024074
0 0.064641 0.248185 0.015625 0.024074
0 0.509974 0.088889 0.152240 0.024074
0 0.988021 0.009690 0.014583 0.019380
0 0.772135 0.066157 0.017188 0.023056
0 0.955141 0.080093 0.021875 0.054815
0 0.858997 0.081565 0.024089 0.050926
0 0.788802 0.066250 0.016146 0.023241
0 0.731198 0.063194 0.035312 0.025463
0 0.273307 0.089815 0.021615 0.024074
0 0.100831 0.197324 0.016870 0.024074
0 0.112062 0.063426 0.018750 0.021296
0 0.837578 0.065694 0.015469 0.023981
0 0.356268 0.089625 0.144755 0.026861
0 0.045089 0.194991 0.015729 0.025926
0 0.027125 0.195648 0.017969 0.026481
0 0.914573 0.883333 0.151927 0.016667
0 0.046594 0.033250 0.016708 0.018519
0 0.864219 0.900463 0.050312 0.013889
0 0.290938 0.144907 0.144167 0.025000
0 0.963411 0.008935 0.010677 0.017870
0 0.644146 0.062333 0.019792 0.022222
0 0.071695 0.926606 0.138276 0.011602
0 0.877448 0.813426 0.076771 0.012037
0 0.167083 0.173611 0.047083 0.017593
0 0.862708 0.426852 0.067083 0.016667
0 0.124885 0.172167 0.007812 0.017593
0 0.929141 0.090227 0.017188 0.026583
0 0.910328 0.087769 0.017708 0.025019
0 0.864896 0.848611 0.051667 0.013889
0 0.878672 0.831019 0.079219 0.013889
0 0.915078 0.918519 0.168802 0.022222
0 0.874870 0.866204 0.072656 0.013889
0 0.008323 0.034019 0.014063 0.023148
0 0.847135 0.463167 0.034896 0.018519
0 0.909948 0.795833 0.157187 0.017593
0 0.028047 0.033287 0.015104 0.020370
0 0.919206 0.977130 0.013776 0.025370
0 0.901198 0.977583 0.016875 0.025000
0 0.070052 0.857870 0.140104 0.026852
0 0.984375 0.171296 0.009375 0.016667
0 0.025781 0.145370 0.050521 0.027778
0 0.124740 0.756481 0.007812 0.016667
0 0.236979 0.033796 0.015625 0.021296
0 0.124479 0.560648 0.007292 0.017593
0 0.189323 0.212500 0.077604 0.019444
0 0.608854 0.076852 0.035417 0.055556
0 0.197135 0.173148 0.008854 0.020370
0 0.818750 0.174074 0.012500 0.020370
0 0.025781 0.609259 0.018229 0.020370
0 0.078906 0.145833 0.017188 0.025000
0 0.115365 0.756481 0.006771 0.016667
0 0.099219 0.585185 0.017188 0.022222
0 0.863021 0.977778 0.015625 0.024074
0 0.080469 0.662037 0.014063 0.027778
0 0.172917 0.145370 0.015625 0.025926
0 0.964583 0.172222 0.009375 0.016667
0 0.116406 0.194444 0.010937 0.022222
0 0.879948 0.977778 0.014063 0.024074
0 0.105990 0.756481 0.009896 0.018519
0 0.097135 0.145833 0.016146 0.025000
0 0.994792 0.172222 0.009375 0.016667
0 0.115104 0.561111 0.009375 0.018519
0 0.080208 0.584259 0.014583 0.022222
0 0.881250 0.200000 0.032292 0.027778
0 0.134896 0.756481 0.007292 0.016667
0 0.918490 0.063426 0.036979 0.025000
0 0.062500 0.195370 0.013542 0.024074
0 0.116927 0.221759 0.013021 0.023148
0 0.099219 0.221296 0.014063 0.022222
0 0.117188 0.609722 0.012500 0.023148
0 0.641667 0.089815 0.014583 0.024074
0 0.846615 0.978241 0.014063 0.023148
0 0.099740 0.610648 0.018229 0.025000
0 0.117448 0.584722 0.015104 0.021296
0 0.114583 0.145833 0.016667 0.026852
0 0.134635 0.145833 0.019271 0.026852
0 0.025521 0.222222 0.015625 0.024074
0 0.988802 0.145370 0.019271 0.022222
0 0.917448 0.200000 0.035937 0.024074
0 0.007812 0.298148 0.015625 0.027778
0 0.116927 0.636111 0.014063 0.024074
0 0.154688 0.145833 0.016667 0.026852
0 0.008333 0.273148 0.014583 0.024074
0 0.008073 0.610185 0.016146 0.022222
0 0.008073 0.584259 0.016146 0.025926
0 0.080208 0.194907 0.012500 0.023148
0 0.111198 0.089815 0.016146 0.027778
0 0.026042 0.726852 0.015625 0.020370
0 0.847135 0.199537 0.035937 0.028704
0 0.007552 0.194907 0.015104 0.025000
0 0.627083 0.980556 0.016667 0.027778
0 0.190365 0.145833 0.015104 0.025000
0 0.044010 0.222685 0.013021 0.023148
0 0.061719 0.584259 0.015104 0.022222
0 0.008333 0.700463 0.016667 0.026852
0 0.080469 0.221759 0.013021 0.023148
0 0.025521 0.352315 0.014583 0.025000
0 0.026042 0.700463 0.014583 0.026852
0 0.008073 0.351852 0.015104 0.024074
0 0.894271 0.034722 0.013542 0.023148
0 0.025781 0.584259 0.017188 0.024074
0 0.659375 0.088889 0.013542 0.022222
0 0.207552 0.145833 0.017188 0.025000
0 0.008333 0.727778 0.016667 0.020370
0 0.008594 0.635648 0.014063 0.025000
0 0.327344 0.978241 0.021354 0.025000
0 0.650260 0.980556 0.017188 0.029630
0 0.062500 0.221759 0.013542 0.023148
0 0.967708 0.145833 0.019792 0.023148
0 0.026042 0.273148 0.015625 0.025926
0 0.604167 0.979630 0.020833 0.031481
0 0.672917 0.981019 0.016667 0.028704
0 0.466146 0.978241 0.017708 0.026852
0 0.117188 0.701389 0.014583 0.023148
0 0.007812 0.325463 0.015625 0.023148
0 0.098958 0.635185 0.016667 0.025926
0 0.946354 0.146296 0.013542 0.022222
0 0.117969 0.326389 0.017188 0.023148
0 0.676562 0.087963 0.012500 0.022222
0 0.534896 0.977778 0.017708 0.025926
0 0.580729 0.979167 0.018750 0.030556
0 0.117448 0.248148 0.014063 0.025926
0 0.062500 0.299074 0.013542 0.024074
0 0.063021 0.726852 0.015625 0.020370
0 0.025781 0.299537 0.014063 0.025000
0 0.098698 0.325926 0.013021 0.025926
0 0.490104 0.976852 0.018750 0.024074
0 0.909896 0.034259 0.013542 0.025926
0 0.043750 0.583796 0.015625 0.023148
0 0.044271 0.352778 0.015625 0.025926
0 0.008073 0.663426 0.016146 0.030556
0 0.044010 0.610648 0.015104 0.023148
0 0.062500 0.662500 0.015625 0.028704
0 0.080990 0.700463 0.013021 0.023148
0 0.063281 0.700463 0.017188 0.025000
0 0.080469 0.610185 0.015104 0.022222
0 0.730208 0.088889 0.014583 0.022222
0 0.080729 0.247222 0.014583 0.024074
0 0.062240 0.325463 0.013021 0.025000
0 0.558333 0.978241 0.018750 0.028704
0 0.043750 0.247685 0.013542 0.023148
0 0.025781 0.662963 0.014063 0.029630
0 0.044271 0.700926 0.014583 0.025926
0 0.747656 0.088889 0.014063 0.022222
0 0.080469 0.325926 0.015104 0.025926
0 0.008594 0.221759 0.014063 0.025000
0 0.025260 0.636111 0.017188 0.024074
0 0.099219 0.701389 0.014063 0.023148
0 0.694792 0.088426 0.017708 0.023148
0 0.512500 0.977315 0.017708 0.025000
0 0.711979 0.088889 0.013542 0.022222
0 0.044010 0.662500 0.014063 0.028704
0 0.025521 0.325463 0.015625 0.023148
0 0.044010 0.273148 0.015104 0.024074
0 0.080729 0.299074 0.014583 0.024074
0 0.983073 0.081019 0.025521 0.062037
0 0.098437 0.247685 0.012500 0.025000
0 0.099479 0.299537 0.013542 0.025000
0 0.062240 0.610648 0.015104 0.021296
0 0.044271 0.298611 0.014583 0.025000
0 0.044010 0.636574 0.015104 0.025000
0 0.040625 0.083333 0.021875 0.061111
0 0.044010 0.325926 0.014063 0.024074
0 0.044531 0.726852 0.015104 0.020370
0 0.118229 0.300463 0.017708 0.025000
0 0.080469 0.635648 0.015104 0.025000
0 0.080469 0.727315 0.014063 0.023148
0 0.371354 0.147222 0.014583 0.022222
0 0.062760 0.272685 0.015104 0.025000
0 0.088542 0.082407 0.023958 0.061111
0 0.080469 0.272685 0.015104 0.025000
0 0.116927 0.273611 0.014063 0.023148
0 0.065104 0.083796 0.021875 0.060185
0 0.062240 0.636111 0.016146 0.025926
0 0.397135 0.976389 0.117188 0.034259
0 0.098698 0.273611 0.013021 0.025000
0 0.016406 0.081944 0.026562 0.062037
0 0.070573 0.830556 0.141146 0.027778
0 0.070573 0.804630 0.141146 0.027778
0 0.134635 0.172222 0.009896 0.020370
0 0.135156 0.560648 0.007812 0.015741
0 0.060417 0.146296 0.015625 0.025926
0 0.974479 0.172222 0.008333 0.014815
0 0.939323 0.008333 0.010937 0.016667
0 0.944792 0.976389 0.013542 0.026852
0 0.115885 0.172222 0.010937 0.020370
0 0.042448 0.728241 0.018229 0.021296
