0 0.119385 0.033088 0.013500 0.022657
0 0.140174 0.033852 0.019443 0.017278
0 0.161076 0.033662 0.016307 0.020731
0 0.186487 0.033634 0.025484 0.019083
0 0.070438 0.033352 0.023385 0.018056
0 0.189062 0.087963 0.137500 0.025926
0 0.097406 0.033856 0.021385 0.016509
0 0.046359 0.034287 0.015104 0.020370
0 0.028388 0.033259 0.016036 0.018519
0 0.879427 0.977315 0.016146 0.025000
0 0.950521 0.531481 0.079167 0.020370
0 0.950781 0.512500 0.078646 0.019444
0 0.984375 0.171296 0.009375 0.016667
0 0.984635 0.882870 0.010937 0.015741
0 0.378385 0.559259 0.081771 0.081481
0 0.950521 0.742593 0.079167 0.018519
0 0.145833 0.229167 0.011458 0.026852
0 0.070052 0.857870 0.140104 0.026852
0 0.305990 0.144907 0.114062 0.025000
0 0.025781 0.145370 0.050521 0.027778
0 0.950260 0.407870 0.077604 0.019444
0 0.984635 0.618981 0.010937 0.017593
0 0.236979 0.033796 0.016667 0.021296
0 0.124740 0.756481 0.007812 0.016667
0 0.146875 0.306481 0.014583 0.022222
0 0.146615 0.251852 0.013021 0.022222
0 0.834115 0.338889 0.008854 0.018519
0 0.961458 0.010185 0.014583 0.020370
0 0.145833 0.559259 0.009375 0.018519
0 0.124479 0.560648 0.007292 0.017593
0 0.146615 0.601389 0.014063 0.025000
0 0.984375 0.285648 0.011458 0.017593
0 0.146615 0.808333 0.010937 0.027778
0 0.146094 0.284722 0.015104 0.028704
0 0.134896 0.560648 0.007292 0.015741
0 0.134635 0.172222 0.009896 0.020370
0 0.146615 0.292593 0.015104 0.020370
0 0.984375 0.654630 0.010417 0.016667
0 0.984896 0.601389 0.010417 0.017593
0 0.146094 0.605093 0.011979 0.023148
0 0.146875 0.279630 0.015625 0.029630
0 0.985417 0.637037 0.009375 0.018519
0 0.950781 0.301852 0.078646 0.018519
0 0.974479 0.172222 0.008333 0.014815
0 0.923177 0.917593 0.153646 0.024074
0 0.842448 0.813426 0.006771 0.012037
0 0.185677 0.173611 0.009896 0.017593
0 0.985417 0.673148 0.009375 0.018519
0 0.994271 0.899537 0.010417 0.019444
0 0.833854 0.426852 0.009375 0.016667
0 0.938021 0.009722 0.011458 0.019444
0 0.124740 0.172685 0.007812 0.017593
0 0.193490 0.212963 0.088021 0.018519
0 0.146615 0.303704 0.011979 0.024074
0 0.101302 0.905093 0.078646 0.025000
0 0.927865 0.080093 0.018229 0.060185
0 0.833594 0.795833 0.007812 0.013889
0 0.842708 0.549074 0.007292 0.012963
0 0.060417 0.146296 0.015625 0.025926
0 0.950521 0.495370 0.080208 0.018519
0 0.984896 0.742593 0.011458 0.018519
0 0.146354 0.390278 0.011458 0.026852
0 0.984635 0.531481 0.010937 0.018519
0 0.842708 0.848611 0.007292 0.013889
0 0.928385 0.086111 0.017188 0.033333
0 0.909896 0.087500 0.017708 0.028704
0 0.980208 0.033796 0.036458 0.025000
0 0.135937 0.757407 0.006250 0.022222
0 0.817969 0.191667 0.016146 0.016667
0 0.910937 0.079167 0.020833 0.056481
0 0.871875 0.707407 0.066667 0.016667
0 0.842448 0.760648 0.006771 0.013889
0 0.842448 0.831019 0.006771 0.013889
0 0.950521 0.478241 0.080208 0.023148
0 0.939323 0.008333 0.010937 0.016667
0 0.160156 0.213426 0.011979 0.017593
0 0.360156 0.977778 0.017188 0.029630
0 0.834375 0.410185 0.012500 0.016667
0 0.145833 0.250000 0.016667 0.024074
0 0.146875 0.312500 0.014583 0.025000
0 0.915365 0.301389 0.007812 0.017593
0 0.950781 0.267130 0.078646 0.021296
0 0.697396 0.190278 0.018750 0.026852
0 0.909635 0.408333 0.161979 0.022222
0 0.909896 0.372685 0.161458 0.019444
0 0.842708 0.865741 0.008333 0.014815
0 0.950521 0.586574 0.079167 0.019444
0 0.098958 0.170833 0.018750 0.021296
0 0.146354 0.444907 0.011458 0.025000
0 0.838281 0.919444 0.017188 0.014815
0 0.520833 0.191204 0.021875 0.025000
0 0.913542 0.795833 0.150000 0.017593
0 0.842187 0.777778 0.008333 0.012963
0 0.836979 0.409259 0.012500 0.014815
0 0.922917 0.941204 0.154167 0.026852
0 0.008073 0.033796 0.014063 0.023148
0 0.847135 0.461111 0.034896 0.018519
0 0.834375 0.461111 0.010417 0.018519
0 0.133854 0.860648 0.012500 0.028704
0 0.871615 0.689352 0.066146 0.017593
0 0.916406 0.266204 0.147396 0.019444
0 0.944792 0.976389 0.013542 0.026852
0 0.145833 0.220833 0.011458 0.023148
0 0.146354 0.274537 0.011458 0.021296
0 0.003646 0.781481 0.007292 0.016667
0 0.010156 0.804630 0.009896 0.018519
0 0.025521 0.258333 0.015625 0.044444
0 0.008073 0.146759 0.013021 0.021296
0 0.428646 0.191204 0.013542 0.023148
0 0.870052 0.549074 0.065104 0.016667
0 0.577344 0.191667 0.016146 0.022222
0 0.099740 0.194444 0.019271 0.024074
0 0.042448 0.728241 0.018229 0.021296
0 0.934635 0.975926 0.033854 0.029630
0 0.008333 0.805556 0.013542 0.022222
0 0.950781 0.489352 0.079687 0.030556
0 0.026042 0.700463 0.014583 0.026852
0 0.008594 0.635648 0.014063 0.025000
0 0.271354 0.090741 0.017708 0.025926
0 0.731510 0.062963 0.035937 0.025926
0 0.044010 0.222222 0.013021 0.022222
0 0.190365 0.145833 0.015104 0.025000
0 0.061719 0.584259 0.015104 0.022222
0 0.847135 0.199537 0.035937 0.028704
0 0.111198 0.089815 0.016146 0.027778
0 0.026042 0.726852 0.015625 0.020370
0 0.007812 0.610185 0.015625 0.022222
0 0.007552 0.194907 0.015104 0.025000
0 0.917448 0.200000 0.035937 0.024074
0 0.950521 0.654630 0.078125 0.016667
0 0.638542 0.980556 0.015625 0.025926
0 0.080208 0.194907 0.012500 0.023148
0 0.518229 0.088426 0.139583 0.026852
0 0.154688 0.145833 0.016667 0.026852
0 0.147135 0.862037 0.010937 0.027778
0 0.116927 0.636111 0.014063 0.024074
0 0.008333 0.273148 0.014583 0.024074
0 0.008333 0.700463 0.016667 0.026852
0 0.615885 0.980093 0.020313 0.030556
0 0.025521 0.352315 0.014583 0.026852
0 0.110937 0.063426 0.018750 0.021296
0 0.025781 0.584259 0.017188 0.024074
0 0.608594 0.087500 0.034896 0.030556
0 0.080469 0.221759 0.013021 0.023148
0 0.008073 0.352315 0.015104 0.023148
0 0.659115 0.088426 0.013021 0.021296
0 0.894271 0.034259 0.013542 0.022222
0 0.008333 0.727778 0.016667 0.020370
0 0.207552 0.145833 0.017188 0.025000
0 0.950000 0.636574 0.078125 0.019444
0 0.098958 0.635185 0.016667 0.025926
0 0.026042 0.273148 0.015625 0.025926
0 0.939844 0.033796 0.008854 0.023148
0 0.967708 0.145833 0.019792 0.023148
0 0.098698 0.325926 0.013021 0.025926
0 0.062500 0.221759 0.013542 0.023148
0 0.063281 0.726852 0.016146 0.020370
0 0.007812 0.325463 0.015625 0.023148
0 0.117188 0.701389 0.014583 0.023148
0 0.117969 0.326389 0.017188 0.023148
0 0.062500 0.662500 0.015625 0.028704
0 0.946354 0.146759 0.013542 0.023148
0 0.858073 0.081944 0.026562 0.050926
0 0.008073 0.663426 0.016146 0.030556
0 0.044271 0.352778 0.015625 0.025926
0 0.676562 0.087963 0.012500 0.022222
0 0.909896 0.034259 0.013542 0.025926
0 0.025781 0.299537 0.014063 0.025000
0 0.062500 0.299074 0.013542 0.024074
0 0.117448 0.248148 0.014063 0.025926
0 0.788802 0.078241 0.016146 0.047222
0 0.988021 0.010648 0.014583 0.021296
0 0.043750 0.584259 0.015625 0.022222
0 0.954167 0.086111 0.021875 0.072222
0 0.025260 0.248148 0.016146 0.024074
0 0.044010 0.610648 0.015104 0.023148
0 0.063021 0.247222 0.015625 0.024074
0 0.772396 0.078704 0.016667 0.046296
0 0.477604 0.977315 0.017708 0.026852
0 0.592708 0.979630 0.018750 0.031481
0 0.546875 0.977778 0.017708 0.025926
0 0.501042 0.976852 0.017708 0.024074
0 0.441927 0.088889 0.016146 0.024074
0 0.441667 0.064815 0.015625 0.024074
0 0.062240 0.325463 0.013021 0.025000
0 0.025781 0.662963 0.014063 0.029630
0 0.080469 0.610185 0.015104 0.022222
0 0.080469 0.325926 0.015104 0.025926
0 0.730208 0.088889 0.014583 0.022222
0 0.080990 0.700463 0.013021 0.023148
0 0.518750 0.062500 0.138542 0.026852
0 0.063281 0.700463 0.017188 0.025000
0 0.950521 0.285185 0.079167 0.020370
0 0.570052 0.978704 0.018229 0.027778
0 0.080729 0.247222 0.014583 0.024074
0 0.883333 0.082870 0.023958 0.054630
0 0.008073 0.247222 0.014063 0.024074
0 0.043750 0.247685 0.013542 0.023148
0 0.044271 0.700926 0.014583 0.025926
0 0.747656 0.088889 0.014063 0.022222
0 0.008594 0.221759 0.014063 0.025000
0 0.025260 0.636111 0.017188 0.024074
0 0.973437 0.033333 0.051042 0.025926
0 0.044010 0.662500 0.014063 0.028704
0 0.271354 0.064352 0.018750 0.025000
0 0.821354 0.078704 0.013542 0.048148
0 0.099219 0.701389 0.014063 0.023148
0 0.683854 0.062500 0.061458 0.026852
0 0.694792 0.088426 0.017708 0.023148
0 0.523958 0.977315 0.017708 0.025000
0 0.044010 0.273148 0.015104 0.024074
0 0.711979 0.088889 0.013542 0.022222
0 0.025521 0.325463 0.015625 0.023148
0 0.080729 0.299074 0.014583 0.024074
0 0.806250 0.078241 0.016667 0.047222
0 0.099479 0.299537 0.013542 0.025000
0 0.982812 0.081019 0.026042 0.063889
0 0.951042 0.320370 0.079167 0.022222
0 0.098437 0.247685 0.012500 0.025000
0 0.044010 0.636574 0.015104 0.025000
0 0.040885 0.083333 0.021354 0.061111
0 0.044271 0.298611 0.014583 0.025000
0 0.062240 0.610648 0.015104 0.021296
0 0.044531 0.726852 0.015104 0.020370
0 0.044010 0.325926 0.014063 0.024074
0 0.929167 0.033796 0.013542 0.025000
0 0.118229 0.300463 0.017708 0.025000
0 0.080469 0.635648 0.015104 0.025000
0 0.371094 0.147222 0.014063 0.022222
0 0.080469 0.727315 0.014063 0.023148
0 0.088542 0.082870 0.023958 0.060185
0 0.062500 0.272685 0.014583 0.025000
0 0.116927 0.273611 0.014063 0.023148
0 0.065104 0.083796 0.021875 0.060185
0 0.080469 0.272685 0.015104 0.025000
0 0.062240 0.636111 0.016146 0.025926
0 0.408333 0.976389 0.116667 0.034259
0 0.188542 0.062037 0.137500 0.027778
0 0.354687 0.062500 0.147917 0.028704
0 0.098698 0.273611 0.013021 0.025000
0 0.016406 0.081944 0.026562 0.062037
0 0.070573 0.830556 0.141146 0.027778
0 0.070573 0.804630 0.141146 0.027778
0 0.008333 0.298148 0.015625 0.027778
0 0.988802 0.145370 0.019271 0.022222
0 0.008073 0.584259 0.016146 0.025926
0 0.661198 0.980093 0.017188 0.026852
0 0.025521 0.222222 0.015625 0.024074
0 0.134375 0.145833 0.018750 0.026852
0 0.984115 0.249537 0.009896 0.017593
0 0.146615 0.193519 0.011979 0.022222
0 0.643750 0.069444 0.018750 0.035185
0 0.114583 0.145833 0.016667 0.026852
0 0.950260 0.600926 0.078646 0.018519
0 0.117448 0.585185 0.015104 0.020370
0 0.099219 0.221296 0.014063 0.022222
0 0.116927 0.221759 0.013021 0.023148
0 0.117188 0.609722 0.012500 0.023148
0 0.099740 0.610648 0.018229 0.025000
0 0.836979 0.078704 0.016667 0.048148
0 0.146354 0.756944 0.011458 0.023148
0 0.338281 0.978241 0.020313 0.026852
0 0.145573 0.232870 0.013021 0.026852
0 0.643750 0.064352 0.019792 0.023148
0 0.641667 0.089815 0.014583 0.024074
0 0.062500 0.195370 0.013542 0.024074
0 0.177344 0.871759 0.031771 0.056481
0 0.354167 0.088426 0.148958 0.026852
0 0.949740 0.618519 0.077604 0.018519
0 0.881250 0.200000 0.032292 0.027778
0 0.950260 0.672685 0.078646 0.019444
0 0.042969 0.194907 0.017188 0.025000
0 0.134896 0.756481 0.007292 0.016667
0 0.918490 0.063426 0.036979 0.025000
0 0.994792 0.172222 0.009375 0.016667
0 0.994271 0.249537 0.010417 0.019444
0 0.105990 0.756481 0.009896 0.018519
0 0.097135 0.145833 0.016146 0.025000
0 0.964583 0.172685 0.009375 0.015741
0 0.080208 0.584722 0.015625 0.021296
0 0.115104 0.561111 0.009375 0.018519
0 0.116406 0.194444 0.010937 0.022222
0 0.145833 0.245833 0.011458 0.017593
0 0.146094 0.704630 0.013021 0.025926
0 0.080469 0.662037 0.014063 0.027778
0 0.172917 0.145370 0.015625 0.025926
0 0.024479 0.195370 0.013542 0.025926
0 0.078906 0.145833 0.017188 0.025000
0 0.098958 0.585185 0.016667 0.022222
0 0.115365 0.756481 0.006771 0.016667
0 0.145833 0.653704 0.013542 0.027778
0 0.110937 0.090278 0.017708 0.039815
0 0.914062 0.249537 0.150000 0.021296
0 0.862500 0.978704 0.014583 0.027778
0 0.025781 0.609722 0.018229 0.019444
0 0.134635 0.858333 0.009896 0.024074
0 0.842969 0.900463 0.007812 0.013889
0 0.075000 0.906481 0.131250 0.027778
0 0.818750 0.174074 0.012500 0.020370
0 0.815885 0.191667 0.016146 0.014815
0 0.197135 0.173148 0.008854 0.020370
0 0.608854 0.077315 0.035417 0.056481
0 0.145833 0.337500 0.012500 0.028704
0 0.984896 0.408333 0.011458 0.018519
0 0.115885 0.172222 0.010937 0.020370
0 0.842708 0.689815 0.007292 0.012963
