0 0.070573 0.804630 0.141146 0.027778
0 0.070573 0.830556 0.141146 0.027778
0 0.016406 0.081944 0.026562 0.062037
0 0.098698 0.273611 0.013021 0.025000
0 0.062240 0.636111 0.016146 0.025926
0 0.065104 0.083333 0.021875 0.061111
0 0.116927 0.273611 0.014063 0.023148
0 0.080469 0.272685 0.015104 0.025000
0 0.397135 0.976389 0.117188 0.034259
0 0.080469 0.635648 0.015104 0.025000
0 0.088542 0.082407 0.023958 0.061111
0 0.062760 0.272685 0.015104 0.025000
0 0.080469 0.727315 0.014063 0.023148
0 0.118229 0.300463 0.017708 0.025000
0 0.044010 0.325463 0.014063 0.023148
0 0.044531 0.726852 0.016146 0.020370
0 0.380729 0.147222 0.013542 0.020370
0 0.044010 0.636111 0.015104 0.025926
0 0.062240 0.610648 0.015104 0.021296
0 0.040885 0.083333 0.021354 0.061111
0 0.044271 0.298611 0.014583 0.025000
0 0.098437 0.247685 0.012500 0.025000
0 0.099479 0.299537 0.013542 0.025000
0 0.983073 0.081481 0.025521 0.062963
0 0.025521 0.325463 0.015625 0.023148
0 0.044010 0.662500 0.014063 0.028704
0 0.080729 0.299074 0.014583 0.024074
0 0.044010 0.273148 0.015104 0.024074
0 0.711979 0.088426 0.013542 0.023148
0 0.512500 0.977315 0.017708 0.025000
0 0.694792 0.088426 0.017708 0.023148
0 0.025260 0.636111 0.017188 0.024074
0 0.099219 0.701389 0.014063 0.023148
0 0.044271 0.700926 0.014583 0.025926
0 0.008594 0.221759 0.014063 0.025000
0 0.080469 0.610185 0.015104 0.022222
0 0.043750 0.247685 0.013542 0.023148
0 0.747396 0.088889 0.014583 0.022222
0 0.080729 0.247222 0.014583 0.024074
0 0.558333 0.977778 0.018750 0.027778
0 0.025781 0.662963 0.014063 0.029630
0 0.063281 0.700463 0.017188 0.025000
0 0.080469 0.326389 0.015104 0.025000
0 0.730208 0.088889 0.014583 0.022222
0 0.080990 0.700463 0.013021 0.023148
0 0.062500 0.662500 0.015625 0.028704
0 0.062240 0.325463 0.013021 0.025000
0 0.044010 0.610648 0.015104 0.023148
0 0.973437 0.033333 0.051042 0.025926
0 0.008073 0.663426 0.016146 0.030556
0 0.043750 0.584259 0.015625 0.022222
0 0.025781 0.299537 0.014063 0.025000
0 0.490104 0.976852 0.018750 0.024074
0 0.117448 0.248148 0.014063 0.025926
0 0.580729 0.979167 0.018750 0.030556
0 0.062760 0.299074 0.014063 0.024074
0 0.044271 0.352778 0.015625 0.025926
0 0.534896 0.977778 0.017708 0.025926
0 0.117969 0.326389 0.017188 0.023148
0 0.909896 0.034259 0.013542 0.025926
0 0.676562 0.087963 0.012500 0.022222
0 0.063281 0.726852 0.016146 0.020370
0 0.672917 0.981019 0.016667 0.028704
0 0.604167 0.979630 0.020833 0.031481
0 0.007812 0.325463 0.015625 0.023148
0 0.327344 0.978241 0.021354 0.025000
0 0.117188 0.701389 0.014583 0.023148
0 0.098698 0.325463 0.013021 0.025000
0 0.466146 0.978241 0.017708 0.026852
0 0.062240 0.221759 0.014063 0.023148
0 0.207813 0.145833 0.017708 0.025000
0 0.098958 0.635648 0.015625 0.025000
0 0.026042 0.273148 0.015625 0.025926
0 0.946354 0.146759 0.013542 0.023148
0 0.650260 0.980556 0.017188 0.029630
0 0.008333 0.727778 0.016667 0.020370
0 0.008073 0.352315 0.015104 0.023148
0 0.894271 0.034722 0.013542 0.023148
0 0.008594 0.635648 0.014063 0.025000
0 0.026042 0.700463 0.014583 0.026852
0 0.659375 0.088426 0.013542 0.021296
0 0.025521 0.584259 0.017708 0.024074
0 0.080469 0.221296 0.013021 0.022222
0 0.025521 0.352315 0.014583 0.026852
0 0.967708 0.145833 0.019792 0.023148
0 0.043750 0.222222 0.013542 0.022222
0 0.008333 0.700463 0.016667 0.026852
0 0.061719 0.583796 0.015104 0.021296
0 0.117448 0.636574 0.017188 0.025000
0 0.846875 0.199537 0.035417 0.028704
0 0.627083 0.980556 0.016667 0.027778
0 0.190365 0.145833 0.015104 0.025000
0 0.098958 0.609722 0.015625 0.025000
0 0.111198 0.089815 0.016146 0.027778
0 0.008073 0.584259 0.016146 0.025926
0 0.026042 0.726852 0.015625 0.020370
0 0.008073 0.610185 0.016146 0.022222
0 0.007552 0.194907 0.015104 0.025000
0 0.008333 0.273148 0.014583 0.024074
0 0.008333 0.298148 0.015625 0.027778
0 0.917448 0.200000 0.035937 0.024074
0 0.025521 0.222222 0.015625 0.024074
0 0.079948 0.194907 0.013021 0.023148
0 0.154688 0.145370 0.016667 0.025926
0 0.098958 0.221296 0.014583 0.022222
0 0.134375 0.145833 0.018750 0.026852
0 0.114844 0.145833 0.017188 0.026852
0 0.116927 0.221759 0.013021 0.023148
0 0.988802 0.145370 0.019271 0.022222
0 0.117708 0.585185 0.016667 0.022222
0 0.641667 0.089815 0.014583 0.024074
0 0.062500 0.195370 0.013542 0.024074
0 0.846615 0.978241 0.014063 0.023148
0 0.881250 0.199537 0.032292 0.028704
0 0.080208 0.584722 0.015625 0.021296
0 0.117969 0.610185 0.019271 0.025926
0 0.134896 0.756481 0.007292 0.016667
0 0.116406 0.194444 0.010937 0.022222
0 0.115104 0.561111 0.009375 0.018519
0 0.097135 0.145833 0.016146 0.025000
0 0.994792 0.172222 0.009375 0.016667
0 0.080469 0.662037 0.014063 0.027778
0 0.965625 0.171759 0.011458 0.015741
0 0.105990 0.756481 0.009896 0.018519
0 0.098698 0.585185 0.016146 0.022222
0 0.608854 0.077315 0.035417 0.056481
0 0.172917 0.144907 0.015625 0.025000
0 0.078906 0.145833 0.017188 0.025000
0 0.880208 0.978241 0.013542 0.023148
0 0.863021 0.977778 0.015625 0.024074
0 0.115365 0.756481 0.006771 0.016667
0 0.819010 0.173611 0.013021 0.021296
0 0.025781 0.609259 0.018229 0.020370
0 0.197396 0.173148 0.009375 0.020370
0 0.115885 0.172222 0.010937 0.020370
0 0.984375 0.171296 0.009375 0.016667
0 0.026042 0.145370 0.050000 0.027778
0 0.070573 0.858333 0.141146 0.027778
0 0.124740 0.756481 0.007812 0.016667
0 0.070833 0.904630 0.141667 0.025926
0 0.124479 0.560648 0.007292 0.017593
0 0.135156 0.560185 0.007812 0.016667
0 0.134635 0.172222 0.009896 0.020370
0 0.124740 0.172685 0.007812 0.017593
0 0.060417 0.146296 0.015625 0.025926
0 0.974479 0.172222 0.008333 0.014815
0 0.939323 0.008333 0.010937 0.016667
0 0.864323 0.514352 0.051562 0.015741
0 0.846615 0.461574 0.034896 0.019444
0 0.236979 0.033333 0.016667 0.020370
0 0.913510 0.655333 0.153500 0.017593
0 0.910703 0.479630 0.157865 0.016667
0 0.027318 0.032454 0.015104 0.020370
0 0.772135 0.066296 0.017188 0.023333
0 0.192214 0.212731 0.076094 0.018981
0 0.788802 0.065185 0.016146 0.021111
0 0.913906 0.637500 0.152813 0.017593
0 0.915161 0.900704 0.151240 0.016741
0 0.869427 0.760648 0.060729 0.013889
0 0.877917 0.831019 0.077708 0.013889
0 0.913828 0.585759 0.152656 0.016667
0 0.862682 0.813426 0.047240 0.012037
0 0.914727 0.919648 0.168880 0.018519
0 0.988229 0.009593 0.014583 0.019185
0 0.878047 0.848148 0.077969 0.012963
0 0.858672 0.081481 0.025365 0.050000
0 0.856146 0.795833 0.053958 0.013889
0 0.272891 0.089815 0.020781 0.024074
0 0.730815 0.063968 0.034411 0.023676
0 0.167474 0.173611 0.046302 0.017593
0 0.856198 0.865741 0.035312 0.012963
0 0.928760 0.090398 0.017188 0.025130
0 0.913698 0.619907 0.152396 0.017593
0 0.910365 0.088273 0.017708 0.024935
0 0.861693 0.426759 0.064010 0.013148
0 0.913385 0.602731 0.152813 0.016759
0 0.099958 0.196750 0.019271 0.024074
0 0.070557 0.925134 0.140656 0.011769
0 0.963411 0.009009 0.014583 0.018019
0 0.294896 0.145370 0.153958 0.024074
0 0.914036 0.566204 0.152135 0.017593
0 0.010771 0.032685 0.013771 0.018519
0 0.026979 0.195278 0.018542 0.025741
0 0.044219 0.194907 0.014688 0.025000
0 0.182786 0.864333 0.049687 0.074907
0 0.356318 0.088231 0.144760 0.025574
0 0.919661 0.062833 0.036979 0.025000
0 0.643750 0.062963 0.019792 0.023148
0 0.836719 0.063889 0.017188 0.020370
0 0.112875 0.063139 0.018750 0.021296
0 0.442312 0.064620 0.015625 0.024074
0 0.883656 0.081750 0.023958 0.054630
0 0.519354 0.064713 0.136510 0.022037
0 0.063724 0.247731 0.017031 0.025093
0 0.510026 0.088889 0.152344 0.024074
0 0.026755 0.247981 0.016146 0.024074
0 0.954167 0.079861 0.021875 0.057870
0 0.189609 0.088056 0.135365 0.026111
0 0.683669 0.064324 0.059641 0.022352
0 0.272526 0.064352 0.021094 0.025000
0 0.821354 0.065509 0.013542 0.021759
0 0.806250 0.066204 0.016667 0.023148
0 0.932813 0.033796 0.020833 0.025000
0 0.355406 0.064148 0.144812 0.022741
0 0.190216 0.063926 0.133839 0.022852
0 0.977565 0.977847 0.043484 0.032880
0 0.945846 0.976500 0.013818 0.024556
0 0.932826 0.976917 0.010359 0.021741
0 0.919292 0.977495 0.015958 0.023565
0 0.899643 0.977583 0.013630 0.020741
0 0.874607 0.883889 0.072714 0.015926
0 0.882346 0.778657 0.088661 0.016056
0 0.914042 0.743880 0.153844 0.017593
0 0.914042 0.726296 0.153844 0.017593
0 0.914135 0.708870 0.153844 0.017593
0 0.913948 0.691444 0.153844 0.017593
0 0.913516 0.673685 0.153844 0.017593
0 0.910023 0.443630 0.159547 0.017593
0 0.909924 0.409630 0.159547 0.017593
0 0.909427 0.390528 0.159542 0.017593
0 0.909268 0.373028 0.159547 0.017593
0 0.909589 0.355963 0.159542 0.017593
0 0.910034 0.338593 0.159547 0.017593
0 0.910169 0.321435 0.159547 0.017593
0 0.910599 0.303389 0.159542 0.017593
0 0.910599 0.285722 0.159542 0.017593
0 0.910435 0.250574 0.159547 0.017593
0 0.821284 0.089310 0.011536 0.022231
0 0.805208 0.089968 0.015792 0.022713
0 0.788516 0.090019 0.014948 0.020889
0 0.772245 0.090611 0.014708 0.021204
0 0.215086 0.032042 0.020151 0.018843
0 0.185995 0.032259 0.028656 0.020741
0 0.161680 0.032009 0.017922 0.023889
0 0.140630 0.033167 0.019510 0.021241
0 0.119911 0.033801 0.013938 0.020083
0 0.096971 0.032625 0.022870 0.019954
0 0.070547 0.034671 0.023146 0.019343
0 0.046596 0.033245 0.017641 0.019454
0 0.009427 0.247731 0.016771 0.025093
0 0.913880 0.497222 0.152760 0.018519
