0 0.608854 0.077315 0.035417 0.056481
0 0.008594 0.805556 0.014063 0.022222
0 0.009896 0.805093 0.010417 0.019444
0 0.944792 0.976389 0.013542 0.026852
0 0.846615 0.461574 0.034896 0.019444
0 0.236979 0.032870 0.016667 0.019444
0 0.864323 0.514352 0.051562 0.015741
0 0.974479 0.172222 0.008333 0.014815
0 0.060417 0.146296 0.015625 0.025926
0 0.124740 0.172685 0.007812 0.017593
0 0.193490 0.212963 0.088021 0.018519
0 0.135156 0.560185 0.007812 0.016667
0 0.134635 0.172222 0.009896 0.020370
0 0.124479 0.560648 0.007292 0.017593
0 0.070833 0.904630 0.141667 0.025926
0 0.124740 0.756481 0.007812 0.016667
0 0.026042 0.145370 0.050000 0.027778
0 0.984375 0.171296 0.009375 0.016667
0 0.115625 0.172222 0.010417 0.020370
0 0.197135 0.173148 0.008854 0.020370
0 0.819010 0.173611 0.013021 0.021296
0 0.025781 0.609722 0.018229 0.019444
0 0.863021 0.978241 0.015625 0.023148
0 0.115365 0.756481 0.006771 0.016667
0 0.880208 0.978241 0.013542 0.023148
0 0.172917 0.144907 0.015625 0.025000
0 0.078906 0.145833 0.017188 0.025000
0 0.098698 0.585185 0.016146 0.022222
0 0.965365 0.171759 0.010937 0.015741
0 0.080469 0.662037 0.014063 0.027778
0 0.105990 0.756481 0.009896 0.018519
0 0.115104 0.561111 0.009375 0.018519
0 0.994792 0.172222 0.009375 0.016667
0 0.097135 0.145833 0.016146 0.025000
0 0.116406 0.194444 0.010937 0.022222
0 0.117969 0.609722 0.019271 0.025000
0 0.080208 0.584722 0.015625 0.021296
0 0.846615 0.978241 0.014063 0.023148
0 0.881250 0.199537 0.032292 0.028704
0 0.062500 0.195370 0.013542 0.024074
0 0.117708 0.585185 0.016667 0.022222
0 0.988802 0.145370 0.019271 0.022222
0 0.116927 0.221759 0.013021 0.023148
0 0.114583 0.145833 0.016667 0.026852
0 0.099219 0.221296 0.014063 0.022222
0 0.154688 0.145370 0.016667 0.025926
0 0.134375 0.145833 0.018750 0.026852
0 0.080208 0.194907 0.012500 0.023148
0 0.025521 0.222222 0.015625 0.024074
0 0.917448 0.200000 0.035937 0.024074
0 0.008333 0.273148 0.014583 0.024074
0 0.007812 0.298148 0.015625 0.027778
0 0.007552 0.194907 0.015104 0.025000
0 0.026042 0.726852 0.015625 0.020370
0 0.007812 0.610185 0.015625 0.022222
0 0.008073 0.584259 0.016146 0.025926
0 0.190365 0.145833 0.015104 0.025000
0 0.098958 0.610185 0.015625 0.024074
0 0.111198 0.089815 0.016146 0.027778
0 0.117448 0.636574 0.017188 0.025000
0 0.627083 0.980556 0.016667 0.027778
0 0.061719 0.583796 0.015104 0.021296
0 0.846875 0.199537 0.035417 0.028704
0 0.008333 0.700463 0.016667 0.026852
0 0.043750 0.222222 0.013542 0.022222
0 0.080469 0.221296 0.013021 0.022222
0 0.967708 0.145833 0.019792 0.023148
0 0.025521 0.352315 0.014583 0.025000
0 0.025781 0.584259 0.017188 0.024074
0 0.008594 0.635648 0.014063 0.025000
0 0.008073 0.352315 0.015104 0.023148
0 0.026042 0.700463 0.014583 0.026852
0 0.894271 0.034259 0.013542 0.022222
0 0.008333 0.727778 0.016667 0.020370
0 0.659115 0.088426 0.013021 0.021296
0 0.946354 0.146759 0.013542 0.023148
0 0.650260 0.981019 0.017188 0.028704
0 0.207552 0.145833 0.017188 0.025000
0 0.098958 0.635648 0.015625 0.025000
0 0.026042 0.273148 0.015625 0.025926
0 0.062500 0.221759 0.013542 0.023148
0 0.327344 0.978241 0.021354 0.025000
0 0.466146 0.978241 0.017708 0.026852
0 0.117188 0.701389 0.014583 0.023148
0 0.604167 0.979630 0.020833 0.031481
0 0.098698 0.325926 0.013021 0.025926
0 0.672917 0.981019 0.016667 0.028704
0 0.117969 0.326389 0.017188 0.023148
0 0.909896 0.034259 0.013542 0.025926
0 0.063281 0.726852 0.016146 0.020370
0 0.007812 0.325463 0.015625 0.023148
0 0.676562 0.087963 0.012500 0.022222
0 0.580729 0.979167 0.018750 0.030556
0 0.534896 0.977778 0.017708 0.025926
0 0.117448 0.248148 0.014063 0.025926
0 0.043750 0.584259 0.015625 0.022222
0 0.025781 0.299537 0.014063 0.025000
0 0.062500 0.299074 0.013542 0.024074
0 0.490104 0.976852 0.018750 0.024074
0 0.008073 0.663426 0.016146 0.030556
0 0.044271 0.352778 0.015625 0.025926
0 0.044010 0.610648 0.015104 0.023148
0 0.730208 0.088889 0.014583 0.022222
0 0.080990 0.700463 0.013021 0.023148
0 0.062500 0.662500 0.015625 0.028704
0 0.973698 0.033333 0.050521 0.025926
0 0.062240 0.325463 0.013021 0.025000
0 0.025781 0.662963 0.014063 0.029630
0 0.063281 0.700463 0.017188 0.025000
0 0.080729 0.247222 0.014583 0.024074
0 0.441667 0.064815 0.015625 0.024074
0 0.080469 0.325926 0.015104 0.025926
0 0.747396 0.088889 0.014583 0.022222
0 0.043750 0.247685 0.013542 0.023148
0 0.558333 0.977778 0.018750 0.027778
0 0.080469 0.610185 0.015104 0.022222
0 0.008594 0.221759 0.014063 0.025000
0 0.044271 0.700926 0.014583 0.025926
0 0.025260 0.636111 0.017188 0.024074
0 0.099219 0.701389 0.014063 0.023148
0 0.694792 0.088426 0.017708 0.023148
0 0.711979 0.088889 0.013542 0.022222
0 0.512500 0.977315 0.017708 0.025000
0 0.044010 0.662500 0.014063 0.028704
0 0.025521 0.325463 0.015625 0.023148
0 0.044010 0.273148 0.015104 0.024074
0 0.080729 0.299074 0.014583 0.024074
0 0.099479 0.299537 0.013542 0.025000
0 0.040885 0.083333 0.021354 0.061111
0 0.044271 0.298611 0.014583 0.025000
0 0.380729 0.147222 0.013542 0.020370
0 0.062240 0.610648 0.015104 0.021296
0 0.098437 0.247685 0.012500 0.025000
0 0.044010 0.636574 0.015104 0.025000
0 0.044010 0.325463 0.014063 0.023148
0 0.044531 0.726852 0.016146 0.020370
0 0.118229 0.300463 0.017708 0.025000
0 0.062760 0.272685 0.015104 0.025000
0 0.080469 0.727315 0.014063 0.023148
0 0.088281 0.082407 0.023438 0.061111
0 0.080469 0.635648 0.015104 0.025000
0 0.080469 0.272685 0.015104 0.025000
0 0.116927 0.273611 0.014063 0.023148
0 0.065104 0.083796 0.021875 0.060185
0 0.396875 0.976389 0.116667 0.034259
0 0.062240 0.636111 0.016146 0.025926
0 0.098698 0.273611 0.013021 0.025000
0 0.016406 0.081944 0.026562 0.062037
0 0.070573 0.830556 0.141146 0.027778
0 0.070573 0.804630 0.141146 0.027778
0 0.913646 0.497222 0.152292 0.018519
0 0.909427 0.320833 0.161354 0.019444
0 0.026990 0.032454 0.015104 0.020370
0 0.914729 0.920593 0.170542 0.022333
0 0.913917 0.637333 0.152271 0.017593
0 0.909167 0.408333 0.160833 0.018519
0 0.868802 0.760648 0.059479 0.013889
0 0.914115 0.584417 0.152656 0.016667
0 0.877266 0.831019 0.076406 0.013889
0 0.939323 0.008148 0.010937 0.016296
0 0.863203 0.813426 0.048281 0.012037
0 0.134531 0.757407 0.009063 0.022222
0 0.913568 0.672588 0.151927 0.016491
0 0.914349 0.900000 0.149427 0.018519
0 0.855625 0.795833 0.052917 0.013889
0 0.878516 0.848148 0.078906 0.012963
0 0.913458 0.619583 0.151729 0.015926
0 0.856380 0.865741 0.035677 0.012963
0 0.167109 0.173611 0.047031 0.017593
0 0.928708 0.089250 0.017188 0.026315
0 0.863411 0.425463 0.067448 0.015741
0 0.909948 0.338889 0.161563 0.018519
0 0.913568 0.601685 0.152135 0.016204
0 0.911302 0.088481 0.014896 0.025741
0 0.295677 0.145370 0.152396 0.024074
0 0.070870 0.859037 0.138677 0.025259
0 0.963177 0.008935 0.014063 0.017870
0 0.913828 0.566204 0.152552 0.017593
0 0.909057 0.250500 0.157812 0.018593
0 0.010057 0.033648 0.013635 0.018519
0 0.026615 0.195694 0.017813 0.026574
0 0.182367 0.863125 0.045161 0.073750
0 0.044461 0.194750 0.015974 0.025926
0 0.913359 0.655093 0.151406 0.017593
0 0.356081 0.088051 0.143672 0.026861
0 0.644495 0.063519 0.019792 0.023148
0 0.837812 0.063750 0.015000 0.018241
0 0.920047 0.062963 0.036458 0.024074
0 0.642339 0.089315 0.012802 0.024148
0 0.272656 0.090741 0.021354 0.025926
0 0.100656 0.196556 0.018083 0.024074
0 0.111771 0.063426 0.020417 0.021296
0 0.730807 0.064259 0.034531 0.023333
0 0.788802 0.066065 0.016146 0.022870
0 0.858172 0.081481 0.024635 0.050000
0 0.988302 0.009472 0.014583 0.018944
0 0.772135 0.066111 0.017188 0.021111
0 0.954167 0.077917 0.021875 0.053981
0 0.027531 0.248148 0.016146 0.024074
0 0.510417 0.088889 0.153125 0.024074
0 0.063594 0.247731 0.016771 0.025093
0 0.517630 0.064593 0.133802 0.024000
0 0.883479 0.081833 0.024479 0.055556
0 0.009375 0.247593 0.016667 0.024815
0 0.189737 0.089310 0.133964 0.024898
0 0.272839 0.064815 0.021719 0.024074
0 0.821354 0.064954 0.013542 0.020648
0 0.683977 0.063556 0.059651 0.023407
0 0.983234 0.080759 0.025521 0.062963
0 0.805917 0.065551 0.014438 0.021472
0 0.933359 0.033796 0.021927 0.025000
0 0.190885 0.064134 0.133958 0.023083
0 0.355628 0.064255 0.143536 0.024435
0 0.046518 0.033060 0.015130 0.017472
0 0.070263 0.034111 0.022870 0.018593
0 0.097664 0.033370 0.021057 0.016611
0 0.119245 0.032912 0.014312 0.017731
0 0.140279 0.032269 0.017641 0.019019
0 0.161820 0.033301 0.015036 0.020565
0 0.186255 0.033685 0.028917 0.021852
0 0.214378 0.032782 0.023568 0.022620
0 0.772388 0.089069 0.013557 0.023676
0 0.788419 0.089551 0.015245 0.020139
0 0.806107 0.090194 0.013255 0.021000
0 0.821604 0.088963 0.011823 0.021204
0 0.910349 0.285296 0.161563 0.018519
0 0.909484 0.303157 0.161563 0.018519
0 0.909870 0.356509 0.161563 0.015685
0 0.910708 0.373523 0.161563 0.015694
0 0.910615 0.389954 0.161563 0.015685
0 0.910469 0.443028 0.161563 0.015685
0 0.913141 0.689005 0.151927 0.016491
0 0.913266 0.705894 0.151927 0.016491
0 0.914391 0.724551 0.151927 0.016491
0 0.914891 0.742542 0.151927 0.016491
0 0.882216 0.778134 0.087224 0.015620
0 0.875049 0.883370 0.072651 0.016241
0 0.900005 0.977065 0.016802 0.022907
0 0.919047 0.975986 0.011573 0.025065
0 0.931555 0.977148 0.010828 0.023722
0 0.974914 0.977231 0.036682 0.034852
0 0.070570 0.925708 0.140703 0.014213
0 0.911380 0.479630 0.158177 0.016667
