0 0.116406 0.194444 0.010937 0.022222
0 0.134896 0.756944 0.007292 0.017593
0 0.819010 0.173611 0.013021 0.021296
0 0.115365 0.756481 0.006771 0.016667
0 0.078906 0.145833 0.017188 0.025000
0 0.984375 0.171296 0.009375 0.016667
0 0.026042 0.145370 0.050000 0.027778
0 0.070052 0.857870 0.140104 0.026852
0 0.124740 0.756481 0.007812 0.016667
0 0.961458 0.010185 0.014583 0.020370
0 0.124479 0.560648 0.007292 0.017593
0 0.135156 0.560185 0.007812 0.016667
0 0.134635 0.172222 0.009896 0.020370
0 0.124740 0.172685 0.007812 0.017593
0 0.060417 0.146296 0.015625 0.025926
0 0.974479 0.172222 0.008333 0.014815
0 0.864323 0.514352 0.051562 0.015741
0 0.846615 0.461574 0.034896 0.019444
0 0.236979 0.033333 0.016667 0.020370
0 0.944010 0.976389 0.014063 0.026852
0 0.919010 0.976852 0.013021 0.024074
0 0.025781 0.609259 0.018229 0.020370
0 0.080208 0.584722 0.015625 0.021296
0 0.846615 0.978241 0.014063 0.023148
0 0.881250 0.199537 0.032292 0.028704
0 0.062500 0.195370 0.013542 0.024074
0 0.641667 0.089815 0.014583 0.024074
0 0.117708 0.585185 0.016667 0.022222
0 0.116927 0.221759 0.013021 0.023148
0 0.988802 0.145370 0.019271 0.022222
0 0.114844 0.145833 0.017188 0.026852
0 0.836719 0.078241 0.017188 0.049074
0 0.134375 0.145833 0.018750 0.026852
0 0.098958 0.221296 0.014583 0.022222
0 0.154688 0.145370 0.016667 0.025926
0 0.079948 0.194907 0.013021 0.023148
0 0.025521 0.222222 0.015625 0.024074
0 0.917448 0.200000 0.035937 0.024074
0 0.008333 0.273148 0.014583 0.024074
0 0.008333 0.298148 0.015625 0.027778
0 0.007552 0.194907 0.015104 0.025000
0 0.008073 0.610185 0.016146 0.022222
0 0.008073 0.584259 0.016146 0.025926
0 0.026042 0.726852 0.015625 0.020370
0 0.111198 0.089815 0.016146 0.027778
0 0.098958 0.609722 0.015625 0.025000
0 0.190365 0.145833 0.015104 0.025000
0 0.846875 0.199537 0.035417 0.028704
0 0.627083 0.980556 0.016667 0.027778
0 0.061719 0.584259 0.015104 0.022222
0 0.117448 0.636574 0.017188 0.025000
0 0.043750 0.222222 0.013542 0.022222
0 0.008333 0.700463 0.016667 0.026852
0 0.967708 0.145833 0.019792 0.023148
0 0.025521 0.352315 0.014583 0.026852
0 0.025521 0.584259 0.017708 0.024074
0 0.080469 0.221296 0.013021 0.022222
0 0.659115 0.088426 0.014063 0.021296
0 0.008594 0.635648 0.014063 0.025000
0 0.894271 0.034722 0.013542 0.023148
0 0.026042 0.700463 0.014583 0.026852
0 0.008073 0.352315 0.015104 0.023148
0 0.008333 0.727778 0.016667 0.020370
0 0.946354 0.146759 0.013542 0.023148
0 0.650260 0.981019 0.017188 0.028704
0 0.098958 0.635648 0.015625 0.025000
0 0.026042 0.273148 0.015625 0.025926
0 0.327083 0.978241 0.021875 0.025000
0 0.098698 0.325463 0.013021 0.025000
0 0.207813 0.145833 0.017708 0.025000
0 0.062240 0.221759 0.014063 0.023148
0 0.117188 0.701389 0.014583 0.023148
0 0.466146 0.978241 0.017708 0.026852
0 0.007812 0.325463 0.015625 0.023148
0 0.063281 0.727315 0.016146 0.021296
0 0.604167 0.979630 0.020833 0.031481
0 0.672917 0.981019 0.016667 0.028704
0 0.676562 0.087963 0.012500 0.022222
0 0.909896 0.034259 0.013542 0.025926
0 0.858073 0.081481 0.026562 0.050000
0 0.988021 0.010648 0.014583 0.021296
0 0.117969 0.326389 0.017188 0.023148
0 0.044271 0.352778 0.015625 0.025926
0 0.534896 0.977778 0.017708 0.025926
0 0.062760 0.299074 0.014063 0.024074
0 0.580729 0.979167 0.018750 0.030556
0 0.117448 0.248148 0.014063 0.025926
0 0.043750 0.584259 0.015625 0.022222
0 0.025781 0.299537 0.014063 0.025000
0 0.490104 0.976852 0.018750 0.024074
0 0.008073 0.663426 0.016146 0.030556
0 0.772135 0.078241 0.017188 0.047222
0 0.788802 0.078241 0.016146 0.047222
0 0.044010 0.610648 0.015104 0.023148
0 0.062240 0.325463 0.013021 0.025000
0 0.973437 0.033333 0.051042 0.025926
0 0.080990 0.700463 0.013021 0.023148
0 0.062500 0.662500 0.015625 0.028704
0 0.729948 0.088889 0.015104 0.022222
0 0.080469 0.326389 0.015104 0.025000
0 0.063281 0.700463 0.017188 0.025000
0 0.441667 0.064815 0.015625 0.024074
0 0.025781 0.662963 0.014063 0.029630
0 0.558333 0.977778 0.018750 0.027778
0 0.883333 0.081944 0.023958 0.054630
0 0.080729 0.247222 0.014583 0.024074
0 0.747396 0.088889 0.014583 0.022222
0 0.043750 0.247685 0.013542 0.023148
0 0.080469 0.610185 0.015104 0.022222
0 0.008594 0.221759 0.014063 0.025000
0 0.044271 0.700926 0.014583 0.025926
0 0.099219 0.701389 0.014063 0.023148
0 0.025260 0.636111 0.017188 0.024074
0 0.694792 0.088426 0.017708 0.023148
0 0.821354 0.078704 0.013542 0.048148
0 0.711979 0.088426 0.013542 0.023148
0 0.512760 0.977315 0.017188 0.025000
0 0.044010 0.273148 0.015104 0.024074
0 0.080729 0.299074 0.014583 0.024074
0 0.025521 0.325463 0.015625 0.023148
0 0.044010 0.662500 0.014063 0.028704
0 0.983073 0.081481 0.025521 0.062963
0 0.099479 0.299537 0.013542 0.025000
0 0.806250 0.078241 0.016667 0.047222
0 0.098437 0.247685 0.012500 0.025000
0 0.044271 0.298611 0.014583 0.025000
0 0.040885 0.083333 0.021354 0.061111
0 0.044531 0.726852 0.016146 0.020370
0 0.062240 0.610648 0.015104 0.021296
0 0.380729 0.146759 0.013542 0.021296
0 0.044010 0.636111 0.015104 0.025926
0 0.044010 0.325926 0.014063 0.024074
0 0.118229 0.300463 0.017708 0.025000
0 0.080469 0.727315 0.014063 0.023148
0 0.062760 0.272685 0.015104 0.025000
0 0.396875 0.976389 0.116667 0.034259
0 0.088542 0.082407 0.023958 0.061111
0 0.080469 0.635648 0.015104 0.025000
0 0.080469 0.272685 0.015104 0.025000
0 0.116927 0.273611 0.014063 0.023148
0 0.065104 0.083333 0.021875 0.061111
0 0.062240 0.636111 0.016146 0.025926
0 0.098698 0.273611 0.013021 0.025000
0 0.016406 0.081944 0.026562 0.062037
0 0.070573 0.830556 0.141146 0.027778
0 0.070573 0.804630 0.141146 0.027778
0 0.608854 0.077315 0.035417 0.056481
0 0.172917 0.144907 0.015625 0.025000
0 0.863021 0.977778 0.015625 0.024074
0 0.098698 0.585185 0.016146 0.022222
0 0.115885 0.172222 0.010937 0.020370
0 0.879948 0.978241 0.013021 0.023148
0 0.197396 0.173148 0.009375 0.020370
0 0.105990 0.756481 0.009896 0.018519
0 0.965625 0.171759 0.011458 0.015741
0 0.080469 0.662037 0.014063 0.027778
0 0.115104 0.561111 0.009375 0.018519
0 0.994792 0.172222 0.009375 0.016667
0 0.097135 0.145833 0.016146 0.025000
0 0.117969 0.610185 0.019271 0.025926
0 0.876974 0.884167 0.077865 0.012963
0 0.914839 0.919833 0.170323 0.021333
0 0.898552 0.978009 0.019406 0.022296
0 0.931591 0.977708 0.009203 0.022898
0 0.976508 0.978157 0.042495 0.034500
0 0.167331 0.172926 0.049016 0.022000
0 0.191161 0.212500 0.077604 0.019444
0 0.732422 0.063704 0.033073 0.024444
0 0.070049 0.904630 0.140099 0.025926
0 0.272370 0.089815 0.019740 0.024074
0 0.069974 0.926102 0.139948 0.014463
0 0.510156 0.088426 0.152604 0.025000
0 0.026615 0.248148 0.016146 0.024074
0 0.954167 0.080324 0.021875 0.058796
0 0.064958 0.247565 0.015625 0.024074
0 0.517552 0.065417 0.136146 0.021019
0 0.009721 0.247222 0.015797 0.024074
0 0.189708 0.088167 0.137042 0.025889
0 0.683846 0.063222 0.058766 0.024222
0 0.272682 0.064352 0.021406 0.025000
0 0.932630 0.033796 0.020469 0.025000
0 0.355901 0.065259 0.143615 0.024963
0 0.190068 0.063620 0.134760 0.023722
0 0.862266 0.426231 0.065156 0.015741
0 0.295547 0.145370 0.152656 0.024074
0 0.913828 0.601852 0.153698 0.018519
0 0.011094 0.034074 0.013958 0.018519
0 0.027758 0.195713 0.016661 0.025926
0 0.044216 0.194907 0.015422 0.025000
0 0.355865 0.088148 0.145667 0.026296
0 0.178953 0.863204 0.047031 0.077870
0 0.919865 0.062537 0.036979 0.025000
0 0.643583 0.062269 0.019792 0.023148
0 0.112312 0.063204 0.018750 0.021296
0 0.099740 0.197537 0.019271 0.024074
0 0.047016 0.033722 0.016635 0.019204
0 0.069974 0.033815 0.021510 0.021315
0 0.096964 0.032954 0.021708 0.019963
0 0.119565 0.032157 0.016370 0.016000
0 0.140888 0.033144 0.018214 0.016972
0 0.162070 0.032861 0.015036 0.016704
0 0.186432 0.034662 0.026458 0.018769
0 0.214406 0.033759 0.021396 0.021074
0 0.910380 0.249940 0.158094 0.017546
0 0.910875 0.286523 0.158094 0.017546
0 0.913219 0.304366 0.158094 0.017546
0 0.909370 0.322208 0.158094 0.017546
0 0.910039 0.338273 0.158099 0.017546
0 0.909273 0.356319 0.158099 0.017546
0 0.909148 0.373421 0.158099 0.017546
0 0.913281 0.637500 0.151562 0.017593
0 0.913672 0.585185 0.152344 0.016667
0 0.911563 0.479630 0.158542 0.016667
0 0.026672 0.032556 0.015104 0.020370
0 0.869844 0.760648 0.061563 0.013889
0 0.909286 0.408796 0.162500 0.019444
0 0.938677 0.008264 0.010937 0.016528
0 0.878672 0.831019 0.079219 0.013889
0 0.914271 0.619907 0.153542 0.017593
0 0.914089 0.900000 0.149948 0.018519
0 0.855286 0.795833 0.052240 0.013889
0 0.864792 0.813426 0.051458 0.012037
0 0.928385 0.089787 0.017188 0.025056
0 0.877995 0.848148 0.077865 0.012963
0 0.909526 0.390301 0.158094 0.017546
0 0.909263 0.444069 0.159807 0.017546
0 0.857917 0.865741 0.038750 0.012963
0 0.911609 0.497204 0.158542 0.016667
0 0.912987 0.565671 0.156089 0.018139
0 0.913536 0.655102 0.151562 0.017593
0 0.909771 0.090611 0.017708 0.028704
0 0.915708 0.671556 0.151562 0.017593
0 0.915995 0.690231 0.151562 0.017593
0 0.914839 0.708731 0.151562 0.017593
0 0.915130 0.727241 0.151562 0.017593
0 0.915563 0.744722 0.151562 0.017593
0 0.882216 0.779421 0.087182 0.015935
