0 0.594792 0.587037 0.109375 0.024074
0 0.595052 0.612037 0.109896 0.025926
0 0.582031 0.732870 0.041146 0.025000
0 0.628906 0.732407 0.042188 0.025926
0 0.646354 0.204167 0.009375 0.021296
0 0.621875 0.203241 0.008333 0.019444
0 0.594792 0.637963 0.108333 0.018519
0 0.584870 0.506481 0.129219 0.024074
0 0.572214 0.399074 0.105677 0.022222
0 0.591857 0.262991 0.109828 0.021296
0 0.562656 0.312963 0.085104 0.022222
0 0.570677 0.450000 0.104583 0.020370
0 0.562734 0.336574 0.085990 0.023148
0 0.589063 0.286574 0.108333 0.021296
0 0.571667 0.371759 0.103750 0.025000
0 0.571120 0.424074 0.101615 0.024074
0 0.585469 0.236111 0.128021 0.025926
0 0.585469 0.533333 0.128021 0.025926
0 0.584766 0.561574 0.129427 0.025000
0 0.585208 0.480093 0.128542 0.025000
0 0.638365 0.423269 0.017708 0.021296
