0 0.571016 0.518981 0.161094 0.021296
0 0.666203 0.347685 0.352177 0.020741
0 0.520156 0.637963 0.056979 0.020370
0 0.663615 0.471324 0.350458 0.020370
0 0.664531 0.400926 0.351146 0.025926
0 0.664083 0.372954 0.348229 0.025093
0 0.634635 0.293519 0.291146 0.025926
0 0.664375 0.551389 0.350417 0.026852
0 0.595547 0.425000 0.213073 0.024074
0 0.562188 0.493981 0.146458 0.023148
0 0.814583 0.293056 0.046875 0.025000
0 0.707812 0.604167 0.048958 0.023148
0 0.815625 0.579630 0.044792 0.024074
0 0.762500 0.604167 0.052083 0.023148
0 0.711458 0.635185 0.077083 0.024074
0 0.816927 0.319444 0.042188 0.024074
0 0.815365 0.604167 0.045312 0.023148
0 0.796354 0.634722 0.084375 0.025000
0 0.817448 0.815278 0.042188 0.025000
0 0.834635 0.261574 0.011979 0.021296
0 0.770312 0.814815 0.041667 0.025926
0 0.810677 0.261111 0.008854 0.020370
