0 0.520234 0.569444 0.093594 0.014815
0 0.507526 0.479306 0.041198 0.021019
0 0.518570 0.601796 0.090151 0.015741
0 0.748255 0.506944 0.112865 0.026852
0 0.518880 0.552778 0.091927 0.018519
0 0.805052 0.470005 0.029375 0.028065
0 0.676589 0.476500 0.036760 0.020148
0 0.638206 0.477324 0.037224 0.022611
0 0.604336 0.476500 0.027745 0.018500
0 0.570013 0.477222 0.036786 0.021796
0 0.538320 0.477681 0.020380 0.017806
0 0.473440 0.476671 0.023526 0.020417
0 0.521221 0.585384 0.094641 0.016454
0 0.667448 0.695833 0.390104 0.019444
0 0.585938 0.728241 0.041667 0.025000
0 0.755469 0.728241 0.056771 0.025000
0 0.632812 0.727778 0.041667 0.025926
0 0.701562 0.728241 0.041667 0.025000
0 0.538802 0.728241 0.042188 0.025000
0 0.492188 0.728241 0.041667 0.025000
0 0.834635 0.506019 0.055729 0.026852
0 0.853125 0.827315 0.042708 0.025000
0 0.806250 0.826852 0.041667 0.024074
0 0.837500 0.728241 0.047917 0.025000
0 0.870573 0.441204 0.009896 0.019444
0 0.534896 0.506481 0.127083 0.027778
0 0.846615 0.441204 0.009896 0.021296
0 0.844792 0.473148 0.035417 0.027778
