0 0.552930 0.423611 0.076953 0.018056
0 0.561719 0.302285 0.096094 0.017208
0 0.553711 0.404167 0.077734 0.018056
0 0.561914 0.524653 0.098828 0.021528
0 0.571289 0.583681 0.081641 0.018750
0 0.547070 0.377431 0.066016 0.017361
0 0.571055 0.565278 0.082422 0.019444
0 0.596484 0.673958 0.032031 0.018750
0 0.548828 0.360069 0.061719 0.017361
0 0.561133 0.674306 0.031641 0.018056
0 0.571680 0.602431 0.082422 0.015972
0 0.603125 0.443750 0.012500 0.019444
0 0.561914 0.484028 0.098828 0.020833
0 0.561914 0.505208 0.098828 0.021528
0 0.565203 0.321479 0.089102 0.016806
0 0.563127 0.546056 0.099137 0.018444
0 0.566973 0.339687 0.080898 0.016458
0 0.552930 0.462153 0.078125 0.018056
0 0.552051 0.442361 0.076758 0.018056
