0 0.632292 0.727778 0.041667 0.024074
0 0.754687 0.727778 0.057292 0.025926
0 0.833854 0.505556 0.054167 0.025926
0 0.842167 0.473472 0.034375 0.029630
0 0.746953 0.506944 0.115469 0.026852
0 0.513802 0.568991 0.080729 0.015741
0 0.806510 0.826389 0.042188 0.025000
0 0.512771 0.551843 0.076042 0.018519
0 0.515370 0.583343 0.082812 0.016667
0 0.701302 0.727778 0.041146 0.024074
0 0.837240 0.728241 0.048438 0.025000
0 0.852865 0.826389 0.041146 0.025000
0 0.638021 0.477315 0.036458 0.019444
0 0.603906 0.476852 0.027604 0.018519
0 0.533854 0.505093 0.125000 0.028704
0 0.506771 0.476852 0.041667 0.024074
0 0.805990 0.472222 0.029687 0.022222
0 0.569271 0.477315 0.036458 0.019444
0 0.538802 0.476389 0.021354 0.017593
0 0.675000 0.476852 0.032292 0.018519
0 0.472917 0.477315 0.023958 0.017593
0 0.870052 0.440741 0.010937 0.022222
0 0.846354 0.440741 0.009375 0.020370
0 0.491667 0.728241 0.041667 0.025000
0 0.539062 0.727778 0.042708 0.024074
0 0.585938 0.728241 0.041667 0.025000
