0 0.701302 0.728241 0.041146 0.023148
0 0.517448 0.583796 0.088021 0.015741
0 0.516667 0.600000 0.084375 0.014815
0 0.806250 0.472685 0.030208 0.021296
0 0.517708 0.552778 0.089583 0.018519
0 0.472917 0.477315 0.023958 0.017593
0 0.518490 0.568519 0.090104 0.014815
0 0.870573 0.441204 0.010937 0.021296
0 0.539062 0.476852 0.020833 0.016667
0 0.675000 0.476852 0.032292 0.018519
0 0.569271 0.476852 0.036458 0.018519
0 0.506510 0.476852 0.041146 0.022222
0 0.846094 0.440741 0.008854 0.018519
0 0.749479 0.506481 0.111458 0.025926
0 0.603906 0.477315 0.027604 0.017593
0 0.533854 0.504630 0.126042 0.025926
0 0.638281 0.477315 0.035937 0.017593
0 0.837500 0.727778 0.047917 0.024074
0 0.844271 0.472222 0.035417 0.027778
0 0.806510 0.826389 0.042188 0.025000
0 0.632292 0.727778 0.041667 0.024074
0 0.754948 0.727778 0.056771 0.024074
0 0.853125 0.826389 0.041667 0.025000
0 0.833594 0.505556 0.053646 0.025926
0 0.585677 0.727778 0.042188 0.024074
0 0.538802 0.727315 0.041146 0.025000
0 0.491927 0.727778 0.042188 0.024074
