0 0.595052 0.586574 0.108854 0.025000
0 0.571354 0.372222 0.104167 0.024074
0 0.594792 0.637500 0.109375 0.021296
0 0.571615 0.397685 0.103646 0.023148
0 0.562760 0.312037 0.086979 0.024074
0 0.570573 0.448611 0.100521 0.023148
0 0.571615 0.423611 0.102604 0.025000
0 0.590885 0.260185 0.106771 0.024074
0 0.584115 0.237037 0.126562 0.024074
0 0.622135 0.202778 0.008854 0.020370
0 0.645833 0.202778 0.011458 0.022222
0 0.637500 0.424537 0.018750 0.025000
0 0.585677 0.560648 0.127604 0.026852
0 0.594792 0.612037 0.108333 0.025926
0 0.628125 0.731944 0.041667 0.025000
0 0.581771 0.731944 0.041667 0.025000
0 0.584635 0.506944 0.129688 0.026852
0 0.584896 0.533333 0.129167 0.027778
0 0.562760 0.336111 0.086979 0.024074
0 0.585156 0.479167 0.129688 0.026852
0 0.590104 0.284722 0.106250 0.023148
