0 0.834115 0.260648 0.010937 0.021296
0 0.769792 0.814352 0.041667 0.025000
0 0.816927 0.814815 0.042188 0.024074
0 0.708333 0.603704 0.048958 0.024074
0 0.814583 0.292130 0.046875 0.026852
0 0.816667 0.318056 0.041667 0.025000
0 0.795833 0.634259 0.085417 0.025926
0 0.762240 0.603704 0.052604 0.024074
0 0.710677 0.634722 0.077604 0.025000
0 0.815885 0.603704 0.044271 0.024074
0 0.815365 0.578704 0.044271 0.025926
0 0.634375 0.294907 0.290625 0.032407
0 0.562240 0.494444 0.144271 0.024074
0 0.517708 0.637037 0.051042 0.018519
0 0.810417 0.260648 0.009375 0.019444
0 0.664615 0.347764 0.349479 0.020157
0 0.665818 0.374481 0.348437 0.025852
0 0.663609 0.550440 0.348438 0.025509
0 0.664151 0.467407 0.349479 0.030556
0 0.664062 0.399542 0.348958 0.023880
0 0.648120 0.427037 0.319271 0.025000
0 0.570312 0.519907 0.163542 0.026852
