0 0.523260 0.551843 0.097021 0.016667
0 0.515370 0.585204 0.082812 0.014815
0 0.491927 0.728241 0.042188 0.025000
0 0.806250 0.472222 0.030208 0.022222
0 0.472917 0.477315 0.023958 0.017593
0 0.539062 0.476389 0.020833 0.017593
0 0.675260 0.477315 0.032813 0.019444
0 0.870313 0.440278 0.010417 0.021296
0 0.569271 0.477315 0.036458 0.019444
0 0.506510 0.476852 0.041146 0.022222
0 0.846094 0.440741 0.008854 0.018519
0 0.749219 0.506481 0.111979 0.027778
0 0.603906 0.476852 0.027604 0.018519
0 0.638281 0.476852 0.035937 0.018519
0 0.852865 0.826389 0.041146 0.025000
0 0.844531 0.472222 0.034896 0.027778
0 0.837240 0.727778 0.048438 0.024074
0 0.701302 0.727778 0.041146 0.024074
0 0.806510 0.826389 0.042188 0.025000
0 0.754948 0.728241 0.056771 0.025000
0 0.833854 0.505556 0.054167 0.025926
0 0.632292 0.727778 0.041667 0.024074
0 0.585677 0.728241 0.042188 0.025000
0 0.538802 0.727778 0.041146 0.025926
0 0.533328 0.505556 0.125000 0.027778
0 0.517995 0.569454 0.088594 0.015741
