0 0.594792 0.587037 0.109375 0.024074
0 0.595313 0.612037 0.109375 0.025926
0 0.628906 0.732870 0.042188 0.025000
0 0.582031 0.732407 0.041146 0.025926
0 0.622135 0.203241 0.007812 0.019444
0 0.594792 0.637963 0.109375 0.018519
0 0.584010 0.533333 0.130937 0.025926
0 0.638547 0.422611 0.017708 0.024074
0 0.591380 0.286032 0.106719 0.019472
0 0.583099 0.561574 0.132760 0.025000
0 0.584479 0.236111 0.130000 0.025926
0 0.584766 0.506481 0.129427 0.024074
0 0.586016 0.480093 0.126927 0.025000
0 0.572500 0.399074 0.104688 0.022222
0 0.572604 0.423611 0.104583 0.025000
0 0.561302 0.312963 0.087813 0.022222
0 0.570339 0.450000 0.101719 0.020370
0 0.590807 0.262639 0.106615 0.019167
0 0.645922 0.202741 0.013021 0.021741
0 0.572708 0.372222 0.104896 0.024074
0 0.562214 0.336111 0.087031 0.022222
