0 0.569271 0.477315 0.036458 0.019444
0 0.491927 0.727778 0.042188 0.024074
0 0.538802 0.727315 0.041146 0.025000
0 0.585677 0.727778 0.042188 0.024074
0 0.833854 0.505556 0.053125 0.025926
0 0.852865 0.826389 0.041146 0.025000
0 0.806250 0.826852 0.041667 0.024074
0 0.754948 0.727778 0.056771 0.024074
0 0.701042 0.728241 0.040625 0.023148
0 0.632292 0.727778 0.041667 0.024074
0 0.844531 0.472222 0.034896 0.027778
0 0.837500 0.727778 0.047917 0.024074
0 0.533854 0.505093 0.126042 0.026852
0 0.638281 0.477315 0.035937 0.017593
0 0.603906 0.477315 0.027604 0.017593
0 0.749219 0.506481 0.110937 0.025926
0 0.506510 0.476852 0.041146 0.022222
0 0.846094 0.440741 0.008854 0.018519
0 0.870313 0.440741 0.010417 0.022222
0 0.539062 0.476852 0.020833 0.016667
0 0.675000 0.476852 0.032292 0.018519
0 0.472917 0.476852 0.023958 0.018519
0 0.806250 0.472685 0.030208 0.021296
0 0.530573 0.552778 0.115313 0.018519
0 0.531719 0.600000 0.113437 0.014815
0 0.531466 0.569213 0.114880 0.014815
0 0.535833 0.616667 0.121667 0.014815
0 0.530833 0.584259 0.114792 0.016667
