0 0.635078 0.425787 0.290625 0.021296
0 0.664062 0.398917 0.346875 0.025000
0 0.665885 0.550926 0.347396 0.027778
0 0.569792 0.519444 0.163542 0.024074
0 0.665365 0.374537 0.347396 0.026852
0 0.663802 0.469907 0.349479 0.025000
0 0.769792 0.814352 0.041667 0.025000
0 0.817187 0.814815 0.041667 0.024074
0 0.708073 0.603241 0.048438 0.023148
0 0.814583 0.292130 0.046875 0.025000
0 0.816667 0.318519 0.041667 0.024074
0 0.821354 0.260185 0.009375 0.020370
0 0.762240 0.603241 0.052604 0.023148
0 0.795833 0.634259 0.085417 0.024074
0 0.815885 0.604167 0.044271 0.023148
0 0.710677 0.634722 0.077604 0.023148
0 0.815365 0.579167 0.044271 0.025000
0 0.634375 0.294444 0.290625 0.027778
0 0.834115 0.260648 0.010937 0.021296
0 0.562240 0.494907 0.144271 0.021296
0 0.664583 0.348148 0.350000 0.025926
0 0.810677 0.260648 0.008854 0.019444
0 0.517708 0.637037 0.051042 0.016667
