0 0.816667 0.318056 0.041667 0.025000
0 0.795833 0.634259 0.085417 0.025926
0 0.762240 0.603704 0.052604 0.024074
0 0.710677 0.634722 0.077604 0.025000
0 0.815885 0.604167 0.044271 0.023148
0 0.815365 0.578704 0.044271 0.025926
0 0.561979 0.494444 0.144792 0.024074
0 0.834115 0.260648 0.010937 0.021296
0 0.517708 0.637037 0.051042 0.018519
0 0.810417 0.260648 0.009375 0.019444
0 0.570052 0.519907 0.163021 0.026852
0 0.664583 0.399074 0.347917 0.027778
0 0.816927 0.814815 0.042188 0.024074
0 0.649807 0.426556 0.321354 0.025000
0 0.664255 0.470565 0.349479 0.025204
0 0.666411 0.549750 0.348438 0.030093
0 0.665526 0.348338 0.349479 0.021435
0 0.634073 0.292917 0.290625 0.029907
0 0.769792 0.814352 0.041667 0.025000
0 0.663187 0.371963 0.347917 0.027778
0 0.708073 0.603704 0.048438 0.024074
0 0.814583 0.292593 0.046875 0.025926
