0 0.846094 0.440741 0.008854 0.018519
0 0.491927 0.727778 0.042188 0.024074
0 0.538542 0.727315 0.041667 0.025000
0 0.666396 0.550444 0.387062 0.018519
0 0.585677 0.727778 0.042188 0.024074
0 0.833854 0.505556 0.054167 0.025926
0 0.853125 0.826389 0.041667 0.025000
0 0.755469 0.727778 0.055729 0.024074
0 0.844531 0.472222 0.035937 0.027778
0 0.806771 0.826852 0.041667 0.024074
0 0.666797 0.569444 0.387240 0.020370
0 0.806510 0.472222 0.029687 0.020370
0 0.472135 0.477315 0.024479 0.019444
0 0.870573 0.441204 0.010937 0.021296
0 0.675000 0.476852 0.032292 0.018519
0 0.748698 0.506944 0.113021 0.025000
0 0.534115 0.504630 0.126562 0.025926
0 0.569531 0.476852 0.035937 0.018519
0 0.538802 0.477315 0.021354 0.017593
0 0.506250 0.477315 0.040625 0.019444
0 0.846354 0.730093 0.027083 0.028704
0 0.603906 0.477315 0.027604 0.017593
0 0.638021 0.477315 0.035417 0.017593
0 0.701042 0.728241 0.040625 0.023148
0 0.632292 0.727778 0.041667 0.024074
