0 0.581771 0.731944 0.041667 0.025000
0 0.645833 0.203241 0.011458 0.023148
0 0.622135 0.202315 0.008854 0.019444
0 0.637500 0.424074 0.019792 0.025926
0 0.595313 0.586574 0.109375 0.023148
0 0.584375 0.237037 0.127083 0.022222
0 0.570573 0.448611 0.100521 0.021296
0 0.571875 0.423611 0.103125 0.023148
0 0.590625 0.261574 0.107292 0.023148
0 0.571354 0.398148 0.103125 0.022222
0 0.562760 0.311574 0.086979 0.021296
0 0.584635 0.479167 0.128646 0.025000
0 0.590104 0.284722 0.107292 0.021296
0 0.571615 0.371759 0.104688 0.023148
0 0.562760 0.336111 0.086979 0.022222
0 0.585417 0.560648 0.128125 0.025000
0 0.584896 0.533796 0.128125 0.025000
0 0.584896 0.506944 0.129167 0.025000
0 0.628385 0.731944 0.042188 0.025000
0 0.595698 0.637583 0.109375 0.021296
0 0.595734 0.613241 0.108854 0.024074
