0 0.585938 0.728241 0.041667 0.025000
0 0.632552 0.728241 0.042188 0.025000
0 0.755469 0.728241 0.056771 0.025000
0 0.834375 0.506019 0.055208 0.026852
0 0.701042 0.728241 0.041667 0.025000
0 0.538802 0.728241 0.042188 0.025000
0 0.492188 0.728241 0.041667 0.025000
0 0.806510 0.826852 0.042188 0.025926
0 0.837500 0.728704 0.047917 0.024074
0 0.853125 0.827315 0.041667 0.025000
0 0.870313 0.440741 0.011458 0.022222
0 0.534896 0.505556 0.127083 0.025926
0 0.845052 0.473148 0.034896 0.027778
0 0.846354 0.441204 0.008333 0.019444
0 0.473438 0.477315 0.023958 0.017593
0 0.538604 0.477921 0.020073 0.017843
0 0.519922 0.553241 0.094010 0.017593
0 0.507354 0.478500 0.042094 0.021574
0 0.746432 0.506944 0.116510 0.026852
0 0.637987 0.476755 0.035234 0.021213
0 0.675917 0.477731 0.032896 0.017889
0 0.604818 0.477444 0.027542 0.016259
0 0.569604 0.476338 0.035906 0.015861
0 0.805385 0.474454 0.032250 0.018519
0 0.518464 0.585648 0.087969 0.015741
0 0.519974 0.568519 0.092031 0.014815
0 0.664505 0.695370 0.390781 0.018519
