0 0.347852 0.520486 0.031641 0.020139
0 0.485742 0.333333 0.024609 0.015278
0 0.613867 0.522917 0.026953 0.026389
0 0.584375 0.595833 0.032031 0.019444
0 0.379102 0.354514 0.095703 0.021528
0 0.583789 0.330556 0.023047 0.015278
0 0.334375 0.332986 0.016406 0.015972
0 0.432422 0.332292 0.021094 0.014583
0 0.478437 0.389583 0.292031 0.015278
0 0.479023 0.402986 0.292422 0.015694
0 0.614219 0.306306 0.008203 0.017361
0 0.632125 0.306708 0.008984 0.017361
0 0.540820 0.355556 0.084766 0.019444
0 0.358984 0.332986 0.031250 0.018750
0 0.457422 0.332639 0.025781 0.015278
0 0.383594 0.332639 0.015625 0.015278
0 0.418750 0.521181 0.032031 0.020139
0 0.383789 0.520833 0.032422 0.019444
0 0.620117 0.595486 0.032422 0.018750
0 0.605859 0.354167 0.040625 0.019444
0 0.453906 0.520833 0.032813 0.019444
0 0.505469 0.521181 0.032813 0.020139
0 0.546094 0.520833 0.042188 0.019444
0 0.406641 0.332986 0.026562 0.015972
0 0.613867 0.329514 0.026172 0.018750
