0 0.570508 0.565278 0.082422 0.019444
0 0.567062 0.321118 0.079203 0.016667
0 0.571680 0.603681 0.082422 0.015972
0 0.552387 0.443250 0.075000 0.017361
0 0.592301 0.278976 0.010117 0.015285
0 0.608594 0.279861 0.008594 0.019444
0 0.561914 0.544444 0.098047 0.020833
0 0.561133 0.674306 0.031641 0.018056
0 0.567187 0.338542 0.078906 0.015972
0 0.548242 0.360069 0.062109 0.017361
0 0.603125 0.443750 0.012500 0.019444
0 0.596484 0.673958 0.032031 0.018750
0 0.551172 0.461111 0.075781 0.018056
0 0.561914 0.484028 0.098828 0.020833
0 0.561914 0.505208 0.098828 0.021528
0 0.552734 0.423611 0.077344 0.018056
0 0.553711 0.404167 0.077734 0.018056
0 0.561914 0.524653 0.098828 0.021528
0 0.571289 0.583681 0.081641 0.018750
0 0.547070 0.377083 0.066016 0.018056
0 0.561914 0.301736 0.096484 0.018750
