0 0.501797 0.537046 0.114010 0.016667
0 0.501927 0.519907 0.113229 0.015741
0 0.843292 0.408130 0.010417 0.020370
0 0.542708 0.444907 0.036458 0.019444
0 0.511979 0.694907 0.041667 0.025000
0 0.464844 0.695370 0.042188 0.025926
0 0.558594 0.695833 0.042188 0.023148
0 0.605469 0.695833 0.042188 0.025000
0 0.806250 0.473148 0.054167 0.024074
0 0.674219 0.696296 0.042188 0.024074
0 0.778385 0.793981 0.040104 0.025000
0 0.809635 0.695370 0.047396 0.025926
0 0.727604 0.695370 0.056250 0.024074
0 0.821094 0.441667 0.038021 0.025926
0 0.506771 0.472222 0.127083 0.027778
0 0.825521 0.794444 0.042708 0.025926
0 0.480729 0.444907 0.039583 0.023148
0 0.819010 0.406944 0.008854 0.017593
0 0.720313 0.473611 0.113542 0.025000
0 0.445833 0.444444 0.023958 0.018519
0 0.610938 0.443519 0.036458 0.018519
0 0.779427 0.442130 0.028646 0.019444
0 0.577344 0.444444 0.027604 0.016667
0 0.647917 0.443981 0.032292 0.017593
0 0.513021 0.444444 0.017708 0.016667
