0 0.815365 0.579167 0.044271 0.025000
0 0.769792 0.814352 0.041667 0.025000
0 0.817187 0.814815 0.041667 0.024074
0 0.708073 0.603241 0.048438 0.023148
0 0.762240 0.603241 0.052604 0.023148
0 0.814844 0.292130 0.047396 0.025000
0 0.816927 0.318056 0.042188 0.023148
0 0.795833 0.634259 0.085417 0.024074
0 0.815885 0.604167 0.044271 0.023148
0 0.710677 0.634722 0.077604 0.023148
0 0.635182 0.429167 0.294323 0.024074
0 0.663844 0.399537 0.346875 0.025000
0 0.834115 0.260185 0.010937 0.020370
0 0.663542 0.469907 0.348958 0.025000
0 0.665104 0.374537 0.346875 0.026852
0 0.570833 0.519444 0.163542 0.024074
0 0.666146 0.550926 0.346875 0.027778
0 0.810417 0.260648 0.009375 0.019444
0 0.517969 0.637037 0.050521 0.016667
0 0.664583 0.348148 0.348958 0.025926
0 0.561979 0.494907 0.144792 0.021296
0 0.634896 0.294444 0.290625 0.027778
