0 0.533594 0.505093 0.125521 0.025000
0 0.519010 0.552778 0.092188 0.016667
0 0.806250 0.472222 0.030208 0.020370
0 0.845896 0.472944 0.035417 0.027778
0 0.748672 0.506944 0.112031 0.025000
0 0.473177 0.476852 0.024479 0.018519
0 0.870573 0.440741 0.010937 0.020370
0 0.675000 0.476852 0.032292 0.018519
0 0.539323 0.476852 0.021354 0.016667
0 0.569271 0.477315 0.036458 0.017593
0 0.846094 0.440741 0.008854 0.018519
0 0.506510 0.477315 0.041146 0.021296
0 0.603906 0.477315 0.027604 0.017593
0 0.638281 0.477315 0.035937 0.017593
0 0.837500 0.727778 0.047917 0.024074
0 0.701302 0.728241 0.041146 0.023148
0 0.632292 0.727778 0.041667 0.024074
0 0.806250 0.826852 0.041667 0.024074
0 0.754948 0.728241 0.056771 0.025000
0 0.853125 0.826389 0.041667 0.025000
0 0.833854 0.505556 0.054167 0.025926
0 0.585677 0.727778 0.042188 0.024074
0 0.538542 0.727315 0.041667 0.025000
0 0.491927 0.727778 0.042188 0.024074
