0 0.675000 0.476852 0.032292 0.018519
0 0.491927 0.727778 0.042188 0.024074
0 0.538802 0.727315 0.041146 0.025000
0 0.585677 0.727778 0.042188 0.024074
0 0.833854 0.505556 0.054167 0.025926
0 0.853125 0.826389 0.041667 0.025000
0 0.754948 0.728241 0.056771 0.025000
0 0.632292 0.727778 0.041667 0.024074
0 0.701042 0.728241 0.040625 0.023148
0 0.844271 0.472222 0.035417 0.027778
0 0.806510 0.826389 0.042188 0.025000
0 0.837500 0.727778 0.047917 0.024074
0 0.638281 0.477315 0.035937 0.017593
0 0.603906 0.477315 0.027604 0.017593
0 0.534115 0.504630 0.125521 0.025926
0 0.506510 0.476852 0.041146 0.022222
0 0.846094 0.440741 0.008854 0.018519
0 0.749479 0.506481 0.111458 0.025926
0 0.569271 0.476852 0.036458 0.018519
0 0.539062 0.476852 0.020833 0.016667
0 0.870573 0.440278 0.010937 0.021296
0 0.472656 0.477315 0.024479 0.017593
0 0.805990 0.472685 0.030729 0.021296
0 0.526328 0.568870 0.105781 0.013889
0 0.526510 0.552315 0.105625 0.015741
