0 0.558594 0.695833 0.042188 0.023148
0 0.492349 0.523130 0.091667 0.017593
0 0.506771 0.472565 0.127083 0.026852
0 0.778125 0.794444 0.041667 0.024074
0 0.605469 0.695833 0.042188 0.025000
0 0.511719 0.695370 0.042188 0.024074
0 0.806510 0.472685 0.053646 0.023148
0 0.674219 0.696296 0.042188 0.024074
0 0.464844 0.695370 0.042188 0.025926
0 0.727344 0.695370 0.055729 0.024074
0 0.825521 0.793981 0.042708 0.025000
0 0.821875 0.441667 0.039583 0.025926
0 0.809635 0.695370 0.047396 0.025926
0 0.819010 0.407407 0.008854 0.018519
0 0.480729 0.444907 0.039583 0.021296
0 0.841927 0.407870 0.010937 0.021296
0 0.720833 0.474074 0.110417 0.024074
0 0.445573 0.444444 0.024479 0.018519
0 0.611198 0.443981 0.035937 0.017593
0 0.577344 0.444444 0.027604 0.016667
0 0.779427 0.441667 0.028646 0.018519
0 0.647917 0.444444 0.032292 0.016667
0 0.542708 0.444907 0.036458 0.019444
0 0.513021 0.444444 0.017708 0.016667
