0 0.354982 0.365981 0.033578 0.017593
0 0.223438 0.365741 0.040104 0.023148
0 0.522656 0.716204 0.041146 0.025000
0 0.565104 0.363426 0.041667 0.025000
0 0.550521 0.394907 0.053125 0.025000
0 0.553646 0.617593 0.047917 0.025926
0 0.188802 0.367130 0.024479 0.021296
0 0.585156 0.330093 0.010937 0.023148
0 0.464323 0.395833 0.111979 0.025000
0 0.417969 0.618519 0.042188 0.024074
0 0.208333 0.617593 0.041667 0.025926
0 0.348958 0.617593 0.040625 0.024074
0 0.471094 0.618056 0.055729 0.025000
0 0.302083 0.618056 0.041667 0.023148
0 0.569531 0.716667 0.043229 0.025926
0 0.523698 0.363889 0.029687 0.018519
0 0.392253 0.366898 0.033516 0.018889
0 0.286081 0.367231 0.033891 0.017759
0 0.255729 0.617130 0.041667 0.025000
0 0.253802 0.395833 0.135729 0.026852
0 0.248203 0.442130 0.119323 0.017593
0 0.320865 0.366213 0.027604 0.016667
0 0.256880 0.366806 0.020406 0.017593
