0 0.720313 0.284259 0.041667 0.024074
0 0.589063 0.285185 0.211458 0.027778
0 0.738021 0.170833 0.011458 0.021296
0 0.674219 0.893056 0.041146 0.025000
0 0.720833 0.893056 0.041667 0.025000
0 0.714323 0.169907 0.009896 0.019444
0 0.606510 0.852778 0.272396 0.042593
0 0.605938 0.749074 0.252708 0.025926
0 0.604479 0.776389 0.255625 0.025000
0 0.612656 0.226852 0.259062 0.024074
0 0.521031 0.805056 0.085646 0.022222
0 0.518698 0.693981 0.062396 0.013889
0 0.506068 0.262037 0.063177 0.014815
0 0.515885 0.204167 0.083854 0.015741
