0 0.596250 0.425000 0.211667 0.024074
0 0.665651 0.470833 0.348490 0.017593
0 0.571596 0.521079 0.161786 0.026380
0 0.666818 0.347694 0.349281 0.021278
0 0.519974 0.637963 0.055573 0.018519
0 0.664740 0.550926 0.349687 0.027778
0 0.635000 0.293519 0.290417 0.025926
0 0.665573 0.400926 0.349062 0.025926
0 0.666089 0.373657 0.350219 0.026389
0 0.563307 0.493981 0.144219 0.023148
0 0.814583 0.293056 0.046875 0.025000
0 0.707812 0.604167 0.048958 0.023148
0 0.815625 0.579630 0.044792 0.024074
0 0.762500 0.604167 0.052083 0.023148
0 0.711458 0.635185 0.077083 0.024074
0 0.816927 0.319444 0.042188 0.024074
0 0.815365 0.604167 0.045312 0.023148
0 0.796354 0.634722 0.084375 0.025000
0 0.817187 0.815278 0.041667 0.025000
0 0.770312 0.814815 0.041667 0.025926
0 0.834635 0.261574 0.011979 0.021296
0 0.810677 0.261574 0.013021 0.021296
