0 0.417969 0.618519 0.042188 0.024074
0 0.302344 0.618056 0.042188 0.023148
0 0.471094 0.618056 0.055729 0.025000
0 0.208333 0.617593 0.041667 0.025926
0 0.348958 0.617593 0.040625 0.024074
0 0.553646 0.617593 0.047917 0.025926
0 0.550521 0.395370 0.053125 0.024074
0 0.522656 0.716204 0.041146 0.026852
0 0.569271 0.716667 0.042708 0.025926
0 0.565104 0.363889 0.041667 0.025926
0 0.464323 0.396296 0.111979 0.025926
0 0.249479 0.396296 0.127083 0.027778
0 0.523698 0.363889 0.029687 0.018519
0 0.188802 0.367130 0.024479 0.021296
0 0.236102 0.458750 0.091651 0.015741
0 0.320734 0.366894 0.026781 0.016194
0 0.391969 0.366204 0.033250 0.017593
0 0.354971 0.366667 0.034120 0.018519
0 0.237630 0.442102 0.094427 0.017593
0 0.588057 0.331500 0.010417 0.022222
0 0.286797 0.367093 0.033385 0.018519
0 0.562159 0.330042 0.018099 0.024713
0 0.256167 0.367477 0.018135 0.013417
0 0.223833 0.366398 0.041354 0.017537
0 0.255729 0.617593 0.041667 0.025926
