0 0.571094 0.519444 0.163021 0.024074
0 0.834115 0.260648 0.010937 0.021296
0 0.517448 0.637500 0.051562 0.017593
0 0.664323 0.348148 0.349479 0.025926
0 0.810677 0.260648 0.008854 0.019444
0 0.666146 0.550926 0.346875 0.027778
0 0.665365 0.374537 0.347396 0.026852
0 0.663021 0.469444 0.346875 0.024074
0 0.663802 0.399537 0.347396 0.025000
0 0.635573 0.424537 0.293021 0.021296
0 0.562240 0.494444 0.145313 0.022222
0 0.815365 0.579167 0.044271 0.025000
0 0.710677 0.634259 0.077604 0.024074
0 0.815885 0.604167 0.044271 0.023148
0 0.795833 0.634259 0.085417 0.024074
0 0.762240 0.603241 0.052604 0.023148
0 0.816667 0.318519 0.041667 0.024074
0 0.814583 0.292130 0.046875 0.025000
0 0.817187 0.814815 0.041667 0.024074
0 0.708073 0.603241 0.048438 0.023148
0 0.769792 0.814352 0.041667 0.025000
0 0.634635 0.294907 0.290104 0.028704
