0 0.834115 0.506481 0.055729 0.025926
0 0.585938 0.728241 0.041667 0.025000
0 0.755208 0.728241 0.056250 0.025000
0 0.806510 0.826852 0.042188 0.025926
0 0.632812 0.727778 0.041667 0.025926
0 0.701042 0.728241 0.041667 0.025000
0 0.538802 0.728241 0.042188 0.025000
0 0.492188 0.728241 0.041667 0.025000
0 0.853125 0.827315 0.042708 0.025000
0 0.837760 0.728241 0.048438 0.025000
0 0.534896 0.505093 0.127083 0.026852
0 0.870573 0.441204 0.010937 0.019444
0 0.845052 0.473148 0.035937 0.025926
0 0.846354 0.440741 0.008333 0.018519
0 0.507292 0.478102 0.041667 0.023426
0 0.639203 0.477926 0.036958 0.019648
0 0.604487 0.478236 0.030401 0.020269
0 0.569456 0.477454 0.035609 0.019259
0 0.539201 0.476991 0.019224 0.017889
0 0.471341 0.477134 0.024255 0.019269
0 0.805073 0.473662 0.027781 0.020250
0 0.747919 0.507944 0.115703 0.027000
0 0.675385 0.477620 0.032990 0.017815
0 0.518672 0.553241 0.086302 0.017593
0 0.666823 0.695833 0.388854 0.017593
