0 0.814583 0.292593 0.046875 0.025926
0 0.817187 0.814815 0.041667 0.024074
0 0.769792 0.814352 0.041667 0.025000
0 0.663802 0.401407 0.348438 0.026852
0 0.636563 0.430454 0.295677 0.025000
0 0.663281 0.468981 0.347396 0.026852
0 0.665104 0.374537 0.347917 0.028704
0 0.665625 0.550463 0.347917 0.030556
0 0.569792 0.519444 0.163542 0.025926
0 0.810417 0.260648 0.009375 0.019444
0 0.664583 0.348148 0.350000 0.029630
0 0.834115 0.260648 0.010937 0.021296
0 0.517448 0.637037 0.051562 0.018519
0 0.634375 0.294907 0.290625 0.030556
0 0.562240 0.494444 0.145313 0.022222
0 0.815365 0.579167 0.044271 0.025000
0 0.815885 0.604167 0.044271 0.023148
0 0.710677 0.634722 0.077604 0.025000
0 0.762240 0.603704 0.052604 0.024074
0 0.795833 0.634259 0.085417 0.024074
0 0.816667 0.318519 0.041667 0.024074
0 0.708073 0.603704 0.048438 0.024074
