0 0.507786 0.261574 0.066615 0.015741
0 0.521083 0.804019 0.087312 0.023148
0 0.611953 0.227315 0.260469 0.025000
0 0.605677 0.749074 0.253229 0.025926
0 0.603776 0.776389 0.258073 0.025000
0 0.517057 0.204167 0.086198 0.015741
0 0.520078 0.693981 0.065156 0.013889
0 0.720313 0.284259 0.041667 0.024074
0 0.589063 0.285185 0.211458 0.027778
0 0.738021 0.170833 0.011458 0.021296
0 0.674219 0.893056 0.041146 0.025000
0 0.720833 0.893056 0.041667 0.025000
0 0.714323 0.169907 0.009896 0.019444
0 0.606250 0.852778 0.271875 0.042593
