0 0.070312 0.804630 0.140625 0.027778
0 0.815365 0.579167 0.045312 0.025000
0 0.070312 0.830093 0.140625 0.026852
0 0.815104 0.293056 0.046875 0.025000
0 0.016406 0.082870 0.026562 0.060185
0 0.098698 0.273611 0.013021 0.025000
0 0.707812 0.604630 0.048958 0.024074
0 0.065104 0.083333 0.022917 0.059259
0 0.062500 0.636111 0.015625 0.025926
0 0.044531 0.726852 0.015104 0.020370
0 0.080469 0.727315 0.014063 0.023148
0 0.088542 0.082407 0.023958 0.059259
0 0.762500 0.604630 0.052083 0.024074
0 0.512500 0.976852 0.016667 0.024074
0 0.847135 0.199074 0.035937 0.027778
0 0.973698 0.032870 0.051562 0.026852
0 0.116927 0.274074 0.014063 0.022222
0 0.558594 0.977315 0.018229 0.025000
0 0.080469 0.272685 0.015104 0.025000
0 0.098437 0.247685 0.012500 0.023148
0 0.080729 0.635648 0.014583 0.025000
0 0.080729 0.299074 0.014583 0.024074
0 0.080469 0.325926 0.015104 0.025926
0 0.099479 0.300000 0.013542 0.024074
0 0.118490 0.300463 0.017188 0.025000
0 0.062500 0.272222 0.014583 0.024074
0 0.044010 0.636574 0.015104 0.025000
0 0.815625 0.604630 0.045833 0.024074
0 0.044010 0.273148 0.015104 0.024074
0 0.062240 0.610648 0.015104 0.021296
0 0.044271 0.325463 0.013542 0.023148
0 0.099219 0.701389 0.014063 0.023148
0 0.062240 0.325463 0.013021 0.025000
0 0.041146 0.083796 0.021875 0.060185
0 0.044531 0.298611 0.014063 0.025000
0 0.098698 0.325463 0.013021 0.025000
0 0.694792 0.088426 0.017708 0.023148
0 0.025521 0.636111 0.016667 0.024074
0 0.490104 0.976852 0.017708 0.022222
0 0.816667 0.318981 0.042708 0.025000
0 0.025781 0.325000 0.015104 0.022222
0 0.044010 0.701389 0.014063 0.025000
0 0.080469 0.610185 0.015104 0.022222
0 0.044010 0.662500 0.014063 0.028704
0 0.712240 0.088889 0.013021 0.022222
0 0.535417 0.977315 0.016667 0.025000
0 0.063281 0.700926 0.017188 0.024074
0 0.043750 0.247222 0.013542 0.022222
0 0.044271 0.352778 0.015625 0.025926
0 0.080729 0.246759 0.013542 0.023148
0 0.117188 0.247685 0.013542 0.025000
0 0.062500 0.299074 0.013542 0.024074
0 0.603906 0.979630 0.020313 0.031481
0 0.044010 0.610648 0.015104 0.023148
0 0.580990 0.978704 0.018229 0.029630
0 0.983073 0.081481 0.025521 0.062963
0 0.043750 0.584259 0.015625 0.022222
0 0.747396 0.089352 0.013542 0.021296
0 0.026302 0.272685 0.015104 0.025000
0 0.080990 0.700463 0.013021 0.023148
0 0.062500 0.662500 0.015625 0.028704
0 0.008594 0.221759 0.014063 0.025000
0 0.007812 0.325463 0.015625 0.023148
0 0.117969 0.325926 0.018229 0.024074
0 0.062500 0.221759 0.013542 0.021296
0 0.025521 0.299537 0.013542 0.025000
0 0.117188 0.701389 0.013542 0.023148
0 0.396875 0.976389 0.116667 0.034259
0 0.676823 0.087963 0.011979 0.022222
0 0.917708 0.200000 0.036458 0.024074
0 0.650521 0.981481 0.016667 0.029630
0 0.730208 0.088889 0.014583 0.022222
0 0.025781 0.662500 0.014063 0.028704
0 0.627344 0.980093 0.015104 0.026852
0 0.008073 0.663426 0.016146 0.028704
0 0.080729 0.221296 0.012500 0.022222
0 0.207813 0.146759 0.013542 0.021296
0 0.466406 0.977778 0.017188 0.024074
0 0.061719 0.583796 0.015104 0.021296
0 0.007812 0.610185 0.015625 0.020370
0 0.025521 0.352315 0.014583 0.025000
0 0.918490 0.062963 0.035937 0.024074
0 0.227083 0.147222 0.017708 0.022222
0 0.044010 0.222222 0.013021 0.022222
0 0.659115 0.088889 0.013021 0.020370
0 0.672917 0.981481 0.016667 0.029630
0 0.026302 0.700926 0.014063 0.025926
0 0.796094 0.634722 0.084896 0.025000
0 0.008073 0.700926 0.016146 0.025926
0 0.710938 0.634722 0.077083 0.025000
0 0.063281 0.727315 0.015104 0.019444
0 0.116927 0.222222 0.011979 0.022222
0 0.008333 0.727778 0.016667 0.020370
0 0.008073 0.352315 0.014063 0.023148
0 0.967708 0.145833 0.019792 0.023148
0 0.099219 0.221296 0.013021 0.022222
0 0.172396 0.146296 0.017708 0.024074
0 0.025781 0.584259 0.017188 0.024074
0 0.007812 0.297685 0.015625 0.026852
0 0.008333 0.272685 0.014583 0.023148
0 0.441927 0.063889 0.015104 0.022222
0 0.817187 0.815278 0.041667 0.025000
0 0.190365 0.146759 0.014063 0.023148
0 0.881510 0.199537 0.032813 0.028704
0 0.008073 0.584259 0.016146 0.024074
0 0.098958 0.609722 0.015625 0.023148
0 0.110937 0.089815 0.016667 0.027778
0 0.909635 0.034259 0.013021 0.024074
0 0.152083 0.146296 0.018750 0.024074
0 0.026562 0.727315 0.015625 0.019444
0 0.327083 0.978241 0.020833 0.025000
0 0.894271 0.034259 0.014583 0.022222
0 0.641406 0.090278 0.014063 0.023148
0 0.770312 0.814815 0.041667 0.024074
0 0.098958 0.635648 0.015625 0.025000
0 0.080208 0.194907 0.012500 0.023148
0 0.008594 0.636111 0.014063 0.024074
0 0.117188 0.585185 0.015625 0.020370
0 0.116667 0.636574 0.014583 0.023148
0 0.946354 0.146759 0.012500 0.023148
0 0.988542 0.145370 0.018750 0.022222
0 0.116406 0.610185 0.015104 0.022222
0 0.008333 0.194907 0.016667 0.025000
0 0.025521 0.222222 0.014583 0.024074
0 0.643750 0.063889 0.019792 0.022222
0 0.062500 0.195370 0.013542 0.024074
0 0.080208 0.584259 0.015625 0.020370
0 0.964844 0.172685 0.009896 0.015741
0 0.880208 0.978241 0.013542 0.021296
0 0.098698 0.584722 0.016146 0.021296
0 0.025781 0.609722 0.017188 0.019444
0 0.819531 0.173611 0.010937 0.019444
0 0.070312 0.905093 0.140625 0.026852
0 0.105990 0.756481 0.009896 0.016667
0 0.994792 0.171759 0.009375 0.017593
0 0.116667 0.194907 0.010417 0.021296
0 0.134896 0.756944 0.007292 0.015741
0 0.132812 0.145833 0.014583 0.021296
0 0.115104 0.561574 0.009375 0.017593
0 0.115365 0.146759 0.016146 0.023148
0 0.863281 0.978241 0.015104 0.021296
0 0.846615 0.978241 0.014063 0.021296
0 0.115104 0.756481 0.006250 0.014815
0 0.080469 0.662037 0.014063 0.027778
0 0.835417 0.261111 0.011458 0.022222
0 0.115885 0.172222 0.009896 0.018519
0 0.984375 0.171296 0.009375 0.016667
0 0.097135 0.145833 0.017188 0.023148
0 0.025781 0.145370 0.050521 0.027778
0 0.974479 0.172222 0.008333 0.014815
0 0.069792 0.857870 0.139583 0.026852
0 0.125000 0.756481 0.007292 0.014815
0 0.135156 0.560185 0.007812 0.014815
0 0.124740 0.561111 0.007812 0.016667
0 0.197396 0.174074 0.007292 0.016667
0 0.134896 0.172222 0.009375 0.018519
0 0.771875 0.067130 0.016667 0.023148
0 0.199219 0.212500 0.099479 0.019444
0 0.899219 0.977778 0.020313 0.022222
0 0.124740 0.172685 0.007812 0.017593
0 0.939063 0.007870 0.010417 0.015741
0 0.237240 0.032870 0.017188 0.019444
0 0.008333 0.033333 0.014583 0.020370
0 0.079687 0.145833 0.013542 0.023148
0 0.007812 0.146759 0.012500 0.021296
0 0.009635 0.905556 0.010937 0.016667
0 0.043438 0.194926 0.014479 0.025926
0 0.060964 0.146093 0.019271 0.019444
0 0.070755 0.926505 0.141510 0.013843
0 0.608854 0.076296 0.034375 0.054444
0 0.811365 0.262213 0.011979 0.024074
0 0.026911 0.032519 0.015104 0.020370
0 0.838359 0.064398 0.015990 0.021389
0 0.667112 0.348329 0.348589 0.024083
0 0.929396 0.092269 0.017188 0.026852
0 0.167396 0.173611 0.047292 0.017593
0 0.772276 0.091333 0.015490 0.020481
0 0.788615 0.066398 0.015104 0.022222
0 0.911047 0.089546 0.017708 0.025000
0 0.517406 0.636366 0.051979 0.017046
0 0.665234 0.550926 0.348698 0.027778
0 0.963453 0.008273 0.009375 0.016546
0 0.913828 0.918056 0.172344 0.023148
0 0.047029 0.033250 0.016630 0.018519
0 0.027513 0.196722 0.016693 0.025000
0 0.595859 0.425463 0.213490 0.023148
0 0.181854 0.863241 0.048021 0.074444
0 0.633672 0.296065 0.293073 0.022685
0 0.355909 0.089000 0.144849 0.026815
0 0.272870 0.089398 0.020531 0.025926
0 0.562422 0.493981 0.145990 0.023148
0 0.112307 0.063444 0.018750 0.020370
0 0.954167 0.081620 0.021875 0.059537
0 0.189497 0.088417 0.135380 0.025944
0 0.100365 0.198213 0.019271 0.024074
0 0.822099 0.064648 0.014063 0.023370
0 0.988021 0.009495 0.012500 0.018991
0 0.510156 0.088889 0.152604 0.024074
0 0.272161 0.064352 0.020365 0.023148
0 0.933099 0.034259 0.021406 0.024074
0 0.730654 0.063981 0.033068 0.023889
0 0.008891 0.248769 0.017365 0.024074
0 0.883766 0.079833 0.023958 0.050926
0 0.517625 0.063102 0.132667 0.025648
0 0.027615 0.246796 0.015625 0.023148
0 0.064563 0.249139 0.016417 0.022222
0 0.859167 0.078241 0.024375 0.045370
0 0.189372 0.064472 0.134380 0.022463
0 0.684286 0.062981 0.060594 0.022815
0 0.354813 0.062454 0.145167 0.025833
0 0.975518 0.975861 0.035880 0.032778
0 0.945180 0.977190 0.011839 0.026139
0 0.932906 0.976306 0.012458 0.021704
0 0.919513 0.975417 0.011339 0.024370
0 0.570990 0.519926 0.160948 0.022296
0 0.665435 0.470366 0.348589 0.024083
0 0.664935 0.398745 0.348589 0.024083
0 0.665513 0.371644 0.348589 0.024083
0 0.820531 0.088796 0.012385 0.021593
0 0.805740 0.089384 0.013281 0.025954
0 0.805427 0.063491 0.013625 0.024833
0 0.788750 0.089787 0.014479 0.020167
0 0.214039 0.033435 0.021349 0.022241
0 0.186432 0.032398 0.027854 0.022537
0 0.162164 0.033287 0.016682 0.022537
0 0.140648 0.033880 0.018349 0.018981
0 0.120469 0.032843 0.016010 0.021648
0 0.097987 0.033519 0.023151 0.017796
0 0.071536 0.033704 0.022104 0.019648
