0 0.042448 0.728241 0.018229 0.021296
0 0.939323 0.008333 0.010937 0.016667
0 0.870573 0.338889 0.067187 0.016667
0 0.079427 0.145833 0.014063 0.025000
0 0.134635 0.860185 0.011979 0.027778
0 0.008073 0.034259 0.014063 0.022222
0 0.197396 0.173611 0.007292 0.017593
0 0.994531 0.171296 0.009896 0.018519
0 0.880208 0.977315 0.014583 0.026852
0 0.227083 0.146296 0.018750 0.024074
0 0.080208 0.194907 0.012500 0.023148
0 0.026042 0.727315 0.015625 0.021296
0 0.025521 0.221759 0.015625 0.025000
0 0.116406 0.609722 0.015104 0.023148
0 0.117188 0.701389 0.014583 0.023148
0 0.917448 0.200000 0.036979 0.025926
0 0.080469 0.221296 0.013021 0.022222
0 0.894271 0.034722 0.014583 0.023148
0 0.967448 0.145370 0.020313 0.024074
0 0.466146 0.978241 0.017708 0.025000
0 0.672917 0.981481 0.016667 0.029630
0 0.044010 0.222685 0.013021 0.023148
0 0.025521 0.584259 0.017708 0.024074
0 0.025260 0.351852 0.015104 0.025926
0 0.396615 0.975926 0.117188 0.035185
0 0.008333 0.352315 0.014583 0.023148
0 0.110937 0.089815 0.016667 0.027778
0 0.061719 0.584259 0.015104 0.022222
0 0.627344 0.981019 0.017188 0.028704
0 0.881250 0.199537 0.032292 0.028704
0 0.988802 0.145370 0.019271 0.022222
0 0.008333 0.727778 0.016667 0.020370
0 0.146875 0.193519 0.012500 0.022222
0 0.117188 0.584722 0.015625 0.021296
0 0.172135 0.146296 0.018229 0.025926
0 0.007812 0.610185 0.015625 0.022222
0 0.008333 0.700463 0.016667 0.026852
0 0.650260 0.981481 0.017188 0.029630
0 0.190365 0.146296 0.015104 0.025926
0 0.062500 0.662500 0.015625 0.028704
0 0.327083 0.978241 0.020833 0.025000
0 0.008073 0.273148 0.015104 0.024074
0 0.116667 0.636574 0.015625 0.025000
0 0.098958 0.609722 0.015625 0.025000
0 0.099219 0.221296 0.014063 0.022222
0 0.098958 0.636111 0.014583 0.025926
0 0.008333 0.194907 0.016667 0.025000
0 0.008073 0.298148 0.016146 0.027778
0 0.152083 0.145833 0.018750 0.025000
0 0.026302 0.700926 0.015104 0.027778
0 0.207552 0.145833 0.015104 0.025000
0 0.062760 0.726852 0.016146 0.022222
0 0.008594 0.635648 0.014063 0.025000
0 0.007812 0.584722 0.015625 0.025000
0 0.594792 0.586574 0.109375 0.025000
0 0.070573 0.804630 0.141146 0.027778
0 0.070312 0.830556 0.140625 0.027778
0 0.595313 0.612037 0.109375 0.025926
0 0.016406 0.082407 0.026562 0.061111
0 0.098698 0.273611 0.013021 0.025000
0 0.065104 0.083333 0.022917 0.059259
0 0.116927 0.274074 0.014063 0.022222
0 0.088542 0.082870 0.023958 0.060185
0 0.080469 0.272685 0.015104 0.025000
0 0.062240 0.636111 0.016146 0.025926
0 0.062500 0.272685 0.014583 0.025000
0 0.118229 0.300463 0.017708 0.025000
0 0.098437 0.247685 0.012500 0.025000
0 0.040885 0.083796 0.022396 0.060185
0 0.080469 0.635648 0.015104 0.025000
0 0.044010 0.325463 0.014063 0.023148
0 0.099479 0.299537 0.013542 0.025000
0 0.044010 0.273148 0.015104 0.024074
0 0.080729 0.299074 0.014583 0.024074
0 0.964844 0.172685 0.009896 0.017593
0 0.044271 0.298611 0.014583 0.025000
0 0.044010 0.636111 0.015104 0.025926
0 0.062240 0.610648 0.015104 0.021296
0 0.846615 0.199537 0.035937 0.028704
0 0.628906 0.732407 0.042188 0.025926
0 0.973437 0.033333 0.051042 0.027778
0 0.512500 0.977315 0.017708 0.025000
0 0.025521 0.325463 0.015625 0.023148
0 0.582031 0.732870 0.041146 0.025000
0 0.982812 0.081944 0.026042 0.065741
0 0.883594 0.081481 0.024479 0.053704
0 0.025260 0.636111 0.017188 0.024074
0 0.044010 0.247685 0.014063 0.023148
0 0.580729 0.979167 0.018750 0.030556
0 0.117448 0.248148 0.014063 0.025926
0 0.603906 0.979630 0.020313 0.031481
0 0.909896 0.034259 0.013542 0.025926
0 0.080469 0.325926 0.015104 0.025926
0 0.080729 0.247222 0.014583 0.024074
0 0.712240 0.088426 0.015104 0.023148
0 0.080469 0.610185 0.015104 0.022222
0 0.062240 0.325463 0.013021 0.025000
0 0.008594 0.221759 0.014063 0.025000
0 0.558594 0.977778 0.019271 0.027778
0 0.489844 0.976852 0.018229 0.024074
0 0.946354 0.146759 0.013542 0.023148
0 0.063281 0.700463 0.017188 0.025000
0 0.694792 0.088426 0.017708 0.023148
0 0.441667 0.064352 0.015625 0.023148
0 0.044010 0.610648 0.015104 0.023148
0 0.062500 0.299074 0.013542 0.024074
0 0.747396 0.088889 0.014583 0.022222
0 0.080469 0.727315 0.014063 0.023148
0 0.043750 0.584259 0.015625 0.022222
0 0.044010 0.662500 0.014063 0.028704
0 0.729948 0.088426 0.016146 0.023148
0 0.099219 0.701389 0.015104 0.023148
0 0.025781 0.299537 0.014063 0.025000
0 0.044010 0.700926 0.015104 0.025926
0 0.025781 0.662963 0.014063 0.029630
0 0.080729 0.700926 0.013542 0.024074
0 0.118229 0.326389 0.017708 0.023148
0 0.026042 0.273148 0.015625 0.025926
0 0.098698 0.325463 0.013021 0.025000
0 0.535156 0.977315 0.018229 0.025000
0 0.189062 0.087963 0.137500 0.025926
0 0.044271 0.727315 0.015625 0.021296
0 0.007812 0.325000 0.015625 0.024074
0 0.062500 0.221759 0.013542 0.023148
0 0.044271 0.352778 0.015625 0.025926
0 0.008073 0.663426 0.016146 0.030556
0 0.099740 0.194444 0.019271 0.024074
0 0.899479 0.976389 0.021875 0.026852
0 0.124740 0.172685 0.007812 0.017593
0 0.134896 0.172222 0.009375 0.020370
0 0.135156 0.560648 0.007812 0.015741
0 0.124479 0.561111 0.007292 0.016667
0 0.236719 0.033333 0.018229 0.022222
0 0.124740 0.756481 0.007812 0.016667
0 0.025781 0.145370 0.050521 0.027778
0 0.974479 0.172222 0.008333 0.016667
0 0.070052 0.857870 0.140104 0.026852
0 0.115365 0.756481 0.006771 0.016667
0 0.641667 0.089815 0.014583 0.022222
0 0.097135 0.145833 0.017188 0.025000
0 0.115625 0.172222 0.010417 0.020370
0 0.984375 0.170833 0.009375 0.017593
0 0.080469 0.662037 0.014063 0.027778
0 0.133073 0.146296 0.015104 0.022222
0 0.025781 0.609259 0.018229 0.020370
0 0.105729 0.757407 0.010417 0.018519
0 0.115104 0.561111 0.009375 0.018519
0 0.134896 0.756944 0.007292 0.017593
0 0.115365 0.146296 0.016146 0.024074
0 0.819271 0.173611 0.011458 0.019444
0 0.863281 0.977315 0.016146 0.026852
0 0.098958 0.585185 0.016667 0.022222
0 0.116406 0.194907 0.010937 0.023148
0 0.846615 0.977778 0.015104 0.025926
0 0.080208 0.584722 0.015625 0.021296
0 0.659115 0.088426 0.014063 0.021296
0 0.062500 0.195370 0.013542 0.024074
0 0.676562 0.087963 0.013542 0.022222
0 0.214161 0.032269 0.024719 0.023907
0 0.140352 0.033940 0.022557 0.018509
0 0.160810 0.031755 0.017203 0.022361
0 0.185826 0.032653 0.028193 0.022102
0 0.772318 0.065426 0.013437 0.019815
0 0.773161 0.089903 0.015604 0.022287
0 0.789552 0.066069 0.014646 0.021750
0 0.789102 0.089259 0.016391 0.021426
0 0.806607 0.066014 0.014161 0.021861
0 0.805945 0.089421 0.015245 0.023028
0 0.822063 0.065102 0.012292 0.021741
0 0.822065 0.089153 0.013620 0.025065
0 0.836948 0.063657 0.014708 0.020352
0 0.914258 0.285162 0.170589 0.015713
0 0.914333 0.303468 0.170448 0.016880
0 0.919628 0.976477 0.013068 0.027824
0 0.932214 0.976981 0.009844 0.028833
0 0.944958 0.977269 0.013396 0.023667
0 0.975333 0.978056 0.036542 0.030981
0 0.637464 0.422829 0.017927 0.028028
0 0.119820 0.033556 0.017349 0.018759
0 0.097341 0.033296 0.023568 0.019278
0 0.070664 0.033681 0.023714 0.018509
0 0.069896 0.925556 0.139792 0.015556
0 0.847474 0.320833 0.035573 0.017593
0 0.061362 0.146759 0.016547 0.021296
0 0.572214 0.424074 0.102760 0.024074
0 0.646729 0.204861 0.013906 0.023611
0 0.608854 0.075694 0.034375 0.055093
0 0.191901 0.213889 0.075469 0.016667
0 0.595266 0.638574 0.108854 0.020370
0 0.913766 0.918296 0.170990 0.021111
0 0.572135 0.372222 0.105729 0.024074
0 0.026995 0.033037 0.015104 0.020370
0 0.167214 0.172685 0.046927 0.019444
0 0.571448 0.400056 0.101146 0.022222
0 0.928464 0.091519 0.017188 0.028704
0 0.355945 0.088667 0.144672 0.026185
0 0.908927 0.091083 0.017708 0.026852
0 0.962812 0.009028 0.009896 0.018056
0 0.621646 0.203361 0.011979 0.024074
0 0.070312 0.906250 0.140625 0.024537
0 0.046505 0.033259 0.017198 0.018519
0 0.027237 0.196213 0.017703 0.025000
0 0.913406 0.269583 0.168479 0.017315
0 0.563437 0.337037 0.084583 0.022222
0 0.979615 0.226954 0.036708 0.021296
0 0.913672 0.250000 0.168490 0.022222
0 0.043857 0.194991 0.014786 0.025926
0 0.182484 0.861194 0.048750 0.077407
0 0.591042 0.286111 0.105417 0.022222
0 0.564036 0.312500 0.083385 0.023148
0 0.919312 0.063426 0.036458 0.025000
0 0.569844 0.450000 0.103750 0.022222
0 0.643490 0.064259 0.019271 0.023704
0 0.730729 0.063426 0.034375 0.025000
0 0.117302 0.222093 0.013021 0.023148
0 0.511120 0.088889 0.154531 0.024074
0 0.354974 0.062736 0.144219 0.025657
0 0.858130 0.079167 0.025156 0.047222
0 0.112016 0.062046 0.019271 0.021296
0 0.272708 0.089815 0.020417 0.024074
0 0.517370 0.063333 0.135781 0.025185
0 0.189161 0.064218 0.134281 0.023806
0 0.988344 0.008921 0.013542 0.017843
0 0.589453 0.261574 0.108594 0.021296
0 0.063724 0.248009 0.017031 0.025648
0 0.683727 0.063657 0.059526 0.024537
0 0.026937 0.247481 0.016146 0.024074
0 0.009479 0.247731 0.016875 0.025093
0 0.954427 0.078519 0.022396 0.055185
0 0.933047 0.033796 0.022344 0.025000
0 0.272760 0.064352 0.020521 0.025000
0 0.584661 0.479630 0.129635 0.025926
0 0.584635 0.236111 0.129688 0.025926
0 0.584115 0.506019 0.128646 0.025000
0 0.583594 0.533333 0.131771 0.025926
0 0.583307 0.561574 0.132344 0.025000
