0 0.070312 0.804630 0.140625 0.027778
0 0.070312 0.830556 0.140625 0.027778
0 0.815104 0.293519 0.046875 0.024074
0 0.016406 0.082870 0.026562 0.060185
0 0.098698 0.273611 0.013021 0.025000
0 0.707812 0.604630 0.048958 0.024074
0 0.762500 0.604630 0.052083 0.024074
0 0.062500 0.636111 0.015625 0.025926
0 0.065104 0.083333 0.022917 0.059259
0 0.523698 0.976852 0.017188 0.024074
0 0.570312 0.977778 0.017708 0.025926
0 0.088542 0.082870 0.023958 0.060185
0 0.080469 0.272685 0.015104 0.025000
0 0.116927 0.274074 0.014063 0.022222
0 0.044531 0.726852 0.015104 0.020370
0 0.098437 0.247685 0.012500 0.023148
0 0.080469 0.727315 0.014063 0.023148
0 0.847135 0.199537 0.035937 0.028704
0 0.062500 0.272222 0.014583 0.024074
0 0.080729 0.635648 0.014583 0.025000
0 0.080729 0.299074 0.014583 0.024074
0 0.118490 0.300463 0.017188 0.025000
0 0.973698 0.032870 0.051562 0.026852
0 0.099479 0.300000 0.013542 0.024074
0 0.044010 0.636574 0.015104 0.025000
0 0.062240 0.610648 0.015104 0.021296
0 0.501042 0.976852 0.016667 0.022222
0 0.044271 0.325463 0.013542 0.023148
0 0.815625 0.604630 0.045833 0.024074
0 0.044010 0.273148 0.015104 0.024074
0 0.547135 0.977778 0.016146 0.024074
0 0.041146 0.083796 0.021875 0.060185
0 0.044271 0.298611 0.014583 0.025000
0 0.099219 0.701389 0.014063 0.023148
0 0.080469 0.326389 0.015104 0.025000
0 0.025521 0.325000 0.015625 0.022222
0 0.694792 0.088426 0.017708 0.023148
0 0.062240 0.325926 0.013021 0.024074
0 0.592448 0.979167 0.018229 0.028704
0 0.025521 0.636111 0.016667 0.024074
0 0.712240 0.088889 0.013021 0.022222
0 0.478125 0.977778 0.016667 0.024074
0 0.043750 0.247222 0.013542 0.022222
0 0.080469 0.610185 0.015104 0.022222
0 0.044010 0.701389 0.014063 0.025000
0 0.080729 0.246759 0.013542 0.023148
0 0.063281 0.700926 0.017188 0.024074
0 0.044010 0.662500 0.014063 0.028704
0 0.117188 0.247685 0.013542 0.025000
0 0.983073 0.081944 0.025521 0.063889
0 0.747396 0.089352 0.013542 0.021296
0 0.062500 0.299074 0.013542 0.024074
0 0.098698 0.325463 0.013021 0.025000
0 0.883594 0.080556 0.024479 0.051852
0 0.044010 0.610648 0.015104 0.023148
0 0.441927 0.088889 0.016146 0.024074
0 0.044271 0.352778 0.015625 0.025926
0 0.008594 0.221759 0.014063 0.025000
0 0.080990 0.700463 0.013021 0.023148
0 0.026042 0.272685 0.015625 0.025000
0 0.043750 0.584259 0.015625 0.022222
0 0.062500 0.221759 0.013542 0.021296
0 0.517708 0.062500 0.137500 0.026852
0 0.730208 0.088889 0.014583 0.022222
0 0.025781 0.299537 0.014063 0.025000
0 0.007812 0.325463 0.015625 0.023148
0 0.676823 0.087963 0.011979 0.022222
0 0.062500 0.662500 0.015625 0.028704
0 0.615885 0.979630 0.019271 0.029630
0 0.117188 0.701852 0.013542 0.022222
0 0.025781 0.662500 0.014063 0.028704
0 0.227083 0.146759 0.017708 0.021296
0 0.080729 0.221296 0.012500 0.022222
0 0.117969 0.326389 0.017188 0.023148
0 0.917708 0.200000 0.036458 0.024074
0 0.207813 0.146759 0.013542 0.021296
0 0.008073 0.663426 0.016146 0.028704
0 0.007812 0.610648 0.015625 0.021296
0 0.025521 0.351852 0.014583 0.025926
0 0.044010 0.222222 0.013021 0.022222
0 0.967708 0.145833 0.019792 0.023148
0 0.008333 0.728241 0.016667 0.019444
0 0.008073 0.700926 0.016146 0.025926
0 0.710938 0.634722 0.077083 0.025000
0 0.659115 0.088889 0.013021 0.020370
0 0.026302 0.700926 0.014063 0.025926
0 0.061719 0.583796 0.015104 0.021296
0 0.008333 0.352315 0.014583 0.023148
0 0.116927 0.222222 0.011979 0.022222
0 0.098958 0.221296 0.013542 0.022222
0 0.063281 0.727315 0.015104 0.019444
0 0.638802 0.979630 0.015104 0.025926
0 0.172396 0.146296 0.017708 0.024074
0 0.408073 0.975926 0.116146 0.033333
0 0.796094 0.634259 0.084896 0.024074
0 0.025781 0.584722 0.017188 0.023148
0 0.026042 0.726852 0.015625 0.020370
0 0.190104 0.146759 0.013542 0.023148
0 0.441927 0.063889 0.015104 0.022222
0 0.110937 0.089815 0.016667 0.027778
0 0.007812 0.297685 0.015625 0.026852
0 0.881250 0.199537 0.033333 0.028704
0 0.008333 0.272685 0.014583 0.023148
0 0.098958 0.609722 0.015625 0.023148
0 0.909635 0.033796 0.013021 0.025000
0 0.894271 0.034259 0.014583 0.022222
0 0.116667 0.637037 0.014583 0.024074
0 0.098958 0.636111 0.014583 0.024074
0 0.641406 0.090278 0.014063 0.023148
0 0.152083 0.146296 0.018750 0.024074
0 0.988802 0.145370 0.019271 0.022222
0 0.007812 0.584259 0.015625 0.024074
0 0.946354 0.146759 0.012500 0.023148
0 0.817187 0.815278 0.041667 0.025000
0 0.079948 0.195370 0.013021 0.022222
0 0.117188 0.585185 0.015625 0.020370
0 0.008594 0.635648 0.014063 0.023148
0 0.008333 0.194907 0.016667 0.025000
0 0.116406 0.610185 0.015104 0.022222
0 0.025521 0.222222 0.014583 0.024074
0 0.518229 0.088426 0.138542 0.026852
0 0.661458 0.979630 0.016667 0.025926
0 0.643750 0.063889 0.019792 0.022222
0 0.080208 0.584722 0.015625 0.019444
0 0.964583 0.172685 0.009375 0.015741
0 0.338281 0.977315 0.019271 0.026852
0 0.062500 0.195370 0.013542 0.024074
0 0.770052 0.814815 0.042188 0.025926
0 0.994792 0.171759 0.009375 0.017593
0 0.025781 0.609722 0.017188 0.019444
0 0.116406 0.194907 0.010937 0.021296
0 0.098698 0.585185 0.016146 0.020370
0 0.070312 0.905093 0.140625 0.026852
0 0.105990 0.756481 0.009896 0.016667
0 0.819010 0.173611 0.013021 0.019444
0 0.132812 0.146296 0.014583 0.020370
0 0.115104 0.561574 0.009375 0.017593
0 0.080469 0.662037 0.014063 0.027778
0 0.835417 0.261111 0.011458 0.022222
0 0.115104 0.146759 0.015625 0.023148
0 0.115885 0.172222 0.009896 0.018519
0 0.115365 0.756481 0.005729 0.014815
0 0.984375 0.171296 0.009375 0.016667
0 0.097135 0.145833 0.017188 0.023148
0 0.879948 0.977315 0.016146 0.026852
0 0.863281 0.978241 0.015104 0.030556
0 0.069792 0.857870 0.139583 0.026852
0 0.974479 0.172222 0.008333 0.014815
0 0.025781 0.145370 0.050521 0.027778
0 0.135156 0.560185 0.007812 0.014815
0 0.124479 0.561111 0.007292 0.016667
0 0.125000 0.756481 0.007292 0.014815
0 0.197396 0.173611 0.007292 0.015741
0 0.134896 0.172222 0.009375 0.018519
0 0.124740 0.173148 0.007812 0.016667
0 0.939063 0.008333 0.010417 0.014815
0 0.199479 0.212963 0.098958 0.018519
0 0.008333 0.033333 0.014583 0.020370
0 0.237240 0.033333 0.017188 0.018519
0 0.899219 0.977315 0.019271 0.025000
0 0.079687 0.145833 0.013542 0.023148
0 0.608594 0.074537 0.034896 0.054630
0 0.214081 0.031847 0.023068 0.024083
0 0.652552 0.470370 0.329271 0.020370
0 0.975339 0.976148 0.038385 0.028037
0 0.517083 0.636991 0.049792 0.020463
0 0.062326 0.145565 0.018370 0.021296
0 0.027859 0.033222 0.015104 0.020370
0 0.134125 0.757870 0.010208 0.021296
0 0.666339 0.347681 0.350656 0.024639
0 0.570026 0.520602 0.162031 0.024537
0 0.166849 0.173611 0.046198 0.017593
0 0.928385 0.089583 0.017188 0.026852
0 0.913750 0.918056 0.172500 0.023148
0 0.910828 0.088491 0.017708 0.025000
0 0.663828 0.554944 0.351510 0.028704
0 0.027651 0.196463 0.016135 0.025000
0 0.963370 0.008454 0.009375 0.016907
0 0.046753 0.033185 0.015766 0.018519
0 0.634948 0.294208 0.291042 0.025454
0 0.595729 0.425463 0.215833 0.025000
0 0.181099 0.863139 0.043594 0.073981
0 0.356424 0.088880 0.145068 0.025204
0 0.046039 0.195278 0.016505 0.025926
0 0.272812 0.089315 0.020625 0.025926
0 0.563177 0.493981 0.144479 0.023148
0 0.112615 0.063231 0.018750 0.020370
0 0.919307 0.062963 0.035417 0.024074
0 0.190263 0.088199 0.133016 0.025083
0 0.954167 0.081528 0.021875 0.059352
0 0.099740 0.197889 0.019271 0.024074
0 0.988370 0.008116 0.012500 0.016231
0 0.272552 0.064352 0.021146 0.023148
0 0.731182 0.063454 0.034719 0.025611
0 0.008979 0.248176 0.017021 0.024074
0 0.933333 0.033796 0.021875 0.025000
0 0.683891 0.063282 0.059510 0.023231
0 0.858906 0.078704 0.024896 0.046296
0 0.817901 0.321102 0.042188 0.025000
0 0.026724 0.247491 0.015625 0.023148
0 0.065005 0.248750 0.015104 0.022222
0 0.188997 0.064648 0.133464 0.023556
0 0.355583 0.064630 0.143937 0.024444
0 0.816521 0.579972 0.045312 0.025926
0 0.070669 0.033963 0.023297 0.021704
0 0.097208 0.032412 0.024542 0.019935
0 0.119820 0.032185 0.017193 0.022148
0 0.140503 0.032630 0.017943 0.021259
0 0.161464 0.032486 0.015854 0.018194
0 0.185971 0.033514 0.027391 0.020250
0 0.663724 0.399722 0.347552 0.025370
0 0.772576 0.065704 0.011984 0.020019
0 0.772815 0.090583 0.013755 0.020593
0 0.789708 0.066065 0.014240 0.023019
0 0.788823 0.090014 0.014719 0.021454
0 0.806036 0.064278 0.013271 0.023167
0 0.805633 0.090301 0.015203 0.023454
0 0.820714 0.063417 0.011583 0.024593
0 0.821841 0.086940 0.013516 0.021028
0 0.837932 0.062301 0.015760 0.019157
0 0.666010 0.372458 0.350656 0.024639
0 0.919005 0.976301 0.011729 0.023657
0 0.931990 0.976218 0.011260 0.023824
0 0.945159 0.976634 0.013214 0.024324
0 0.070310 0.925847 0.140411 0.012398
0 0.809682 0.260185 0.015010 0.022241
