0 0.140273 0.031755 0.017870 0.018657
0 0.069971 0.926083 0.139120 0.013889
0 0.060599 0.146630 0.017031 0.020370
0 0.520911 0.553704 0.098073 0.018519
0 0.804013 0.473546 0.029474 0.023148
0 0.046755 0.032361 0.015104 0.019407
0 0.167240 0.173148 0.046979 0.018519
0 0.928385 0.089579 0.017188 0.023250
0 0.666849 0.695833 0.387865 0.017593
0 0.911312 0.091083 0.017188 0.023944
0 0.028380 0.033065 0.016156 0.018519
0 0.964320 0.009028 0.012839 0.018056
0 0.181023 0.862977 0.041182 0.076083
0 0.027513 0.195574 0.015859 0.025000
0 0.915156 0.918056 0.169687 0.023148
0 0.642880 0.064296 0.019792 0.024074
0 0.044336 0.195880 0.016224 0.025926
0 0.442245 0.063324 0.015625 0.023148
0 0.273698 0.090741 0.021354 0.025926
0 0.112552 0.063222 0.019271 0.020370
0 0.356047 0.086560 0.143010 0.025583
0 0.099740 0.197546 0.019271 0.024074
0 0.509870 0.088889 0.152031 0.024074
0 0.859141 0.079167 0.024427 0.047222
0 0.009000 0.248778 0.017167 0.024074
0 0.608854 0.073426 0.034375 0.056852
0 0.987734 0.009361 0.012500 0.018722
0 0.027375 0.247463 0.015625 0.023148
0 0.064901 0.248676 0.015104 0.023148
0 0.731354 0.062963 0.035625 0.025926
0 0.081052 0.247222 0.013542 0.024074
0 0.273099 0.064815 0.021198 0.024074
0 0.188385 0.087963 0.136146 0.025926
0 0.684503 0.063981 0.058703 0.023889
0 0.520010 0.064796 0.137135 0.022778
0 0.189693 0.064806 0.133010 0.021278
0 0.747865 0.506944 0.113646 0.025000
0 0.355997 0.063704 0.142901 0.022593
0 0.070276 0.033000 0.023396 0.020944
0 0.096896 0.031852 0.021781 0.019222
0 0.119203 0.031995 0.015083 0.017787
0 0.161956 0.032199 0.018495 0.020880
0 0.187758 0.033088 0.027870 0.019991
0 0.215310 0.032199 0.019995 0.018213
0 0.918995 0.975847 0.012875 0.023102
0 0.931680 0.975625 0.010495 0.021324
0 0.944049 0.976069 0.012745 0.023546
0 0.975227 0.977181 0.039359 0.031102
0 0.473128 0.476477 0.021870 0.020306
0 0.538935 0.476648 0.019547 0.018574
0 0.569229 0.477167 0.033292 0.018926
0 0.603680 0.476995 0.029422 0.019269
0 0.637747 0.476648 0.034068 0.018574
0 0.674617 0.476477 0.033484 0.020306
0 0.919677 0.063421 0.036615 0.025917
0 0.772159 0.064481 0.016630 0.024000
0 0.772753 0.091648 0.014578 0.023426
0 0.789062 0.065343 0.014365 0.022278
0 0.789224 0.089245 0.015552 0.020546
0 0.805531 0.064097 0.015125 0.026306
0 0.806341 0.090398 0.015880 0.021704
0 0.820974 0.062847 0.010802 0.023806
0 0.822055 0.089343 0.012526 0.020741
0 0.837607 0.064000 0.015984 0.020741
0 0.116146 0.610185 0.014583 0.022222
0 0.098958 0.636111 0.014583 0.024074
0 0.116927 0.585185 0.015104 0.020370
0 0.070312 0.905093 0.140625 0.026852
0 0.881250 0.199537 0.032292 0.028704
0 0.152083 0.146296 0.018750 0.024074
0 0.098958 0.609722 0.015625 0.023148
0 0.638802 0.979630 0.015104 0.025926
0 0.964583 0.172685 0.009375 0.015741
0 0.641406 0.090278 0.014063 0.023148
0 0.586198 0.727778 0.042188 0.025926
0 0.008333 0.194907 0.016667 0.025000
0 0.338281 0.977778 0.018229 0.025926
0 0.007812 0.584722 0.015625 0.025000
0 0.008594 0.635648 0.014063 0.023148
0 0.661458 0.979630 0.016667 0.025926
0 0.025521 0.222222 0.014583 0.024074
0 0.755208 0.728241 0.056250 0.025000
0 0.837760 0.728241 0.048438 0.025000
0 0.134896 0.756944 0.007292 0.015741
0 0.062500 0.195370 0.013542 0.024074
0 0.539062 0.727778 0.041667 0.025926
0 0.115104 0.561574 0.009375 0.017593
0 0.080208 0.585185 0.015625 0.020370
0 0.116667 0.195370 0.010417 0.020370
0 0.994792 0.171296 0.009375 0.016667
0 0.870313 0.441204 0.011458 0.023148
0 0.115104 0.146759 0.015625 0.023148
0 0.105729 0.756481 0.009375 0.016667
0 0.025781 0.609722 0.017188 0.019444
0 0.601823 0.534722 0.014063 0.015741
0 0.098698 0.585648 0.016146 0.021296
0 0.132812 0.146296 0.014583 0.020370
0 0.632812 0.727778 0.041667 0.025926
0 0.819531 0.174537 0.011979 0.019444
0 0.115885 0.172222 0.009896 0.018519
0 0.984375 0.171296 0.009375 0.016667
0 0.080469 0.662500 0.014063 0.026852
0 0.507292 0.477315 0.041667 0.025000
0 0.701042 0.728241 0.041667 0.025000
0 0.534375 0.505556 0.126042 0.027778
0 0.097135 0.145833 0.017188 0.023148
0 0.974479 0.172222 0.008333 0.014815
0 0.879687 0.977315 0.015625 0.025000
0 0.863021 0.979167 0.014583 0.028704
0 0.124479 0.561111 0.007292 0.016667
0 0.845052 0.472685 0.035937 0.028704
0 0.134896 0.560185 0.007292 0.014815
0 0.069792 0.857870 0.139583 0.026852
0 0.025781 0.145370 0.050521 0.027778
0 0.197396 0.174074 0.007292 0.016667
0 0.125000 0.756944 0.007292 0.015741
0 0.134896 0.172222 0.009375 0.018519
0 0.124740 0.173148 0.007812 0.016667
0 0.115885 0.756481 0.007812 0.016667
0 0.939323 0.007870 0.010937 0.015741
0 0.199219 0.212500 0.099479 0.019444
0 0.079427 0.145833 0.013021 0.023148
0 0.008333 0.033333 0.014583 0.020370
0 0.237240 0.033796 0.016146 0.017593
0 0.846354 0.440278 0.008333 0.019444
0 0.899479 0.977778 0.019792 0.024074
0 0.009896 0.906019 0.010417 0.015741
0 0.883594 0.171296 0.110937 0.025926
0 0.042448 0.728704 0.018229 0.020370
0 0.070573 0.804630 0.141146 0.027778
0 0.408333 0.975926 0.115625 0.033333
0 0.070312 0.830093 0.140625 0.026852
0 0.834375 0.506481 0.055208 0.025926
0 0.016406 0.082407 0.026562 0.061111
0 0.098698 0.273611 0.013021 0.025000
0 0.044531 0.727315 0.015104 0.019444
0 0.973698 0.033333 0.051562 0.025926
0 0.523958 0.977315 0.016667 0.025000
0 0.062500 0.636111 0.015625 0.025926
0 0.099219 0.701389 0.014063 0.023148
0 0.065365 0.083333 0.022396 0.059259
0 0.080208 0.272685 0.014583 0.025000
0 0.116667 0.274074 0.013542 0.022222
0 0.098437 0.247685 0.012500 0.023148
0 0.118229 0.300463 0.016667 0.025000
0 0.080729 0.636111 0.014583 0.024074
0 0.501302 0.976852 0.016146 0.022222
0 0.062240 0.610648 0.015104 0.021296
0 0.062500 0.272222 0.014583 0.024074
0 0.477865 0.978241 0.016146 0.025000
0 0.099479 0.300000 0.013542 0.024074
0 0.080469 0.299074 0.014063 0.024074
0 0.044271 0.325463 0.013542 0.023148
0 0.044010 0.636574 0.015104 0.025000
0 0.044010 0.273148 0.015104 0.024074
0 0.040885 0.083796 0.021354 0.060185
0 0.080469 0.726852 0.014063 0.022222
0 0.062240 0.325926 0.013021 0.024074
0 0.044531 0.298611 0.014063 0.025000
0 0.846875 0.199074 0.035417 0.027778
0 0.080729 0.326389 0.014583 0.025000
0 0.088542 0.082870 0.023958 0.060185
0 0.570312 0.977778 0.017708 0.025926
0 0.025781 0.325000 0.015104 0.022222
0 0.694792 0.088426 0.017708 0.021296
0 0.117188 0.701852 0.013542 0.022222
0 0.712240 0.088889 0.013021 0.022222
0 0.117188 0.247685 0.013542 0.025000
0 0.044010 0.247222 0.013021 0.022222
0 0.929167 0.033796 0.013542 0.025000
0 0.591667 0.506481 0.013542 0.024074
0 0.547135 0.977315 0.016146 0.025000
0 0.025521 0.636111 0.016667 0.024074
0 0.983073 0.081481 0.025521 0.062963
0 0.080469 0.610185 0.015104 0.022222
0 0.747396 0.088889 0.013542 0.020370
0 0.044010 0.352778 0.015104 0.025926
0 0.117969 0.325926 0.017188 0.024074
0 0.044010 0.701389 0.014063 0.025000
0 0.592708 0.978704 0.017708 0.029630
0 0.098698 0.325463 0.013021 0.025000
0 0.062500 0.299074 0.013542 0.024074
0 0.063281 0.700926 0.016146 0.024074
0 0.883333 0.080556 0.023958 0.051852
0 0.008594 0.221759 0.014063 0.025000
0 0.730469 0.088889 0.014063 0.022222
0 0.080990 0.700463 0.011979 0.023148
0 0.026042 0.272685 0.015625 0.025000
0 0.044010 0.662500 0.014063 0.028704
0 0.043750 0.584259 0.015625 0.022222
0 0.044010 0.610648 0.015104 0.023148
0 0.062500 0.221759 0.013542 0.021296
0 0.917448 0.200000 0.035937 0.024074
0 0.676823 0.087500 0.010937 0.021296
0 0.025781 0.299537 0.014063 0.025000
0 0.007812 0.325463 0.015625 0.023148
0 0.080729 0.221296 0.012500 0.022222
0 0.806510 0.826389 0.042188 0.025000
0 0.062500 0.662500 0.015625 0.028704
0 0.967708 0.145833 0.019792 0.023148
0 0.207552 0.146296 0.014063 0.022222
0 0.026042 0.662500 0.013542 0.028704
0 0.939844 0.033796 0.008854 0.023148
0 0.025521 0.351852 0.014583 0.025926
0 0.615885 0.979630 0.019271 0.029630
0 0.063281 0.727315 0.015104 0.019444
0 0.008073 0.728241 0.016146 0.019444
0 0.008073 0.352315 0.014063 0.023148
0 0.044010 0.222222 0.013021 0.022222
0 0.659115 0.088889 0.013021 0.020370
0 0.954167 0.082870 0.021875 0.063889
0 0.008073 0.700926 0.016146 0.025926
0 0.172396 0.146759 0.017708 0.025000
0 0.116927 0.221759 0.011979 0.021296
0 0.008073 0.663426 0.016146 0.028704
0 0.007812 0.610648 0.015625 0.021296
0 0.099219 0.221296 0.013021 0.022222
0 0.025781 0.584259 0.017188 0.024074
0 0.026042 0.700926 0.013542 0.025926
0 0.492448 0.728241 0.042188 0.025000
0 0.061719 0.584722 0.015104 0.021296
0 0.988802 0.145370 0.019271 0.022222
0 0.190365 0.146759 0.014063 0.023148
0 0.946094 0.146759 0.013021 0.021296
0 0.227083 0.147222 0.017708 0.022222
0 0.110937 0.090741 0.016667 0.027778
0 0.026302 0.726852 0.015104 0.020370
0 0.007812 0.297685 0.015625 0.026852
0 0.116667 0.636574 0.014583 0.023148
0 0.909896 0.034259 0.013542 0.024074
0 0.852865 0.826852 0.042188 0.024074
0 0.008333 0.272685 0.014583 0.023148
0 0.894531 0.034259 0.014063 0.022222
0 0.080208 0.195370 0.012500 0.022222
