0 0.356008 0.063644 0.143505 0.023954
0 0.975411 0.977403 0.039073 0.034935
0 0.931880 0.977407 0.008771 0.022481
0 0.919044 0.976375 0.014318 0.024083
0 0.876195 0.883796 0.075599 0.014870
0 0.882286 0.778759 0.089021 0.019500
0 0.913599 0.743194 0.154708 0.016389
0 0.913406 0.725481 0.154708 0.016389
0 0.913406 0.707824 0.154708 0.016389
0 0.913534 0.689935 0.154703 0.016389
0 0.913656 0.672148 0.154708 0.016389
0 0.913740 0.655843 0.154708 0.016389
0 0.909620 0.442380 0.159792 0.016389
0 0.910417 0.389787 0.159792 0.016389
0 0.910417 0.372380 0.159792 0.016389
0 0.910219 0.356389 0.159792 0.016389
0 0.909437 0.250157 0.161437 0.017593
0 0.915042 0.302657 0.150885 0.017593
0 0.836659 0.061245 0.014036 0.021231
0 0.820464 0.087245 0.010896 0.024417
0 0.821732 0.061644 0.011641 0.022028
0 0.805984 0.089106 0.014479 0.023361
0 0.806057 0.063361 0.013437 0.023352
0 0.789115 0.088440 0.016865 0.022028
0 0.789638 0.063630 0.014328 0.023889
0 0.772695 0.090565 0.013880 0.019907
0 0.772320 0.065486 0.014630 0.022287
0 0.214159 0.032852 0.022891 0.021778
0 0.185948 0.033671 0.029365 0.024250
0 0.161440 0.032440 0.017339 0.020139
0 0.141323 0.034699 0.021042 0.019731
0 0.120167 0.034287 0.015260 0.023019
0 0.097164 0.031412 0.020578 0.017269
0 0.070604 0.033394 0.024260 0.020602
0 0.914141 0.497222 0.153281 0.018519
0 0.913542 0.479630 0.151146 0.016667
0 0.193229 0.213426 0.078125 0.017593
0 0.909479 0.320833 0.161250 0.019444
0 0.026635 0.035370 0.015104 0.020370
0 0.914508 0.921130 0.170984 0.023296
0 0.913464 0.637500 0.151927 0.017593
0 0.909687 0.409398 0.159792 0.016389
0 0.870156 0.761111 0.062188 0.014815
0 0.914102 0.584269 0.152943 0.016667
0 0.879271 0.831019 0.080417 0.013889
0 0.854375 0.795833 0.050417 0.013889
0 0.863229 0.813426 0.048333 0.012037
0 0.913096 0.619380 0.153286 0.017593
0 0.911719 0.900000 0.154688 0.018519
0 0.878906 0.848148 0.079687 0.012963
0 0.858411 0.865741 0.039740 0.012963
0 0.929057 0.089245 0.017188 0.024657
0 0.166953 0.173611 0.047344 0.017593
0 0.861432 0.425463 0.063490 0.015741
0 0.910453 0.090009 0.017708 0.027778
0 0.071016 0.925833 0.140156 0.012222
0 0.909583 0.338889 0.160833 0.018519
0 0.913932 0.601852 0.153906 0.018519
0 0.962833 0.009097 0.014063 0.018194
0 0.913724 0.566204 0.152760 0.017593
0 0.290859 0.144907 0.144323 0.025000
0 0.070781 0.906481 0.139687 0.027778
0 0.045823 0.033759 0.016479 0.018519
0 0.907865 0.285648 0.164479 0.017593
0 0.111458 0.087954 0.017708 0.029648
0 0.027031 0.195370 0.018646 0.025926
0 0.356570 0.089116 0.143943 0.026583
0 0.044844 0.194222 0.014375 0.025000
0 0.180922 0.864444 0.048958 0.076204
0 0.643302 0.062231 0.019792 0.023148
0 0.099740 0.197519 0.019271 0.024074
0 0.112146 0.062500 0.018750 0.021296
0 0.732255 0.062963 0.035937 0.025926
0 0.272812 0.089815 0.020625 0.024074
0 0.858958 0.081481 0.024792 0.050000
0 0.510833 0.088889 0.153958 0.024074
0 0.989583 0.009060 0.014583 0.018120
0 0.954167 0.077222 0.021875 0.052593
0 0.064951 0.247750 0.015943 0.024074
0 0.026458 0.247083 0.016146 0.024074
0 0.081776 0.247222 0.014583 0.024074
0 0.883677 0.081333 0.023958 0.054630
0 0.517721 0.062644 0.132682 0.022880
0 0.009971 0.247222 0.015464 0.024074
0 0.272865 0.064352 0.021771 0.025000
0 0.189753 0.087824 0.136120 0.025648
0 0.683937 0.064102 0.060729 0.022593
0 0.932578 0.033796 0.020365 0.025000
0 0.190529 0.064046 0.133526 0.022537
0 0.070312 0.804630 0.140625 0.027778
0 0.070573 0.830556 0.141146 0.027778
0 0.016406 0.081944 0.026562 0.062037
0 0.098698 0.273611 0.013021 0.025000
0 0.397135 0.976389 0.117188 0.034259
0 0.062240 0.636111 0.016146 0.025926
0 0.065104 0.083796 0.021875 0.060185
0 0.116927 0.273611 0.014063 0.023148
0 0.080469 0.272685 0.015104 0.025000
0 0.088542 0.082407 0.023958 0.061111
0 0.062760 0.272685 0.015104 0.025000
0 0.080469 0.727315 0.014063 0.023148
0 0.371354 0.147222 0.014583 0.022222
0 0.080469 0.635648 0.015104 0.025000
0 0.118229 0.300463 0.017708 0.025000
0 0.044010 0.325926 0.014063 0.024074
0 0.044531 0.726852 0.016146 0.020370
0 0.040625 0.083333 0.021875 0.061111
0 0.044010 0.636111 0.015104 0.025926
0 0.044271 0.298611 0.014583 0.025000
0 0.062240 0.610648 0.015104 0.021296
0 0.099479 0.299537 0.013542 0.025000
0 0.098437 0.247685 0.012500 0.025000
0 0.983073 0.081481 0.025521 0.062963
0 0.080729 0.299074 0.014583 0.024074
0 0.044010 0.273148 0.015104 0.024074
0 0.025521 0.325463 0.015625 0.023148
0 0.044010 0.662500 0.014063 0.028704
0 0.711979 0.088426 0.013542 0.023148
0 0.694792 0.088426 0.017708 0.023148
0 0.512500 0.977315 0.017708 0.025000
0 0.025260 0.636111 0.017188 0.024074
0 0.099219 0.701389 0.014063 0.023148
0 0.008594 0.221759 0.014063 0.025000
0 0.044271 0.700926 0.014583 0.025926
0 0.080469 0.325926 0.015104 0.025926
0 0.043750 0.247685 0.013542 0.023148
0 0.747396 0.088889 0.014583 0.022222
0 0.025781 0.662963 0.014063 0.029630
0 0.558333 0.978241 0.018750 0.028704
0 0.973437 0.033333 0.051042 0.025926
0 0.441667 0.064815 0.015625 0.024074
0 0.063281 0.700463 0.017188 0.025000
0 0.730208 0.088889 0.014583 0.022222
0 0.062240 0.325463 0.013021 0.025000
0 0.080990 0.700463 0.013021 0.023148
0 0.080469 0.610185 0.015104 0.022222
0 0.044010 0.610648 0.015104 0.023148
0 0.062500 0.662500 0.015625 0.028704
0 0.008073 0.663426 0.016146 0.030556
0 0.044271 0.352778 0.015625 0.025926
0 0.025781 0.299537 0.014063 0.025000
0 0.909896 0.034259 0.013542 0.025926
0 0.062500 0.299074 0.013542 0.024074
0 0.043750 0.583796 0.015625 0.023148
0 0.117448 0.248148 0.014063 0.025926
0 0.490104 0.976852 0.018750 0.024074
0 0.580729 0.979167 0.018750 0.030556
0 0.117969 0.326389 0.017188 0.023148
0 0.534896 0.977778 0.017708 0.025926
0 0.098698 0.325463 0.013021 0.025000
0 0.676562 0.087963 0.012500 0.022222
0 0.063281 0.727315 0.016146 0.021296
0 0.007812 0.325463 0.015625 0.023148
0 0.672917 0.981019 0.016667 0.028704
0 0.604167 0.979630 0.020833 0.031481
0 0.098958 0.635185 0.016667 0.025926
0 0.466146 0.978241 0.017708 0.026852
0 0.026042 0.273148 0.015625 0.025926
0 0.117188 0.701389 0.014583 0.023148
0 0.327344 0.978241 0.021354 0.025000
0 0.062500 0.221759 0.013542 0.023148
0 0.946354 0.146759 0.013542 0.023148
0 0.650260 0.980556 0.017188 0.029630
0 0.008333 0.727778 0.016667 0.020370
0 0.207552 0.145833 0.017188 0.025000
0 0.008594 0.635648 0.014063 0.025000
0 0.659115 0.088426 0.014063 0.021296
0 0.008073 0.351852 0.015104 0.024074
0 0.894271 0.034722 0.013542 0.023148
0 0.026042 0.700463 0.014583 0.026852
0 0.025781 0.583796 0.017188 0.025000
0 0.080469 0.221759 0.013021 0.023148
0 0.025521 0.352315 0.014583 0.026852
0 0.967708 0.145833 0.019792 0.023148
0 0.008333 0.700463 0.016667 0.026852
0 0.043750 0.222685 0.013542 0.023148
0 0.061719 0.584259 0.015104 0.022222
0 0.190365 0.145833 0.015104 0.025000
0 0.627083 0.980556 0.016667 0.027778
0 0.846875 0.199537 0.035417 0.028704
0 0.007552 0.194907 0.015104 0.025000
0 0.026042 0.726852 0.015625 0.020370
0 0.008073 0.584259 0.016146 0.025926
0 0.008333 0.273148 0.014583 0.024074
0 0.007812 0.298148 0.015625 0.027778
0 0.008073 0.610185 0.016146 0.022222
0 0.116927 0.636111 0.014063 0.024074
0 0.154688 0.145370 0.016667 0.025926
0 0.079948 0.194907 0.013021 0.023148
0 0.146615 0.193519 0.011979 0.022222
0 0.917448 0.200000 0.035937 0.024074
0 0.918750 0.063426 0.036458 0.025000
0 0.025521 0.222222 0.015625 0.024074
0 0.134635 0.145833 0.019271 0.026852
0 0.114583 0.145833 0.016667 0.026852
0 0.117448 0.585185 0.015104 0.020370
0 0.099740 0.610648 0.018229 0.025000
0 0.099219 0.221296 0.014063 0.022222
0 0.988802 0.145370 0.019271 0.022222
0 0.117188 0.609722 0.012500 0.023148
0 0.116927 0.221759 0.013021 0.023148
0 0.641667 0.089815 0.014583 0.024074
0 0.062500 0.195370 0.013542 0.024074
0 0.846615 0.978241 0.014063 0.023148
0 0.881250 0.199537 0.032292 0.028704
0 0.134896 0.756944 0.007292 0.017593
0 0.115104 0.561111 0.009375 0.018519
0 0.080208 0.584722 0.015625 0.021296
0 0.105990 0.756481 0.009896 0.018519
0 0.097135 0.145833 0.016146 0.025000
0 0.116406 0.194444 0.010937 0.022222
0 0.994792 0.172222 0.009375 0.016667
0 0.080469 0.662037 0.014063 0.027778
0 0.965625 0.171759 0.011458 0.015741
0 0.172656 0.144907 0.016146 0.025000
0 0.099219 0.585185 0.017188 0.022222
0 0.879948 0.977778 0.014063 0.024074
0 0.115365 0.756481 0.006771 0.016667
0 0.078906 0.145833 0.017188 0.025000
0 0.863021 0.977778 0.015625 0.024074
0 0.818750 0.173611 0.013542 0.021296
0 0.608854 0.077315 0.035417 0.056481
0 0.025781 0.609259 0.018229 0.020370
0 0.197135 0.173148 0.008854 0.020370
0 0.115885 0.172222 0.010937 0.020370
0 0.070573 0.858333 0.141146 0.027778
0 0.984375 0.171296 0.009375 0.016667
0 0.025781 0.145370 0.050521 0.027778
0 0.124740 0.756481 0.007812 0.016667
0 0.236979 0.033796 0.016667 0.021296
0 0.124479 0.560648 0.007292 0.017593
0 0.135156 0.560185 0.007812 0.016667
0 0.134635 0.172222 0.009896 0.020370
0 0.060417 0.146296 0.015625 0.025926
0 0.124740 0.172685 0.007812 0.017593
0 0.974479 0.172222 0.008333 0.014815
0 0.939323 0.008333 0.010937 0.016667
0 0.864323 0.514352 0.051562 0.015741
0 0.846615 0.461574 0.034896 0.019444
0 0.008073 0.033796 0.014063 0.023148
0 0.899740 0.977315 0.022396 0.025000
0 0.944792 0.976389 0.013542 0.026852
