0 0.910453 0.088708 0.017708 0.023324
0 0.189404 0.062801 0.134943 0.022454
0 0.684193 0.063704 0.058802 0.024444
0 0.933099 0.034259 0.021406 0.024074
0 0.355151 0.065556 0.141885 0.022593
0 0.838167 0.682213 0.014427 0.025000
0 0.273359 0.063361 0.018750 0.025000
0 0.064328 0.247491 0.015104 0.024074
0 0.009651 0.248287 0.015240 0.024074
0 0.510104 0.088426 0.152500 0.025000
0 0.025898 0.247352 0.014141 0.024074
0 0.444208 0.064407 0.015625 0.024074
0 0.518169 0.063810 0.132307 0.023176
0 0.859115 0.081019 0.024479 0.049074
0 0.838247 0.658218 0.014432 0.020398
0 0.954167 0.079352 0.021875 0.056852
0 0.273857 0.088028 0.019172 0.024074
0 0.111630 0.063019 0.018750 0.021296
0 0.099740 0.196306 0.019271 0.024074
0 0.111198 0.089343 0.016146 0.027778
0 0.027453 0.221074 0.015104 0.024074
0 0.641667 0.089167 0.014583 0.025370
0 0.180682 0.862796 0.045156 0.076111
0 0.731180 0.063907 0.033786 0.022444
0 0.045284 0.195972 0.015255 0.025000
0 0.356396 0.087958 0.144292 0.026861
0 0.963753 0.171528 0.009797 0.015741
0 0.026635 0.195639 0.018750 0.025926
0 0.011008 0.034019 0.016422 0.017593
0 0.871563 0.637037 0.066042 0.014815
0 0.963703 0.009231 0.015104 0.018463
0 0.929276 0.088981 0.017188 0.023333
0 0.070346 0.925431 0.138891 0.013954
0 0.167109 0.173611 0.047031 0.017593
0 0.295651 0.145370 0.152448 0.024074
0 0.837500 0.064120 0.016667 0.020833
0 0.974630 0.976231 0.037094 0.030241
0 0.914062 0.917593 0.171875 0.022222
0 0.946083 0.975620 0.014063 0.025926
0 0.916667 0.338426 0.166667 0.017593
0 0.027938 0.031861 0.015104 0.020370
0 0.973385 0.033796 0.050104 0.025000
0 0.913516 0.250463 0.170781 0.017593
0 0.852370 0.320833 0.045365 0.013889
0 0.046271 0.032718 0.016271 0.018046
0 0.070828 0.033907 0.023885 0.019907
0 0.097471 0.033245 0.021047 0.020176
0 0.118279 0.032824 0.014714 0.020444
0 0.139813 0.033537 0.019260 0.019019
0 0.161750 0.032347 0.016583 0.023306
0 0.186495 0.030208 0.027021 0.021880
0 0.214320 0.033060 0.023276 0.019972
0 0.644531 0.062648 0.018510 0.022019
0 0.772510 0.065505 0.013417 0.021102
0 0.773026 0.089241 0.013677 0.023630
0 0.789281 0.065269 0.013156 0.022019
0 0.788635 0.089356 0.014708 0.021102
0 0.806182 0.065731 0.017292 0.022944
0 0.805539 0.089583 0.014193 0.021556
0 0.821732 0.065120 0.012245 0.023352
0 0.820312 0.087528 0.010302 0.021519
0 0.914260 0.268454 0.170781 0.017593
0 0.915018 0.285852 0.169964 0.017593
0 0.915107 0.302741 0.169786 0.017593
0 0.920047 0.390926 0.159906 0.017593
0 0.920047 0.409352 0.159906 0.017593
0 0.920047 0.426852 0.159906 0.017593
0 0.919961 0.444046 0.160078 0.017593
0 0.919615 0.461852 0.160771 0.017593
0 0.915315 0.495722 0.169370 0.017593
0 0.915091 0.513500 0.169818 0.017593
0 0.915240 0.531546 0.169521 0.017593
0 0.915258 0.549454 0.169484 0.017593
0 0.915409 0.566963 0.169182 0.017593
0 0.915258 0.585009 0.169484 0.017593
0 0.915034 0.602000 0.169932 0.017593
0 0.849547 0.619884 0.036354 0.015102
0 0.925628 0.655370 0.148745 0.017593
0 0.925289 0.672685 0.149422 0.017593
0 0.925456 0.690519 0.149089 0.017593
0 0.925513 0.707769 0.148974 0.017593
0 0.932596 0.976500 0.011391 0.027296
0 0.098698 0.610185 0.015104 0.024074
0 0.327083 0.978241 0.020833 0.025000
0 0.007812 0.610185 0.015625 0.022222
0 0.026042 0.726852 0.015625 0.020370
0 0.659115 0.089352 0.013021 0.021296
0 0.627344 0.980556 0.016146 0.027778
0 0.117448 0.636574 0.017188 0.025000
0 0.025521 0.584259 0.017708 0.024074
0 0.008594 0.635185 0.014063 0.024074
0 0.466146 0.978241 0.017708 0.026852
0 0.025521 0.352315 0.014583 0.026852
0 0.190365 0.145833 0.015104 0.025000
0 0.044010 0.222222 0.013021 0.022222
0 0.098698 0.325926 0.013021 0.025926
0 0.008073 0.700463 0.016146 0.026852
0 0.834375 0.714352 0.010417 0.030556
0 0.080469 0.221759 0.013021 0.023148
0 0.650260 0.981019 0.017188 0.028704
0 0.008073 0.352315 0.015104 0.023148
0 0.026042 0.273148 0.015625 0.025926
0 0.007812 0.325463 0.015625 0.023148
0 0.117188 0.701389 0.014583 0.023148
0 0.026042 0.700926 0.014583 0.025926
0 0.909896 0.033796 0.013542 0.025000
0 0.008333 0.727778 0.016667 0.020370
0 0.098698 0.635648 0.015104 0.025000
0 0.672917 0.981019 0.016667 0.028704
0 0.676562 0.088426 0.012500 0.021296
0 0.894271 0.034259 0.013542 0.022222
0 0.044271 0.352778 0.015625 0.025926
0 0.967708 0.146296 0.019792 0.022222
0 0.207552 0.145833 0.017188 0.025000
0 0.062500 0.221759 0.013542 0.023148
0 0.080469 0.325926 0.015104 0.025926
0 0.062500 0.299074 0.013542 0.024074
0 0.063021 0.727315 0.015625 0.021296
0 0.946354 0.146296 0.013542 0.022222
0 0.747396 0.088889 0.014583 0.022222
0 0.117969 0.326389 0.017188 0.023148
0 0.535156 0.977778 0.017188 0.025926
0 0.694792 0.088889 0.014583 0.020370
0 0.846875 0.199537 0.035417 0.028704
0 0.043750 0.584259 0.015625 0.022222
0 0.062240 0.325463 0.013021 0.025000
0 0.489844 0.977315 0.018229 0.023148
0 0.025781 0.299537 0.014063 0.025000
0 0.711979 0.088889 0.013542 0.022222
0 0.008073 0.663889 0.016146 0.029630
0 0.729948 0.088889 0.015104 0.024074
0 0.603906 0.979630 0.020313 0.031481
0 0.117188 0.248148 0.013542 0.025926
0 0.189062 0.087963 0.137500 0.025926
0 0.580729 0.979167 0.018750 0.030556
0 0.080729 0.700926 0.012500 0.024074
0 0.988281 0.010648 0.014063 0.021296
0 0.044010 0.610648 0.015104 0.023148
0 0.558594 0.978704 0.019271 0.027778
0 0.008594 0.221759 0.014063 0.025000
0 0.025781 0.662963 0.014063 0.029630
0 0.883333 0.081481 0.023958 0.053704
0 0.063281 0.700463 0.017188 0.025000
0 0.099219 0.701389 0.014063 0.023148
0 0.080729 0.247222 0.014583 0.024074
0 0.080469 0.610185 0.015104 0.022222
0 0.983073 0.081944 0.025521 0.063889
0 0.043750 0.247685 0.013542 0.023148
0 0.080729 0.299074 0.014583 0.024074
0 0.062500 0.662500 0.015625 0.028704
0 0.396875 0.976389 0.116667 0.034259
0 0.025781 0.325463 0.015104 0.023148
0 0.025521 0.636111 0.016667 0.024074
0 0.512760 0.977315 0.017188 0.025000
0 0.044271 0.700926 0.014583 0.025926
0 0.099479 0.299537 0.013542 0.025000
0 0.044010 0.273148 0.015104 0.024074
0 0.380990 0.147222 0.014063 0.020370
0 0.044010 0.662500 0.014063 0.028704
0 0.044271 0.298611 0.014583 0.025000
0 0.040885 0.083333 0.021354 0.061111
0 0.044531 0.726852 0.015104 0.020370
0 0.118490 0.300463 0.017188 0.025000
0 0.098437 0.247685 0.012500 0.025000
0 0.044010 0.325463 0.014063 0.025000
0 0.044010 0.636111 0.015104 0.025926
0 0.088542 0.082407 0.023958 0.061111
0 0.062500 0.610648 0.014583 0.021296
0 0.080469 0.727315 0.014063 0.023148
0 0.080469 0.635648 0.015104 0.025000
0 0.062500 0.272685 0.014583 0.025000
0 0.065104 0.083796 0.021875 0.060185
0 0.116927 0.273611 0.014063 0.023148
0 0.080469 0.272685 0.015104 0.025000
0 0.062240 0.636111 0.016146 0.025926
0 0.098698 0.273611 0.013021 0.025000
0 0.016406 0.081944 0.026562 0.062037
0 0.070573 0.830556 0.141146 0.027778
0 0.070573 0.804630 0.141146 0.027778
0 0.919010 0.976852 0.013021 0.025926
0 0.236979 0.033333 0.016667 0.020370
0 0.899740 0.976852 0.021354 0.025926
0 0.847656 0.373148 0.035937 0.016667
0 0.060417 0.146296 0.015625 0.025926
0 0.124740 0.172685 0.007812 0.017593
0 0.939323 0.008333 0.010937 0.016667
0 0.974219 0.172222 0.008854 0.014815
0 0.135156 0.560648 0.007812 0.015741
0 0.134635 0.172222 0.009896 0.020370
0 0.124479 0.561111 0.007292 0.016667
0 0.189583 0.212500 0.077083 0.019444
0 0.026042 0.145370 0.050000 0.027778
0 0.124740 0.756481 0.007812 0.016667
0 0.070312 0.904630 0.140625 0.025926
0 0.984375 0.171759 0.009375 0.015741
0 0.115885 0.172222 0.010937 0.020370
0 0.819531 0.174074 0.011979 0.020370
0 0.070312 0.857870 0.140625 0.026852
0 0.025781 0.609259 0.017188 0.020370
0 0.197135 0.173148 0.008854 0.020370
0 0.098958 0.585185 0.015625 0.022222
0 0.078906 0.145833 0.017188 0.025000
0 0.115104 0.756481 0.006250 0.016667
0 0.115104 0.561111 0.009375 0.018519
0 0.172917 0.145370 0.015625 0.024074
0 0.608854 0.077315 0.035417 0.054630
0 0.105990 0.756481 0.009896 0.018519
0 0.097396 0.145833 0.015625 0.025000
0 0.080469 0.662037 0.014063 0.027778
0 0.117708 0.610185 0.018750 0.025926
0 0.116406 0.194444 0.010937 0.022222
0 0.062240 0.195370 0.013021 0.024074
0 0.994792 0.172222 0.009375 0.016667
0 0.863021 0.977315 0.015625 0.026852
0 0.134896 0.756481 0.007292 0.016667
0 0.079948 0.584722 0.015104 0.019444
0 0.117448 0.585648 0.016146 0.021296
0 0.881250 0.199537 0.032292 0.028704
0 0.846615 0.977778 0.014063 0.025926
0 0.079948 0.194907 0.013021 0.023148
0 0.134375 0.146296 0.018750 0.025926
0 0.146615 0.193519 0.011979 0.022222
0 0.114583 0.145833 0.016667 0.026852
0 0.116927 0.221759 0.013021 0.023148
0 0.879948 0.977315 0.014063 0.026852
0 0.098958 0.221296 0.013542 0.022222
0 0.154688 0.145370 0.016667 0.025926
0 0.008333 0.273148 0.014583 0.024074
0 0.007552 0.194907 0.015104 0.025000
0 0.988802 0.145833 0.019271 0.023148
0 0.917708 0.200463 0.036458 0.025000
0 0.007812 0.584722 0.015625 0.025000
0 0.008333 0.298148 0.015625 0.027778
0 0.918490 0.063426 0.036979 0.025000
0 0.061719 0.583796 0.015104 0.021296
