0 0.190089 0.064935 0.133677 0.023204
0 0.189323 0.088731 0.133542 0.024389
0 0.070253 0.032954 0.024307 0.020426
0 0.097802 0.033935 0.021667 0.018167
0 0.117922 0.032560 0.014240 0.018713
0 0.139901 0.032009 0.019812 0.019815
0 0.161104 0.032560 0.016406 0.022009
0 0.187568 0.030634 0.030333 0.024769
0 0.215893 0.032282 0.024453 0.020361
0 0.773188 0.066630 0.014625 0.022815
0 0.772964 0.090509 0.013281 0.021759
0 0.789458 0.065171 0.013729 0.021491
0 0.517586 0.584245 0.087849 0.014657
0 0.788266 0.089319 0.015823 0.021491
0 0.061729 0.146648 0.019271 0.020370
0 0.028000 0.033009 0.015104 0.020370
0 0.070182 0.860185 0.139844 0.027778
0 0.169349 0.173148 0.051198 0.018519
0 0.507292 0.478750 0.041667 0.020278
0 0.806029 0.064639 0.015526 0.023611
0 0.805953 0.090380 0.016865 0.026278
0 0.821328 0.063310 0.011792 0.024676
0 0.822747 0.088259 0.014328 0.019370
0 0.837286 0.061560 0.013885 0.022028
0 0.931284 0.976782 0.010151 0.020435
0 0.206771 0.213889 0.105208 0.016667
0 0.945466 0.977051 0.012839 0.023083
0 0.975469 0.976125 0.038510 0.036620
0 0.539539 0.477630 0.020911 0.018333
0 0.569750 0.477801 0.035083 0.020046
0 0.603576 0.477139 0.028911 0.017611
0 0.638224 0.479505 0.035573 0.019620
0 0.675409 0.477130 0.031891 0.015259
0 0.665521 0.695833 0.386250 0.017593
0 0.804565 0.472634 0.031214 0.026306
0 0.070893 0.925991 0.140818 0.011907
0 0.047068 0.032611 0.014719 0.018519
0 0.963021 0.008301 0.009375 0.016602
0 0.180714 0.863657 0.045969 0.077130
0 0.027057 0.195833 0.015573 0.025000
0 0.517682 0.568981 0.089531 0.015741
0 0.643302 0.061694 0.019792 0.023148
0 0.517630 0.599204 0.086302 0.014815
0 0.516797 0.616204 0.084635 0.015741
0 0.044578 0.194907 0.014740 0.025926
0 0.516198 0.552778 0.086563 0.018519
0 0.112578 0.063583 0.019271 0.020370
0 0.273169 0.089750 0.020224 0.025926
0 0.911458 0.918056 0.177083 0.023148
0 0.954167 0.080648 0.021875 0.057593
0 0.356057 0.089046 0.144344 0.024130
0 0.509792 0.088889 0.151875 0.024074
0 0.100771 0.196963 0.019271 0.024074
0 0.988021 0.008866 0.012500 0.017731
0 0.730690 0.063380 0.034036 0.025093
0 0.009625 0.248407 0.016719 0.024074
0 0.064630 0.248306 0.015104 0.023148
0 0.026365 0.247287 0.014562 0.023148
0 0.273464 0.064815 0.021927 0.024074
0 0.684042 0.063213 0.060042 0.023833
0 0.518474 0.064954 0.134198 0.021944
0 0.748750 0.506481 0.111875 0.025926
0 0.355568 0.065370 0.142094 0.022963
0 0.044010 0.273148 0.015104 0.024074
0 0.044010 0.636574 0.015104 0.025000
0 0.062240 0.325926 0.013021 0.024074
0 0.040885 0.083796 0.022396 0.060185
0 0.062240 0.610648 0.015104 0.021296
0 0.088542 0.082407 0.023958 0.059259
0 0.080469 0.326389 0.015104 0.025000
0 0.044271 0.325463 0.013542 0.023148
0 0.080729 0.299074 0.014583 0.024074
0 0.062500 0.272222 0.014583 0.024074
0 0.099479 0.300000 0.013542 0.024074
0 0.098437 0.247685 0.012500 0.023148
0 0.080469 0.635648 0.015104 0.025000
0 0.118229 0.300463 0.016667 0.025000
0 0.492188 0.728241 0.041667 0.025000
0 0.099219 0.701389 0.014063 0.023148
0 0.080469 0.272685 0.015104 0.025000
0 0.116927 0.274074 0.014063 0.022222
0 0.512500 0.976852 0.016667 0.024074
0 0.062500 0.636111 0.015625 0.025926
0 0.973698 0.033333 0.051562 0.025926
0 0.065104 0.083333 0.022917 0.059259
0 0.834375 0.506019 0.055208 0.026852
0 0.044531 0.726852 0.015104 0.020370
0 0.098698 0.273611 0.013021 0.025000
0 0.016406 0.082407 0.026562 0.061111
0 0.396875 0.976389 0.116667 0.034259
0 0.070312 0.830556 0.140625 0.027778
0 0.098958 0.636111 0.014583 0.024074
0 0.008594 0.635648 0.014063 0.023148
0 0.227083 0.146759 0.017708 0.023148
0 0.152083 0.145833 0.018750 0.025000
0 0.659115 0.088889 0.013021 0.020370
0 0.964583 0.172222 0.009375 0.016667
0 0.701562 0.728241 0.041667 0.025000
0 0.008073 0.584722 0.016146 0.025000
0 0.881250 0.199537 0.033333 0.028704
0 0.008333 0.194907 0.016667 0.025000
0 0.070312 0.905093 0.140625 0.026852
0 0.025781 0.222222 0.015104 0.024074
0 0.062240 0.195370 0.013021 0.024074
0 0.115104 0.561574 0.009375 0.017593
0 0.116667 0.195370 0.010417 0.020370
0 0.641406 0.090278 0.014063 0.023148
0 0.869792 0.440741 0.013542 0.024074
0 0.880208 0.978241 0.013542 0.023148
0 0.819531 0.173611 0.010937 0.019444
0 0.080208 0.584722 0.015625 0.021296
0 0.134896 0.756944 0.007292 0.015741
0 0.115104 0.146759 0.015625 0.023148
0 0.994792 0.171759 0.009375 0.017593
0 0.098958 0.584722 0.016667 0.021296
0 0.846615 0.978241 0.014063 0.023148
0 0.863281 0.978241 0.015104 0.023148
0 0.132812 0.146296 0.014583 0.020370
0 0.025781 0.609722 0.017188 0.019444
0 0.115365 0.756481 0.005729 0.014815
0 0.115625 0.172222 0.010417 0.018519
0 0.097135 0.145833 0.017188 0.023148
0 0.080469 0.662500 0.014063 0.026852
0 0.105729 0.756481 0.009375 0.016667
0 0.984115 0.171296 0.008854 0.016667
0 0.909896 0.087963 0.017708 0.025926
0 0.974479 0.172222 0.008333 0.014815
0 0.847135 0.440741 0.014063 0.024074
0 0.844792 0.473148 0.035417 0.027778
0 0.025781 0.145370 0.050521 0.027778
0 0.124479 0.561111 0.007292 0.016667
0 0.135156 0.560185 0.007812 0.014815
0 0.534115 0.506019 0.125521 0.026852
0 0.928385 0.088426 0.017188 0.026852
0 0.197396 0.174074 0.007292 0.016667
0 0.125000 0.756481 0.007292 0.014815
0 0.928125 0.079167 0.017708 0.045370
0 0.919010 0.976852 0.014063 0.024074
0 0.134896 0.172222 0.009375 0.018519
0 0.110937 0.090278 0.016667 0.026852
0 0.946354 0.146759 0.013542 0.021296
0 0.190365 0.146296 0.014063 0.024074
0 0.909896 0.034259 0.013542 0.024074
0 0.116406 0.610185 0.015104 0.022222
0 0.008073 0.297685 0.016146 0.026852
0 0.172135 0.146296 0.018229 0.025926
0 0.099219 0.221296 0.014063 0.022222
0 0.026042 0.700926 0.013542 0.025926
0 0.008333 0.272685 0.014583 0.023148
0 0.116667 0.221759 0.012500 0.021296
0 0.080208 0.195370 0.012500 0.022222
0 0.007812 0.610185 0.015625 0.020370
0 0.894531 0.034259 0.014063 0.022222
0 0.207552 0.146296 0.014063 0.022222
0 0.672917 0.981481 0.016667 0.029630
0 0.061719 0.583796 0.015104 0.021296
0 0.837240 0.728241 0.048438 0.025000
0 0.627083 0.980556 0.015625 0.027778
0 0.008073 0.700926 0.016146 0.025926
0 0.044010 0.222222 0.013021 0.022222
0 0.062500 0.662500 0.015625 0.028704
0 0.650781 0.981481 0.017188 0.029630
0 0.441667 0.064352 0.015625 0.023148
0 0.967708 0.146296 0.019792 0.022222
0 0.008073 0.728241 0.016146 0.019444
0 0.008333 0.352315 0.014583 0.023148
0 0.008073 0.663426 0.016146 0.028704
0 0.939844 0.033796 0.008854 0.023148
0 0.755208 0.728241 0.056250 0.025000
0 0.025781 0.584259 0.017188 0.024074
0 0.063281 0.727315 0.015104 0.019444
0 0.025781 0.352315 0.014063 0.025000
0 0.080729 0.221296 0.012500 0.022222
0 0.632552 0.728241 0.042188 0.025000
0 0.676562 0.087500 0.011458 0.021296
0 0.026042 0.662500 0.013542 0.028704
0 0.062500 0.221759 0.013542 0.021296
0 0.919010 0.062963 0.035937 0.024074
0 0.603906 0.979630 0.020313 0.031481
0 0.917448 0.200000 0.035937 0.024074
0 0.025781 0.299537 0.014063 0.025000
0 0.044010 0.610648 0.015104 0.023148
0 0.539062 0.727778 0.041667 0.025926
0 0.044010 0.662500 0.014063 0.028704
0 0.466146 0.978241 0.016667 0.025000
0 0.080990 0.700463 0.013021 0.023148
0 0.535156 0.977315 0.017188 0.025000
0 0.730208 0.088889 0.014583 0.022222
0 0.558594 0.977778 0.018229 0.025926
0 0.007812 0.325463 0.015625 0.023148
0 0.580729 0.978241 0.017708 0.028704
0 0.043750 0.584259 0.015625 0.022222
0 0.008594 0.221759 0.014063 0.025000
0 0.062500 0.299074 0.013542 0.024074
0 0.473698 0.478241 0.023438 0.015741
0 0.608594 0.074537 0.034896 0.054630
0 0.899479 0.977778 0.020833 0.024074
0 0.237240 0.033333 0.016146 0.018519
0 0.008333 0.033333 0.014583 0.020370
0 0.910156 0.078241 0.018229 0.050926
0 0.115885 0.756944 0.007812 0.015741
0 0.939323 0.007870 0.010937 0.015741
0 0.079687 0.145833 0.013542 0.023148
0 0.124740 0.173148 0.007812 0.016667
0 0.117188 0.585185 0.015625 0.020370
0 0.026302 0.726852 0.015104 0.020370
0 0.853125 0.827315 0.041667 0.025000
0 0.098958 0.610185 0.015625 0.024074
0 0.327083 0.978241 0.019792 0.023148
0 0.116667 0.636574 0.014583 0.023148
0 0.146615 0.193056 0.011979 0.021296
0 0.988802 0.145370 0.019271 0.022222
0 0.063281 0.700463 0.017188 0.025000
0 0.026042 0.272685 0.015625 0.025000
0 0.858333 0.079167 0.026042 0.047222
0 0.806510 0.826389 0.042188 0.025000
0 0.883333 0.080556 0.023958 0.051852
0 0.044010 0.700926 0.014063 0.024074
0 0.080990 0.247222 0.014063 0.024074
0 0.080469 0.610185 0.015104 0.022222
0 0.117188 0.701389 0.013542 0.021296
0 0.747396 0.088889 0.013542 0.020370
0 0.043750 0.247222 0.013542 0.022222
0 0.117188 0.247685 0.013542 0.025000
0 0.983073 0.081019 0.025521 0.062037
0 0.490104 0.977315 0.017708 0.023148
0 0.712240 0.088889 0.013021 0.022222
0 0.025521 0.636111 0.016667 0.024074
0 0.044271 0.352778 0.015625 0.025926
0 0.929167 0.034259 0.013542 0.024074
0 0.586198 0.728241 0.042188 0.025000
0 0.694792 0.088426 0.017708 0.023148
0 0.098698 0.325463 0.013021 0.025000
0 0.080469 0.726852 0.014063 0.022222
0 0.117708 0.325926 0.017708 0.024074
0 0.025521 0.325000 0.015625 0.022222
0 0.044271 0.298611 0.014583 0.025000
0 0.846875 0.199074 0.035417 0.027778
