0 0.116927 0.222222 0.011979 0.022222
0 0.608594 0.074537 0.034896 0.054630
0 0.079687 0.145833 0.013542 0.023148
0 0.899219 0.977315 0.019271 0.025000
0 0.237240 0.033333 0.017188 0.018519
0 0.008333 0.033333 0.014583 0.020370
0 0.199479 0.212963 0.098958 0.018519
0 0.939063 0.008333 0.010417 0.014815
0 0.919271 0.977315 0.013542 0.023148
0 0.124740 0.173148 0.007812 0.016667
0 0.134896 0.172222 0.009375 0.018519
0 0.197396 0.173611 0.007292 0.015741
0 0.125000 0.756481 0.007292 0.014815
0 0.124479 0.561111 0.007292 0.016667
0 0.135156 0.560185 0.007812 0.014815
0 0.025781 0.145370 0.050521 0.027778
0 0.974479 0.172222 0.008333 0.014815
0 0.863281 0.978241 0.015104 0.030556
0 0.879948 0.977315 0.016146 0.026852
0 0.097135 0.145833 0.017188 0.023148
0 0.984375 0.171296 0.009375 0.016667
0 0.115365 0.756481 0.005729 0.014815
0 0.115885 0.172222 0.009896 0.018519
0 0.115104 0.146759 0.015625 0.023148
0 0.835417 0.261111 0.011458 0.022222
0 0.080469 0.662037 0.014063 0.027778
0 0.115104 0.561574 0.009375 0.017593
0 0.132812 0.146296 0.014583 0.020370
0 0.819010 0.173611 0.013021 0.019444
0 0.105990 0.756481 0.009896 0.016667
0 0.070312 0.905093 0.140625 0.026852
0 0.098698 0.585185 0.016146 0.020370
0 0.116406 0.194907 0.010937 0.021296
0 0.025781 0.609722 0.017188 0.019444
0 0.134896 0.756944 0.007292 0.015741
0 0.994792 0.171759 0.009375 0.017593
0 0.770052 0.814815 0.042188 0.025926
0 0.062500 0.195370 0.013542 0.024074
0 0.338281 0.977315 0.019271 0.026852
0 0.964583 0.172685 0.009375 0.015741
0 0.080208 0.584722 0.015625 0.019444
0 0.643750 0.063889 0.019792 0.022222
0 0.661458 0.979630 0.016667 0.025926
0 0.025521 0.222222 0.014583 0.024074
0 0.116406 0.610185 0.015104 0.022222
0 0.008333 0.194907 0.016667 0.025000
0 0.008594 0.635648 0.014063 0.023148
0 0.117188 0.585185 0.015625 0.020370
0 0.079948 0.195370 0.013021 0.022222
0 0.817187 0.815278 0.041667 0.025000
0 0.946354 0.146759 0.012500 0.023148
0 0.007812 0.584259 0.015625 0.024074
0 0.988802 0.145370 0.019271 0.022222
0 0.152083 0.146296 0.018750 0.024074
0 0.641406 0.090278 0.014063 0.023148
0 0.098958 0.636111 0.014583 0.024074
0 0.116667 0.637037 0.014583 0.024074
0 0.894271 0.034259 0.014583 0.022222
0 0.146615 0.193056 0.011979 0.021296
0 0.909635 0.033796 0.013021 0.025000
0 0.098958 0.609722 0.015625 0.023148
0 0.008333 0.272685 0.014583 0.023148
0 0.881250 0.199537 0.033333 0.028704
0 0.007812 0.297685 0.015625 0.026852
0 0.110937 0.089815 0.016667 0.027778
0 0.190104 0.146759 0.013542 0.023148
0 0.026042 0.726852 0.015625 0.020370
0 0.025781 0.584722 0.017188 0.023148
0 0.796094 0.634259 0.084896 0.024074
0 0.408073 0.975926 0.116146 0.033333
0 0.172396 0.146296 0.017708 0.024074
0 0.638802 0.979630 0.015104 0.025926
0 0.063281 0.727315 0.015104 0.019444
0 0.098958 0.221296 0.013542 0.022222
0 0.008333 0.352315 0.014583 0.023148
0 0.061719 0.583796 0.015104 0.021296
0 0.026302 0.700926 0.014063 0.025926
0 0.659115 0.088889 0.013021 0.020370
0 0.710938 0.634722 0.077083 0.025000
0 0.008073 0.700926 0.016146 0.025926
0 0.008333 0.728241 0.016667 0.019444
0 0.918750 0.062963 0.035417 0.024074
0 0.967708 0.145833 0.019792 0.023148
0 0.044010 0.222222 0.013021 0.022222
0 0.025521 0.351852 0.014583 0.025926
0 0.007812 0.610648 0.015625 0.021296
0 0.008073 0.663426 0.016146 0.028704
0 0.207813 0.146759 0.013542 0.021296
0 0.917708 0.200000 0.036458 0.024074
0 0.117969 0.326389 0.017188 0.023148
0 0.080729 0.221296 0.012500 0.022222
0 0.227083 0.146759 0.017708 0.021296
0 0.025781 0.662500 0.014063 0.028704
0 0.117188 0.701852 0.013542 0.022222
0 0.615885 0.979630 0.019271 0.029630
0 0.062500 0.662500 0.015625 0.028704
0 0.676823 0.087963 0.011979 0.022222
0 0.007812 0.325463 0.015625 0.023148
0 0.025781 0.299537 0.014063 0.025000
0 0.730208 0.088889 0.014583 0.022222
0 0.062500 0.221759 0.013542 0.021296
0 0.043750 0.584259 0.015625 0.022222
0 0.026042 0.272685 0.015625 0.025000
0 0.080990 0.700463 0.013021 0.023148
0 0.008594 0.221759 0.014063 0.025000
0 0.044271 0.352778 0.015625 0.025926
0 0.044010 0.610648 0.015104 0.023148
0 0.883594 0.080556 0.024479 0.051852
0 0.098698 0.325463 0.013021 0.025000
0 0.062500 0.299074 0.013542 0.024074
0 0.747396 0.089352 0.013542 0.021296
0 0.983073 0.081944 0.025521 0.063889
0 0.816406 0.318981 0.042188 0.025000
0 0.117188 0.247685 0.013542 0.025000
0 0.044010 0.662500 0.014063 0.028704
0 0.063281 0.700926 0.017188 0.024074
0 0.080729 0.246759 0.013542 0.023148
0 0.044010 0.701389 0.014063 0.025000
0 0.080469 0.610185 0.015104 0.022222
0 0.043750 0.247222 0.013542 0.022222
0 0.478125 0.977778 0.016667 0.024074
0 0.712240 0.088889 0.013021 0.022222
0 0.025521 0.636111 0.016667 0.024074
0 0.592448 0.979167 0.018229 0.028704
0 0.062240 0.325926 0.013021 0.024074
0 0.694792 0.088426 0.017708 0.023148
0 0.025521 0.325000 0.015625 0.022222
0 0.080469 0.326389 0.015104 0.025000
0 0.099219 0.701389 0.014063 0.023148
0 0.044271 0.298611 0.014583 0.025000
0 0.041146 0.083796 0.021875 0.060185
0 0.547135 0.977778 0.016146 0.024074
0 0.044010 0.273148 0.015104 0.024074
0 0.815625 0.604630 0.045833 0.024074
0 0.044271 0.325463 0.013542 0.023148
0 0.501042 0.976852 0.016667 0.022222
0 0.062240 0.610648 0.015104 0.021296
0 0.044010 0.636574 0.015104 0.025000
0 0.099479 0.300000 0.013542 0.024074
0 0.973698 0.032870 0.051562 0.026852
0 0.118490 0.300463 0.017188 0.025000
0 0.080729 0.299074 0.014583 0.024074
0 0.080729 0.635648 0.014583 0.025000
0 0.062500 0.272222 0.014583 0.024074
0 0.847135 0.199537 0.035937 0.028704
0 0.080469 0.727315 0.014063 0.023148
0 0.098437 0.247685 0.012500 0.023148
0 0.044531 0.726852 0.015104 0.020370
0 0.116927 0.274074 0.014063 0.022222
0 0.080469 0.272685 0.015104 0.025000
0 0.088542 0.082870 0.023958 0.060185
0 0.570312 0.977778 0.017708 0.025926
0 0.523698 0.976852 0.017188 0.024074
0 0.065104 0.083333 0.022917 0.059259
0 0.062500 0.636111 0.015625 0.025926
0 0.762500 0.604630 0.052083 0.024074
0 0.707812 0.604630 0.048958 0.024074
0 0.098698 0.273611 0.013021 0.025000
0 0.016406 0.082870 0.026562 0.060185
0 0.815104 0.293519 0.046875 0.024074
0 0.070312 0.830556 0.140625 0.027778
0 0.815365 0.579630 0.045312 0.025926
0 0.070312 0.804630 0.140625 0.027778
0 0.772878 0.064894 0.013661 0.022935
0 0.572344 0.519444 0.167917 0.022222
0 0.910479 0.090102 0.017708 0.025000
0 0.912292 0.918056 0.175417 0.023148
0 0.928823 0.090769 0.017188 0.026852
0 0.166380 0.173611 0.045260 0.017593
0 0.666857 0.349120 0.353891 0.022130
0 0.026682 0.033361 0.015104 0.020370
0 0.977781 0.975694 0.038292 0.027315
0 0.070466 0.927398 0.139276 0.016667
0 0.061604 0.148009 0.016167 0.021296
0 0.518385 0.637028 0.052396 0.016667
0 0.069609 0.858333 0.139219 0.025926
0 0.355651 0.063060 0.143698 0.024454
0 0.189245 0.065532 0.132448 0.019583
0 0.064417 0.248833 0.015104 0.022222
0 0.027266 0.248093 0.015625 0.023148
0 0.858906 0.078704 0.024896 0.046296
0 0.684518 0.063750 0.060443 0.024352
0 0.933750 0.033796 0.022708 0.025000
0 0.008766 0.247630 0.017531 0.024074
0 0.509531 0.088889 0.151354 0.024074
0 0.731875 0.063352 0.034323 0.024630
0 0.272839 0.064352 0.021719 0.023148
0 0.988750 0.007917 0.012500 0.015833
0 0.519357 0.064273 0.134828 0.021694
0 0.099510 0.198472 0.019271 0.024074
0 0.954167 0.083009 0.021875 0.062315
0 0.188885 0.087338 0.135458 0.025880
0 0.112292 0.062981 0.018750 0.020370
0 0.563776 0.493981 0.143281 0.023148
0 0.442052 0.063889 0.015104 0.022222
0 0.272474 0.090741 0.019948 0.025926
0 0.045516 0.194963 0.013906 0.025926
0 0.355185 0.088306 0.143589 0.025056
0 0.183052 0.863954 0.046354 0.075185
0 0.633750 0.293519 0.292917 0.027778
0 0.047531 0.033343 0.016500 0.018519
0 0.963021 0.008722 0.009375 0.017444
0 0.028099 0.195833 0.017656 0.025000
0 0.666237 0.548269 0.350755 0.028704
0 0.071294 0.032898 0.023776 0.022704
0 0.097539 0.032338 0.022891 0.021139
0 0.120487 0.031889 0.014911 0.018889
0 0.140701 0.033019 0.018880 0.022630
0 0.161919 0.033019 0.016828 0.020556
0 0.187232 0.033148 0.029120 0.023407
0 0.215591 0.033278 0.023536 0.021370
0 0.772549 0.089574 0.011693 0.021370
0 0.789656 0.064120 0.013771 0.022926
0 0.788836 0.089380 0.015849 0.022926
0 0.806654 0.063634 0.013443 0.025065
0 0.805232 0.088699 0.013661 0.020787
0 0.822164 0.062981 0.011766 0.019333
0 0.821721 0.087602 0.013661 0.022704
0 0.837341 0.063319 0.014036 0.021361
0 0.811055 0.264310 0.012880 0.029398
0 0.666206 0.372954 0.353891 0.022130
0 0.666206 0.396676 0.353891 0.022130
0 0.668313 0.429130 0.353885 0.022130
0 0.667773 0.470343 0.353891 0.022130
0 0.932174 0.976074 0.012870 0.018963
0 0.945802 0.976227 0.016083 0.024083
