0 0.925750 0.285759 0.148500 0.015889
0 0.837836 0.062755 0.015682 0.019787
0 0.821773 0.088500 0.011891 0.025407
0 0.821771 0.063204 0.011635 0.020685
0 0.805396 0.089398 0.015052 0.022259
0 0.806406 0.065347 0.015052 0.024509
0 0.789206 0.089852 0.014547 0.021352
0 0.789966 0.066130 0.014547 0.025185
0 0.773523 0.089963 0.013786 0.022037
0 0.773776 0.066019 0.014542 0.024056
0 0.213909 0.033954 0.021214 0.017944
0 0.186180 0.032134 0.028099 0.020028
0 0.160716 0.032782 0.014047 0.018731
0 0.139865 0.032523 0.019167 0.016120
0 0.119086 0.032917 0.013901 0.016389
0 0.096258 0.033042 0.020630 0.020287
0 0.684109 0.063551 0.059594 0.024139
0 0.044448 0.273148 0.015104 0.024074
0 0.355073 0.062657 0.143813 0.025500
0 0.933646 0.034259 0.022500 0.024074
0 0.189643 0.064343 0.134568 0.023685
0 0.009766 0.247222 0.017448 0.024074
0 0.027453 0.248926 0.016146 0.024074
0 0.064076 0.247741 0.015859 0.024074
0 0.189497 0.088222 0.134859 0.025407
0 0.516016 0.064815 0.134115 0.022222
0 0.988146 0.008625 0.014583 0.017250
0 0.509818 0.088889 0.151927 0.024074
0 0.859557 0.081481 0.023594 0.050000
0 0.100292 0.197824 0.019792 0.024074
0 0.112109 0.062907 0.018750 0.021296
0 0.111818 0.089037 0.016667 0.027778
0 0.732187 0.062963 0.035937 0.025926
0 0.643240 0.062852 0.019792 0.023148
0 0.642943 0.088917 0.015104 0.022222
0 0.044151 0.195370 0.015729 0.025926
0 0.181417 0.862722 0.044792 0.071667
0 0.914682 0.248870 0.169844 0.015889
0 0.925260 0.302778 0.149479 0.014815
0 0.027422 0.195833 0.016302 0.025000
0 0.045760 0.033287 0.014729 0.018519
0 0.355766 0.089102 0.145865 0.025315
0 0.070331 0.925838 0.138505 0.013324
0 0.166484 0.173148 0.046510 0.020370
0 0.963474 0.008500 0.015104 0.017000
0 0.909667 0.089111 0.017708 0.026852
0 0.860443 0.443981 0.061510 0.013889
0 0.859974 0.460185 0.060573 0.014815
0 0.928385 0.090255 0.017188 0.028009
0 0.914219 0.917593 0.171563 0.022222
0 0.839089 0.314352 0.017188 0.021296
0 0.912656 0.408935 0.171563 0.017315
0 0.027141 0.033167 0.015104 0.020370
0 0.025667 0.273361 0.015333 0.021907
0 0.071190 0.033528 0.021682 0.015741
0 0.975193 0.975995 0.037052 0.032639
0 0.945023 0.975801 0.011693 0.025269
0 0.932070 0.974634 0.011151 0.022157
0 0.915523 0.547935 0.168953 0.015889
0 0.915451 0.530769 0.169099 0.015889
0 0.915523 0.513074 0.168953 0.015889
0 0.915599 0.495648 0.168802 0.015889
0 0.914755 0.373130 0.169844 0.015889
0 0.915560 0.355468 0.168880 0.015880
0 0.915461 0.338056 0.169078 0.015889
0 0.925156 0.320069 0.149688 0.015880
0 0.915083 0.267093 0.169833 0.015889
0 0.939323 0.008333 0.010937 0.016667
0 0.837760 0.287963 0.017188 0.020370
0 0.190365 0.146296 0.015104 0.025926
0 0.207813 0.146296 0.014583 0.024074
0 0.967708 0.146296 0.019792 0.022222
0 0.946354 0.146759 0.013542 0.021296
0 0.008073 0.351852 0.015104 0.024074
0 0.672917 0.981019 0.016667 0.028704
0 0.080469 0.221759 0.013021 0.023148
0 0.909896 0.034259 0.013542 0.025926
0 0.044010 0.222222 0.013021 0.022222
0 0.894531 0.034259 0.014063 0.022222
0 0.008333 0.727778 0.016667 0.020370
0 0.025521 0.352315 0.014583 0.026852
0 0.271094 0.090741 0.017188 0.025926
0 0.650260 0.981481 0.017188 0.029630
0 0.172135 0.146296 0.018229 0.025926
0 0.659375 0.088426 0.013542 0.021296
0 0.227083 0.146296 0.017708 0.024074
0 0.025781 0.584259 0.017188 0.024074
0 0.917448 0.200463 0.035937 0.025000
0 0.152083 0.145833 0.018750 0.025000
0 0.465885 0.977778 0.017188 0.025926
0 0.008333 0.700463 0.016667 0.026852
0 0.116667 0.636574 0.015625 0.025000
0 0.008594 0.635648 0.014063 0.025000
0 0.146615 0.193519 0.011979 0.022222
0 0.026042 0.700926 0.014583 0.025926
0 0.008333 0.273148 0.014583 0.024074
0 0.627344 0.980556 0.016146 0.027778
0 0.007812 0.610185 0.015625 0.022222
0 0.061719 0.584259 0.015104 0.022222
0 0.008073 0.298148 0.016146 0.027778
0 0.116927 0.221759 0.013021 0.023148
0 0.098958 0.609722 0.015625 0.023148
0 0.008333 0.194907 0.016667 0.025000
0 0.026042 0.726852 0.015625 0.020370
0 0.117188 0.584722 0.015625 0.021296
0 0.098698 0.636111 0.015104 0.024074
0 0.327083 0.978241 0.020833 0.025000
0 0.099219 0.221296 0.014063 0.022222
0 0.079948 0.194907 0.013021 0.023148
0 0.070052 0.858333 0.140104 0.027778
0 0.988802 0.145370 0.019271 0.022222
0 0.918490 0.063426 0.036979 0.025000
0 0.025781 0.222222 0.015104 0.024074
0 0.879948 0.976852 0.014063 0.027778
0 0.116146 0.609722 0.015625 0.023148
0 0.881250 0.199537 0.032292 0.028704
0 0.007812 0.584722 0.015625 0.025000
0 0.105990 0.756481 0.009896 0.018519
0 0.062500 0.195370 0.013542 0.024074
0 0.115365 0.146296 0.016146 0.024074
0 0.846615 0.977778 0.015104 0.025926
0 0.134896 0.756944 0.007292 0.017593
0 0.080208 0.584722 0.015625 0.021296
0 0.116667 0.195370 0.011458 0.022222
0 0.965625 0.171759 0.011458 0.015741
0 0.994792 0.172222 0.009375 0.016667
0 0.863281 0.976852 0.016146 0.027778
0 0.819531 0.174074 0.011979 0.020370
0 0.080469 0.662037 0.014063 0.027778
0 0.115104 0.561111 0.009375 0.018519
0 0.098958 0.585185 0.016667 0.022222
0 0.133073 0.146296 0.015104 0.022222
0 0.115365 0.756481 0.006771 0.016667
0 0.025781 0.609722 0.017188 0.019444
0 0.097135 0.145833 0.017188 0.025000
0 0.115625 0.172222 0.010417 0.020370
0 0.984375 0.171296 0.009375 0.016667
0 0.025781 0.145370 0.050521 0.027778
0 0.124740 0.756481 0.007812 0.016667
0 0.608594 0.077315 0.034896 0.054630
0 0.236979 0.033333 0.016667 0.020370
0 0.135156 0.172222 0.009896 0.020370
0 0.124479 0.561111 0.007292 0.016667
0 0.197396 0.173611 0.008333 0.019444
0 0.135156 0.560185 0.007812 0.016667
0 0.079167 0.145833 0.013542 0.025000
0 0.974479 0.172222 0.008333 0.014815
0 0.117188 0.701389 0.014583 0.023148
0 0.124740 0.173148 0.007812 0.018519
0 0.193750 0.212963 0.087500 0.018519
0 0.007812 0.033796 0.014583 0.023148
0 0.899479 0.976852 0.021875 0.027778
0 0.918750 0.976389 0.013542 0.026852
0 0.070312 0.904167 0.140625 0.025000
0 0.061719 0.145833 0.018229 0.025000
0 0.070573 0.804630 0.141146 0.027778
0 0.070573 0.830556 0.141146 0.027778
0 0.016406 0.081944 0.026562 0.062037
0 0.098698 0.273611 0.013021 0.025000
0 0.065104 0.083333 0.021875 0.059259
0 0.062240 0.636111 0.016146 0.025926
0 0.116927 0.273611 0.014063 0.023148
0 0.080469 0.272685 0.015104 0.025000
0 0.080469 0.635648 0.015104 0.025000
0 0.062500 0.272685 0.014583 0.025000
0 0.118490 0.300463 0.018229 0.025000
0 0.088542 0.082870 0.023958 0.060185
0 0.271094 0.064815 0.018229 0.025926
0 0.044010 0.325463 0.014063 0.023148
0 0.040625 0.083333 0.021875 0.061111
0 0.098437 0.247685 0.012500 0.025000
0 0.062500 0.610648 0.014583 0.021296
0 0.044010 0.636574 0.015104 0.025000
0 0.044531 0.726852 0.015104 0.020370
0 0.099479 0.299537 0.013542 0.025000
0 0.044271 0.298611 0.014583 0.025000
0 0.080469 0.727315 0.014063 0.023148
0 0.080729 0.299074 0.014583 0.024074
0 0.025521 0.325463 0.015625 0.023148
0 0.396615 0.976389 0.117188 0.034259
0 0.099219 0.701389 0.014063 0.023148
0 0.025260 0.636111 0.017188 0.024074
0 0.043750 0.247685 0.013542 0.023148
0 0.712240 0.088426 0.014063 0.023148
0 0.883333 0.081944 0.023958 0.054630
0 0.983073 0.081944 0.025521 0.063889
0 0.044010 0.662500 0.014063 0.028704
0 0.512760 0.977315 0.017188 0.025000
0 0.080469 0.325926 0.015104 0.025926
0 0.080469 0.610185 0.015104 0.022222
0 0.694792 0.088426 0.017708 0.023148
0 0.062240 0.325463 0.013021 0.025000
0 0.080729 0.247222 0.014583 0.024074
0 0.044271 0.700926 0.014583 0.025926
0 0.008594 0.221759 0.014063 0.025000
0 0.558333 0.978241 0.018750 0.026852
0 0.729948 0.088426 0.015104 0.023148
0 0.117448 0.248148 0.014063 0.025926
0 0.044271 0.610648 0.015625 0.023148
0 0.973437 0.033333 0.051042 0.025926
0 0.063281 0.700463 0.017188 0.025000
0 0.080990 0.700463 0.013021 0.023148
0 0.044271 0.352778 0.015625 0.025926
0 0.062500 0.299074 0.013542 0.024074
0 0.747396 0.088889 0.014583 0.022222
0 0.025781 0.299537 0.014063 0.025000
0 0.580729 0.979167 0.018750 0.030556
0 0.026042 0.662963 0.014583 0.029630
0 0.043750 0.584259 0.015625 0.022222
0 0.118229 0.326389 0.017708 0.023148
0 0.954167 0.087963 0.021875 0.074074
0 0.604167 0.979630 0.020833 0.031481
0 0.007812 0.325463 0.015625 0.023148
0 0.062500 0.662500 0.015625 0.028704
0 0.098698 0.325463 0.013021 0.025000
0 0.441667 0.064815 0.015625 0.024074
0 0.062500 0.221759 0.013542 0.023148
0 0.534896 0.977315 0.017708 0.025000
0 0.846875 0.199537 0.035417 0.028704
0 0.490104 0.977315 0.018750 0.023148
0 0.008073 0.663889 0.016146 0.029630
0 0.676562 0.087963 0.012500 0.022222
0 0.063281 0.726852 0.016146 0.020370
