0 0.212966 0.032440 0.024880 0.024380
0 0.026693 0.195370 0.017969 0.025926
0 0.182255 0.862889 0.046510 0.073611
0 0.167760 0.172685 0.048021 0.019444
0 0.044479 0.195370 0.014167 0.025926
0 0.643750 0.064352 0.019792 0.022222
0 0.272318 0.090741 0.020677 0.025926
0 0.355302 0.088241 0.145333 0.026481
0 0.111523 0.063426 0.019141 0.021296
0 0.099833 0.196556 0.018750 0.024074
0 0.860339 0.081481 0.022031 0.050000
0 0.954755 0.081620 0.021875 0.061389
0 0.509714 0.088889 0.151719 0.024074
0 0.989297 0.010046 0.014063 0.020093
0 0.027292 0.248148 0.016146 0.024074
0 0.064974 0.247824 0.015104 0.024074
0 0.081312 0.246444 0.014583 0.024074
0 0.009596 0.246926 0.015755 0.024074
0 0.272370 0.064352 0.020781 0.025000
0 0.518453 0.065185 0.135521 0.021481
0 0.974635 0.032130 0.050729 0.025926
0 0.190630 0.087963 0.137500 0.025926
0 0.935339 0.033796 0.025885 0.025000
0 0.189177 0.064250 0.133417 0.024056
0 0.355719 0.063528 0.144083 0.022611
0 0.913828 0.497222 0.152656 0.018519
0 0.911484 0.479630 0.157344 0.018519
0 0.025911 0.033556 0.015104 0.020370
0 0.914523 0.920681 0.170953 0.023083
0 0.913385 0.637500 0.151771 0.017593
0 0.870833 0.760648 0.063542 0.013889
0 0.877161 0.831019 0.076198 0.013889
0 0.317734 0.145833 0.125052 0.019444
0 0.912424 0.583444 0.154943 0.016667
0 0.863437 0.813426 0.048750 0.012037
0 0.877422 0.848148 0.076719 0.012963
0 0.855547 0.795833 0.052760 0.013889
0 0.855052 0.865741 0.033021 0.012963
0 0.912500 0.900000 0.153125 0.018519
0 0.913438 0.619907 0.151875 0.017593
0 0.864453 0.425463 0.069531 0.015741
0 0.070651 0.923991 0.141302 0.014241
0 0.928724 0.088856 0.017188 0.025435
0 0.912812 0.601852 0.151667 0.018519
0 0.910573 0.087500 0.016354 0.026852
0 0.912232 0.565157 0.154964 0.017593
0 0.046924 0.033037 0.015422 0.018519
0 0.196536 0.213324 0.087490 0.021352
0 0.977091 0.978245 0.040974 0.031306
0 0.945177 0.975537 0.012021 0.019259
0 0.932141 0.974486 0.009990 0.020769
0 0.918424 0.974935 0.013714 0.025278
0 0.875539 0.881329 0.073984 0.014750
0 0.881937 0.777519 0.086771 0.016648
0 0.911120 0.741958 0.157615 0.015602
0 0.911266 0.723486 0.157615 0.015602
0 0.911266 0.706838 0.157615 0.015602
0 0.911854 0.688889 0.157615 0.015611
0 0.912438 0.671458 0.157615 0.015602
0 0.912234 0.654694 0.157615 0.015611
0 0.911049 0.443486 0.163120 0.015602
0 0.911557 0.407509 0.163125 0.015611
0 0.911214 0.390519 0.163125 0.015611
0 0.911893 0.374000 0.163120 0.015611
0 0.911893 0.355463 0.163120 0.015611
0 0.909328 0.338319 0.163125 0.015602
0 0.909781 0.321796 0.163125 0.015611
0 0.910008 0.304051 0.163120 0.015602
0 0.910461 0.287731 0.163120 0.016019
0 0.910687 0.270218 0.163125 0.019676
0 0.911146 0.250671 0.163125 0.019676
0 0.837073 0.063088 0.015031 0.018139
0 0.821326 0.087204 0.010682 0.020037
0 0.822677 0.063343 0.011708 0.022370
0 0.805523 0.088380 0.014484 0.021852
0 0.806109 0.064574 0.014490 0.021593
0 0.789062 0.088764 0.015219 0.020028
0 0.788914 0.064574 0.014339 0.023148
0 0.772745 0.090065 0.015073 0.022111
0 0.772526 0.065222 0.015510 0.023926
0 0.185151 0.032616 0.024875 0.024028
0 0.163112 0.030875 0.018411 0.022639
0 0.139974 0.032931 0.019021 0.020009
0 0.119292 0.032819 0.014927 0.018139
0 0.096760 0.034083 0.020688 0.019315
0 0.070591 0.033745 0.023901 0.018972
0 0.009896 0.805093 0.010417 0.019444
0 0.070312 0.804630 0.140625 0.027778
0 0.070573 0.830556 0.141146 0.027778
0 0.016406 0.081944 0.026562 0.062037
0 0.098698 0.273611 0.013021 0.025000
0 0.065104 0.083796 0.021875 0.060185
0 0.396875 0.976389 0.116667 0.034259
0 0.116927 0.274074 0.014063 0.022222
0 0.080469 0.272685 0.015104 0.025000
0 0.088542 0.082870 0.023958 0.060185
0 0.080469 0.635648 0.015104 0.025000
0 0.080469 0.727315 0.014063 0.023148
0 0.062500 0.272685 0.014583 0.025000
0 0.118229 0.300463 0.017708 0.025000
0 0.044010 0.325463 0.014063 0.023148
0 0.040625 0.083333 0.021875 0.061111
0 0.683854 0.062500 0.061458 0.026852
0 0.044271 0.298611 0.014583 0.025000
0 0.098437 0.247685 0.012500 0.025000
0 0.099479 0.300000 0.013542 0.024074
0 0.044010 0.273148 0.015104 0.024074
0 0.391406 0.146759 0.015104 0.021296
0 0.983073 0.081019 0.025521 0.062037
0 0.080729 0.299074 0.014583 0.024074
0 0.044531 0.726852 0.016146 0.020370
0 0.062500 0.636111 0.015625 0.025926
0 0.025521 0.325463 0.015625 0.023148
0 0.694792 0.088426 0.017708 0.023148
0 0.711979 0.088426 0.013542 0.023148
0 0.062500 0.610648 0.014583 0.021296
0 0.512500 0.977315 0.017708 0.025000
0 0.441667 0.064815 0.015625 0.024074
0 0.008594 0.221759 0.014063 0.025000
0 0.099219 0.701389 0.014063 0.023148
0 0.044271 0.662500 0.014583 0.028704
0 0.043750 0.247685 0.013542 0.023148
0 0.080469 0.325926 0.015104 0.025926
0 0.558333 0.978241 0.018750 0.028704
0 0.044792 0.636111 0.017708 0.025926
0 0.747656 0.088889 0.014063 0.022222
0 0.062500 0.662500 0.015625 0.028704
0 0.062240 0.325463 0.013021 0.025000
0 0.044271 0.700926 0.014583 0.025926
0 0.883073 0.081944 0.024479 0.054630
0 0.080729 0.610185 0.015625 0.022222
0 0.730208 0.088889 0.014583 0.022222
0 0.025781 0.662963 0.014063 0.029630
0 0.063281 0.700463 0.017188 0.025000
0 0.080990 0.700463 0.013021 0.023148
0 0.117448 0.248148 0.014063 0.025926
0 0.025260 0.636111 0.016146 0.024074
0 0.062500 0.299074 0.013542 0.024074
0 0.044271 0.352778 0.015625 0.025926
0 0.909896 0.034259 0.013542 0.025926
0 0.025781 0.299537 0.014063 0.025000
0 0.098698 0.325463 0.013021 0.025000
0 0.490104 0.976852 0.018750 0.024074
0 0.580729 0.979167 0.018750 0.030556
0 0.673177 0.981019 0.017188 0.028704
0 0.007812 0.325463 0.015625 0.023148
0 0.676562 0.087963 0.012500 0.022222
0 0.535156 0.977778 0.018229 0.025926
0 0.327344 0.978241 0.021354 0.025000
0 0.026042 0.273148 0.015625 0.025926
0 0.008073 0.663426 0.016146 0.030556
0 0.117969 0.325926 0.017188 0.024074
0 0.604167 0.979630 0.020833 0.031481
0 0.466146 0.978241 0.017708 0.026852
0 0.062500 0.221759 0.013542 0.023148
0 0.043750 0.583796 0.015625 0.023148
0 0.063281 0.727315 0.016146 0.021296
0 0.117188 0.701389 0.014583 0.023148
0 0.650260 0.980556 0.017188 0.029630
0 0.918750 0.062963 0.036458 0.024074
0 0.044271 0.610648 0.016667 0.023148
0 0.946354 0.146759 0.013542 0.023148
0 0.731510 0.062963 0.035937 0.025926
0 0.659115 0.088426 0.013021 0.021296
0 0.894271 0.034259 0.013542 0.022222
0 0.008073 0.351852 0.015104 0.024074
0 0.967708 0.145833 0.019792 0.023148
0 0.080469 0.221759 0.013021 0.023148
0 0.846875 0.199537 0.035417 0.028704
0 0.025521 0.352315 0.014583 0.026852
0 0.008333 0.727778 0.016667 0.020370
0 0.150521 0.146296 0.015625 0.027778
0 0.044010 0.222222 0.013021 0.022222
0 0.026042 0.700463 0.014583 0.026852
0 0.627083 0.980556 0.016667 0.027778
0 0.008594 0.635648 0.014063 0.025000
0 0.007552 0.194907 0.015104 0.025000
0 0.008333 0.700463 0.016667 0.026852
0 0.116667 0.637037 0.015625 0.024074
0 0.061719 0.583796 0.015104 0.021296
0 0.117188 0.584722 0.015625 0.021296
0 0.146615 0.193519 0.011979 0.022222
0 0.099219 0.610185 0.016146 0.024074
0 0.025781 0.583796 0.017188 0.025000
0 0.008333 0.273148 0.014583 0.024074
0 0.007812 0.297685 0.015625 0.026852
0 0.110937 0.089815 0.016667 0.027778
0 0.080208 0.194907 0.012500 0.023148
0 0.168229 0.146296 0.015625 0.027778
0 0.026042 0.726852 0.015625 0.020370
0 0.917448 0.200000 0.035937 0.024074
0 0.098958 0.636111 0.015625 0.024074
0 0.025521 0.222222 0.015625 0.024074
0 0.115365 0.145833 0.016146 0.026852
0 0.244531 0.145833 0.014063 0.025000
0 0.116927 0.221759 0.013021 0.023148
0 0.008073 0.584259 0.016146 0.025926
0 0.008073 0.610185 0.016146 0.022222
0 0.225781 0.145833 0.020313 0.026852
0 0.099219 0.221296 0.014063 0.022222
0 0.116146 0.609722 0.015625 0.023148
0 0.205208 0.146296 0.016667 0.025926
0 0.988802 0.145370 0.019271 0.022222
0 0.641667 0.089815 0.014583 0.024074
0 0.115104 0.561111 0.009375 0.018519
0 0.133333 0.145370 0.015625 0.025926
0 0.062500 0.195370 0.013542 0.024074
0 0.881250 0.199537 0.032292 0.028704
0 0.097917 0.145833 0.014583 0.026852
0 0.846615 0.978241 0.014063 0.023148
0 0.186458 0.145370 0.017708 0.027778
0 0.134896 0.756944 0.007292 0.017593
0 0.116406 0.194444 0.010937 0.022222
0 0.105990 0.756481 0.009896 0.018519
0 0.080208 0.584259 0.015625 0.020370
0 0.098958 0.584722 0.016667 0.021296
0 0.994792 0.172222 0.009375 0.016667
0 0.965625 0.171759 0.011458 0.015741
0 0.080469 0.662037 0.014063 0.027778
0 0.879948 0.977778 0.014063 0.024074
0 0.863021 0.977778 0.015625 0.024074
0 0.115365 0.756481 0.006771 0.016667
0 0.079167 0.146296 0.017708 0.025926
0 0.818750 0.173611 0.013542 0.021296
0 0.115625 0.172222 0.010417 0.020370
0 0.070312 0.904630 0.140625 0.025926
0 0.070052 0.857870 0.140104 0.026852
0 0.236979 0.033796 0.016667 0.021296
0 0.025781 0.609259 0.018229 0.020370
0 0.197396 0.173611 0.008333 0.017593
0 0.608594 0.076852 0.034896 0.055556
0 0.984375 0.171296 0.009375 0.016667
0 0.124740 0.756481 0.007812 0.016667
0 0.961979 0.010185 0.013542 0.020370
0 0.124479 0.560648 0.007292 0.017593
0 0.135156 0.560185 0.007812 0.016667
0 0.025781 0.145370 0.050521 0.027778
0 0.134635 0.171759 0.009896 0.021296
0 0.974479 0.172222 0.008333 0.014815
0 0.124740 0.172685 0.007812 0.019444
0 0.060417 0.146296 0.015625 0.025926
0 0.939323 0.008333 0.010937 0.016667
0 0.864323 0.514352 0.051562 0.015741
0 0.846615 0.461574 0.034896 0.019444
0 0.007812 0.033796 0.014583 0.023148
0 0.899740 0.977315 0.022396 0.025000
