0 0.641927 0.089815 0.015104 0.022222
0 0.070312 0.804630 0.140625 0.027778
0 0.070312 0.830556 0.140625 0.027778
0 0.098698 0.273611 0.013021 0.025000
0 0.720573 0.283796 0.042188 0.025000
0 0.016667 0.082870 0.026042 0.060185
0 0.396354 0.975926 0.115625 0.033333
0 0.062500 0.636111 0.015625 0.025926
0 0.080208 0.272685 0.014583 0.025000
0 0.116667 0.274074 0.013542 0.022222
0 0.065104 0.083796 0.021875 0.058333
0 0.098437 0.247685 0.012500 0.023148
0 0.062500 0.272222 0.014583 0.024074
0 0.043750 0.636574 0.014583 0.025000
0 0.512500 0.977315 0.016667 0.023148
0 0.088542 0.082407 0.023958 0.059259
0 0.062240 0.611111 0.015104 0.020370
0 0.080469 0.636111 0.015104 0.024074
0 0.118490 0.300463 0.017188 0.025000
0 0.080729 0.727315 0.013542 0.023148
0 0.080469 0.299074 0.014063 0.024074
0 0.099479 0.300000 0.013542 0.024074
0 0.044271 0.325463 0.013542 0.023148
0 0.044010 0.273148 0.015104 0.024074
0 0.044531 0.298611 0.014063 0.025000
0 0.846875 0.199074 0.035417 0.027778
0 0.490104 0.976852 0.017708 0.022222
0 0.044531 0.726852 0.015104 0.020370
0 0.040885 0.083796 0.021354 0.060185
0 0.558594 0.977315 0.018229 0.025000
0 0.080729 0.246759 0.013542 0.023148
0 0.025521 0.636111 0.016667 0.024074
0 0.099219 0.701389 0.014063 0.023148
0 0.025781 0.325000 0.015104 0.022222
0 0.043750 0.247222 0.013542 0.022222
0 0.080469 0.610185 0.015104 0.022222
0 0.080729 0.325926 0.014583 0.025926
0 0.062240 0.325463 0.013021 0.025000
0 0.117188 0.247685 0.013542 0.025000
0 0.063281 0.700926 0.017188 0.024074
0 0.044010 0.610648 0.015104 0.023148
0 0.535417 0.977778 0.016667 0.024074
0 0.580729 0.978704 0.017708 0.027778
0 0.603906 0.979167 0.019271 0.030556
0 0.712500 0.088426 0.014583 0.023148
0 0.062500 0.299074 0.013542 0.024074
0 0.917448 0.200463 0.035937 0.025000
0 0.694792 0.088426 0.017708 0.023148
0 0.883333 0.081481 0.025000 0.053704
0 0.008854 0.221759 0.013542 0.025000
0 0.044010 0.700926 0.014063 0.024074
0 0.062500 0.221759 0.013542 0.021296
0 0.098698 0.325463 0.013021 0.025000
0 0.044010 0.662500 0.014063 0.028704
0 0.627344 0.980556 0.015104 0.025926
0 0.025781 0.299537 0.014063 0.025000
0 0.650521 0.981481 0.016667 0.029630
0 0.466146 0.978241 0.016667 0.025000
0 0.043750 0.584259 0.015625 0.022222
0 0.080729 0.700463 0.012500 0.023148
0 0.044010 0.352778 0.015104 0.025926
0 0.007812 0.610648 0.015625 0.021296
0 0.673177 0.981019 0.017188 0.028704
0 0.007812 0.325463 0.015625 0.023148
0 0.080729 0.221759 0.012500 0.021296
0 0.117969 0.326389 0.017188 0.023148
0 0.747656 0.089352 0.014063 0.021296
0 0.026302 0.272685 0.015104 0.025000
0 0.227083 0.147222 0.017708 0.022222
0 0.919010 0.062963 0.035937 0.024074
0 0.207813 0.146759 0.013542 0.021296
0 0.044010 0.222222 0.013021 0.022222
0 0.730208 0.088426 0.015625 0.023148
0 0.062500 0.662500 0.015625 0.028704
0 0.008333 0.728241 0.016667 0.019444
0 0.008073 0.700463 0.016146 0.025000
0 0.116927 0.222222 0.011979 0.022222
0 0.117188 0.701852 0.013542 0.022222
0 0.025521 0.351852 0.014583 0.025926
0 0.026042 0.662500 0.013542 0.028704
0 0.967708 0.146296 0.019792 0.022222
0 0.973698 0.032870 0.051562 0.026852
0 0.008073 0.352315 0.014063 0.023148
0 0.172396 0.146296 0.017708 0.024074
0 0.946094 0.146759 0.013021 0.021296
0 0.026302 0.700926 0.014063 0.025926
0 0.008073 0.663426 0.016146 0.028704
0 0.099219 0.221296 0.013021 0.022222
0 0.146615 0.193519 0.011979 0.022222
0 0.894271 0.034259 0.013542 0.022222
0 0.025781 0.584722 0.017188 0.023148
0 0.190365 0.146759 0.014063 0.023148
0 0.110937 0.089815 0.016667 0.027778
0 0.909635 0.034259 0.013021 0.024074
0 0.151823 0.146296 0.018229 0.024074
0 0.063021 0.726852 0.014583 0.022222
0 0.026042 0.726852 0.015625 0.020370
0 0.098958 0.609722 0.015625 0.023148
0 0.327344 0.977778 0.020313 0.024074
0 0.008333 0.272685 0.014583 0.023148
0 0.588802 0.284722 0.213021 0.026852
0 0.881510 0.199537 0.032813 0.028704
0 0.007812 0.297685 0.015625 0.026852
0 0.098958 0.636111 0.014583 0.024074
0 0.116667 0.637037 0.014583 0.024074
0 0.676562 0.087500 0.013542 0.021296
0 0.988542 0.145370 0.018750 0.022222
0 0.116406 0.610185 0.015104 0.022222
0 0.007812 0.584722 0.015625 0.023148
0 0.117188 0.585185 0.015625 0.020370
0 0.008594 0.636111 0.014063 0.024074
0 0.659375 0.088426 0.013542 0.021296
0 0.080208 0.195370 0.012500 0.022222
0 0.008333 0.194907 0.016667 0.025000
0 0.025521 0.222222 0.014583 0.024074
0 0.061719 0.584259 0.015104 0.020370
0 0.062500 0.195833 0.012500 0.023148
0 0.964844 0.172685 0.009896 0.015741
0 0.863281 0.978241 0.015104 0.021296
0 0.846875 0.978704 0.013542 0.022222
0 0.080208 0.584722 0.015625 0.019444
0 0.116406 0.194907 0.010937 0.021296
0 0.348698 0.977315 0.017188 0.028704
0 0.994792 0.171296 0.009375 0.016667
0 0.132812 0.146296 0.014583 0.020370
0 0.105990 0.756481 0.009896 0.016667
0 0.134896 0.756944 0.007292 0.015741
0 0.025781 0.609722 0.017188 0.019444
0 0.115104 0.146759 0.015625 0.023148
0 0.070312 0.905093 0.140625 0.026852
0 0.098698 0.585185 0.016146 0.020370
0 0.115885 0.172222 0.009896 0.018519
0 0.080469 0.662037 0.014063 0.027778
0 0.115104 0.560648 0.009375 0.017593
0 0.984375 0.171296 0.009375 0.016667
0 0.115365 0.756481 0.005729 0.014815
0 0.097135 0.145833 0.017188 0.023148
0 0.974479 0.172222 0.008333 0.014815
0 0.069792 0.857870 0.139583 0.026852
0 0.720573 0.892593 0.041146 0.024074
0 0.185938 0.174074 0.010417 0.016667
0 0.608594 0.077315 0.034896 0.056481
0 0.674219 0.892593 0.041146 0.024074
0 0.125000 0.756481 0.007292 0.014815
0 0.736979 0.170370 0.016667 0.025926
0 0.134896 0.560185 0.007292 0.014815
0 0.197396 0.174074 0.007292 0.016667
0 0.161458 0.173148 0.035417 0.018519
0 0.124740 0.561111 0.006771 0.016667
0 0.025781 0.144907 0.050521 0.028704
0 0.134896 0.172222 0.009375 0.018519
0 0.932813 0.977315 0.011458 0.023148
0 0.199479 0.212500 0.098958 0.019444
0 0.124740 0.173148 0.007812 0.016667
0 0.237240 0.032870 0.017188 0.019444
0 0.079687 0.145833 0.013542 0.023148
0 0.939063 0.007870 0.010417 0.015741
0 0.899479 0.977778 0.020833 0.022222
0 0.008333 0.033333 0.013542 0.020370
0 0.008073 0.146759 0.013021 0.021296
0 0.605990 0.853241 0.272396 0.043519
0 0.946385 0.975935 0.014583 0.025926
0 0.070576 0.924875 0.141141 0.011731
0 0.518255 0.204167 0.087552 0.013889
0 0.063589 0.146750 0.018750 0.019444
0 0.027708 0.247222 0.015625 0.023148
0 0.070969 0.033736 0.023479 0.022713
0 0.097482 0.033736 0.021547 0.020417
0 0.821536 0.089264 0.012646 0.022250
0 0.983073 0.081435 0.025521 0.062870
0 0.954167 0.082639 0.021875 0.061574
0 0.988318 0.009056 0.012500 0.018111
0 0.518260 0.063366 0.133062 0.022657
0 0.442427 0.063759 0.015104 0.023148
0 0.099740 0.197630 0.019271 0.024074
0 0.112490 0.063278 0.018750 0.020370
0 0.730552 0.063935 0.033688 0.023981
0 0.821148 0.062773 0.011349 0.025694
0 0.189505 0.088782 0.133906 0.024657
0 0.064461 0.248769 0.015172 0.022222
0 0.837404 0.062889 0.014453 0.021333
0 0.805862 0.090287 0.015609 0.021093
0 0.806310 0.064833 0.016516 0.027981
0 0.788185 0.089838 0.015349 0.021565
0 0.521706 0.806296 0.084328 0.027704
0 0.189727 0.063949 0.134193 0.022898
0 0.683617 0.063681 0.059641 0.023472
0 0.355182 0.063648 0.144115 0.022852
0 0.789154 0.065639 0.014964 0.023167
0 0.772961 0.089148 0.013286 0.023389
0 0.009687 0.247454 0.015729 0.024074
0 0.933542 0.034259 0.022292 0.024074
0 0.272982 0.062963 0.020026 0.023148
0 0.272328 0.088954 0.020073 0.025926
0 0.772703 0.063690 0.013802 0.021565
0 0.605234 0.775926 0.253073 0.025926
0 0.509922 0.088639 0.150052 0.024204
0 0.213831 0.032051 0.023880 0.022287
0 0.186513 0.034968 0.028359 0.020694
0 0.043857 0.194685 0.015620 0.025000
0 0.161510 0.033245 0.016271 0.021491
0 0.140612 0.032847 0.018661 0.020694
0 0.181167 0.860704 0.041250 0.075185
0 0.118768 0.031097 0.014578 0.022472
0 0.607057 0.749074 0.252552 0.025926
0 0.355633 0.089051 0.145505 0.025972
0 0.046784 0.032000 0.016432 0.018519
0 0.715005 0.173120 0.018750 0.027778
0 0.643266 0.061713 0.019792 0.023148
0 0.027396 0.195833 0.016250 0.025000
0 0.963057 0.009125 0.009896 0.018250
0 0.612786 0.227315 0.261927 0.023148
0 0.915234 0.918056 0.169531 0.023148
0 0.976839 0.975477 0.037573 0.029287
0 0.508490 0.262037 0.066979 0.012963
0 0.518958 0.693981 0.062917 0.013889
0 0.909896 0.089028 0.017708 0.025926
0 0.919464 0.976463 0.013542 0.021296
0 0.928833 0.088426 0.017188 0.026852
0 0.026927 0.031500 0.014687 0.020370
