0 0.044010 0.636111 0.015104 0.025926
0 0.851302 0.320833 0.042188 0.015741
0 0.899479 0.977315 0.021875 0.026852
0 0.124740 0.172685 0.007812 0.017593
0 0.189583 0.212500 0.077083 0.019444
0 0.974219 0.172222 0.008854 0.014815
0 0.079167 0.145370 0.013542 0.024074
0 0.939323 0.008333 0.010937 0.016667
0 0.134896 0.172222 0.009375 0.020370
0 0.135156 0.560185 0.007812 0.016667
0 0.197656 0.173611 0.008854 0.019444
0 0.124479 0.561111 0.007292 0.016667
0 0.608594 0.077778 0.034896 0.051852
0 0.124740 0.756481 0.007812 0.016667
0 0.025781 0.145370 0.050521 0.027778
0 0.961458 0.010185 0.015625 0.020370
0 0.984375 0.171296 0.009375 0.016667
0 0.819531 0.174074 0.010937 0.020370
0 0.097135 0.146296 0.017188 0.024074
0 0.115625 0.172222 0.010417 0.020370
0 0.115104 0.756481 0.006250 0.016667
0 0.025781 0.609259 0.017188 0.020370
0 0.133073 0.145833 0.015104 0.021296
0 0.070312 0.905093 0.140625 0.026852
0 0.105729 0.757407 0.010417 0.018519
0 0.115104 0.561111 0.009375 0.018519
0 0.098958 0.585185 0.016667 0.022222
0 0.080469 0.662037 0.014063 0.027778
0 0.115104 0.146296 0.015625 0.024074
0 0.116406 0.194444 0.010937 0.022222
0 0.965885 0.171759 0.011979 0.015741
0 0.863021 0.977315 0.015625 0.026852
0 0.994792 0.172222 0.009375 0.016667
0 0.134896 0.756944 0.007292 0.017593
0 0.062500 0.195370 0.013542 0.024074
0 0.080208 0.585185 0.015625 0.020370
0 0.846354 0.977778 0.014583 0.025926
0 0.881250 0.199537 0.032292 0.028704
0 0.079948 0.194907 0.013021 0.023148
0 0.025521 0.222222 0.014583 0.024074
0 0.116406 0.609722 0.015104 0.023148
0 0.879948 0.977315 0.014063 0.026852
0 0.007812 0.584722 0.015625 0.025000
0 0.098958 0.221296 0.014583 0.022222
0 0.117188 0.585185 0.015625 0.020370
0 0.116927 0.221759 0.013021 0.023148
0 0.008333 0.273148 0.014583 0.024074
0 0.146615 0.193519 0.011979 0.022222
0 0.008333 0.194907 0.016667 0.025000
0 0.988802 0.145833 0.019271 0.023148
0 0.098958 0.636574 0.014583 0.025000
0 0.917448 0.200463 0.036979 0.025000
0 0.008333 0.298148 0.015625 0.027778
0 0.098958 0.610185 0.015625 0.024074
0 0.152083 0.145833 0.018750 0.025000
0 0.327083 0.978241 0.020833 0.025000
0 0.918750 0.063426 0.036458 0.025000
0 0.061719 0.584259 0.015104 0.022222
0 0.008594 0.635185 0.014063 0.024074
0 0.116406 0.636574 0.015104 0.025000
0 0.026042 0.726852 0.015625 0.020370
0 0.227083 0.146296 0.017708 0.024074
0 0.007812 0.610185 0.015625 0.022222
0 0.110937 0.089815 0.016667 0.027778
0 0.659375 0.089352 0.013542 0.021296
0 0.627344 0.980556 0.016146 0.027778
0 0.025521 0.584259 0.017708 0.024074
0 0.465885 0.977778 0.017188 0.025926
0 0.172135 0.146296 0.018229 0.025926
0 0.008073 0.700463 0.016146 0.026852
0 0.025521 0.352315 0.014583 0.026852
0 0.190365 0.146296 0.015104 0.025926
0 0.650260 0.981481 0.017188 0.029630
0 0.044010 0.222222 0.013021 0.022222
0 0.080469 0.221296 0.013021 0.022222
0 0.008073 0.352315 0.015104 0.023148
0 0.207813 0.146296 0.014583 0.024074
0 0.909896 0.033796 0.013542 0.025000
0 0.894531 0.034259 0.014063 0.022222
0 0.026042 0.700926 0.014583 0.025926
0 0.026042 0.272685 0.015625 0.025000
0 0.117188 0.701389 0.014583 0.023148
0 0.098698 0.325463 0.013021 0.025000
0 0.008333 0.727778 0.016667 0.020370
0 0.063021 0.726852 0.015625 0.020370
0 0.672917 0.981019 0.016667 0.028704
0 0.676562 0.088426 0.012500 0.021296
0 0.946354 0.146296 0.013542 0.022222
0 0.007812 0.325463 0.015625 0.023148
0 0.694792 0.088889 0.014583 0.020370
0 0.967708 0.146296 0.019792 0.022222
0 0.747396 0.088889 0.014583 0.022222
0 0.858073 0.081019 0.026562 0.049074
0 0.008073 0.663889 0.016146 0.029630
0 0.535156 0.977315 0.017188 0.025000
0 0.490104 0.977315 0.018750 0.023148
0 0.062500 0.221759 0.013542 0.023148
0 0.117969 0.326389 0.017188 0.023148
0 0.712240 0.088889 0.014063 0.022222
0 0.603906 0.979630 0.020313 0.031481
0 0.044271 0.352778 0.015625 0.025926
0 0.729948 0.088426 0.015104 0.023148
0 0.025781 0.299537 0.014063 0.025000
0 0.043750 0.584259 0.015625 0.022222
0 0.846875 0.199537 0.035417 0.028704
0 0.062500 0.299074 0.013542 0.024074
0 0.580729 0.979167 0.018750 0.030556
0 0.025781 0.662963 0.014063 0.029630
0 0.062500 0.662500 0.015625 0.028704
0 0.080990 0.700463 0.013021 0.023148
0 0.080469 0.326389 0.015104 0.025000
0 0.117188 0.248148 0.013542 0.025926
0 0.008594 0.221759 0.014063 0.025000
0 0.062240 0.325463 0.013021 0.025000
0 0.044010 0.610648 0.015104 0.023148
0 0.558594 0.978241 0.019271 0.026852
0 0.973698 0.033333 0.050521 0.025926
0 0.883333 0.081481 0.023958 0.053704
0 0.080469 0.610185 0.015104 0.022222
0 0.063281 0.700463 0.017188 0.025000
0 0.080729 0.247222 0.014583 0.024074
0 0.983073 0.082407 0.025521 0.064815
0 0.396875 0.976389 0.116667 0.034259
0 0.099219 0.701389 0.014063 0.023148
0 0.043750 0.247685 0.013542 0.023148
0 0.512760 0.977315 0.017188 0.025000
0 0.025521 0.636111 0.016667 0.024074
0 0.044271 0.700926 0.014583 0.025926
0 0.044010 0.662500 0.014063 0.028704
0 0.025521 0.325463 0.015625 0.023148
0 0.080729 0.299074 0.014583 0.024074
0 0.044010 0.273148 0.015104 0.024074
0 0.099479 0.300000 0.013542 0.024074
0 0.044271 0.298611 0.014583 0.025000
0 0.040885 0.083333 0.021354 0.061111
0 0.088542 0.082407 0.023958 0.061111
0 0.098437 0.247685 0.012500 0.025000
0 0.062240 0.610648 0.015104 0.021296
0 0.044010 0.325463 0.014063 0.023148
0 0.044531 0.726852 0.015104 0.020370
0 0.118229 0.300463 0.017708 0.025000
0 0.080469 0.635648 0.015104 0.025000
0 0.080469 0.727315 0.014063 0.023148
0 0.684115 0.062500 0.061979 0.026852
0 0.065104 0.083333 0.021875 0.059259
0 0.116927 0.274074 0.014063 0.022222
0 0.080469 0.272685 0.015104 0.025000
0 0.062240 0.636111 0.016146 0.025926
0 0.098698 0.273611 0.013021 0.025000
0 0.016406 0.081944 0.026562 0.062037
0 0.070312 0.804630 0.140625 0.027778
0 0.916151 0.302958 0.167698 0.017769
0 0.046849 0.034222 0.017156 0.019185
0 0.070557 0.033278 0.022938 0.020037
0 0.098474 0.033431 0.023302 0.018435
0 0.121995 0.033880 0.018031 0.019315
0 0.141070 0.032852 0.019651 0.018093
0 0.162573 0.032648 0.018729 0.020148
0 0.186505 0.031824 0.029135 0.018500
0 0.214482 0.032852 0.024047 0.018093
0 0.239336 0.034699 0.021505 0.020139
0 0.771937 0.064407 0.016094 0.023648
0 0.772948 0.090019 0.014844 0.023815
0 0.789622 0.063551 0.014068 0.024324
0 0.788948 0.088824 0.015229 0.021074
0 0.806148 0.064065 0.013974 0.025352
0 0.805091 0.088394 0.016286 0.020213
0 0.821893 0.064097 0.011151 0.022398
0 0.822284 0.088079 0.013714 0.021213
0 0.837729 0.063912 0.013781 0.016787
0 0.915729 0.268204 0.168542 0.018519
0 0.916073 0.285935 0.167854 0.017759
0 0.919474 0.390986 0.159375 0.018028
0 0.919568 0.426792 0.159375 0.018028
0 0.919760 0.444782 0.159375 0.018028
0 0.920052 0.462431 0.159375 0.018028
0 0.915156 0.548843 0.169167 0.016389
0 0.914859 0.566361 0.169167 0.016389
0 0.914859 0.583602 0.169167 0.016389
0 0.914859 0.600852 0.169167 0.016389
0 0.848706 0.619907 0.039089 0.015593
0 0.838310 0.657745 0.012828 0.018361
0 0.839182 0.680329 0.017573 0.021176
0 0.840333 0.715551 0.019094 0.030269
0 0.925745 0.671528 0.148177 0.014815
0 0.925875 0.689648 0.148177 0.014815
0 0.925958 0.706852 0.148083 0.014815
0 0.919708 0.975264 0.010896 0.025361
0 0.932615 0.976532 0.011469 0.024843
0 0.945339 0.976718 0.011854 0.019343
0 0.975260 0.975866 0.038740 0.034435
0 0.732286 0.062963 0.036458 0.025926
0 0.112833 0.062630 0.018750 0.021296
0 0.100172 0.197519 0.019792 0.024074
0 0.442875 0.064815 0.015625 0.024074
0 0.273672 0.089815 0.022344 0.024074
0 0.954167 0.081759 0.021875 0.061667
0 0.509870 0.088889 0.152031 0.024074
0 0.189766 0.086028 0.134740 0.025352
0 0.988693 0.009449 0.014583 0.018898
0 0.026495 0.248417 0.015625 0.024074
0 0.009781 0.248407 0.014771 0.024074
0 0.356477 0.063454 0.143505 0.024500
0 0.189927 0.063208 0.133688 0.021972
0 0.064276 0.248769 0.015625 0.024074
0 0.932917 0.034259 0.021042 0.024074
0 0.273490 0.064352 0.021979 0.025000
0 0.062786 0.274056 0.014583 0.025000
0 0.519568 0.064741 0.136719 0.021759
0 0.070521 0.858333 0.138125 0.024074
0 0.356750 0.089324 0.144625 0.026352
0 0.874583 0.637037 0.072083 0.014815
0 0.028021 0.195833 0.017500 0.025000
0 0.915328 0.250926 0.168646 0.018519
0 0.009414 0.034722 0.012630 0.018519
0 0.181940 0.863759 0.045755 0.075296
0 0.045474 0.194907 0.013906 0.025000
0 0.642099 0.090866 0.016146 0.020676
0 0.643578 0.063444 0.019792 0.026852
0 0.910542 0.089102 0.017708 0.026852
0 0.167240 0.172222 0.046979 0.020370
0 0.915443 0.514352 0.168073 0.019444
0 0.929031 0.090935 0.017188 0.028704
0 0.919464 0.408921 0.159375 0.018028
0 0.914557 0.917593 0.170885 0.022222
0 0.925911 0.654630 0.148177 0.014815
0 0.844766 0.373148 0.031198 0.016667
0 0.917188 0.338889 0.165625 0.016667
0 0.070052 0.832583 0.139688 0.021870
0 0.915313 0.496296 0.167292 0.018519
0 0.027031 0.033120 0.015104 0.020370
0 0.061878 0.148602 0.016661 0.021296
0 0.071419 0.925398 0.141120 0.012537
0 0.914896 0.532546 0.169167 0.016389
