0 0.115365 0.146759 0.016146 0.023148
0 0.070312 0.804630 0.140625 0.027778
0 0.815365 0.579167 0.045312 0.025000
0 0.070312 0.830093 0.140625 0.026852
0 0.815104 0.293056 0.046875 0.025000
0 0.016406 0.082870 0.026562 0.060185
0 0.098698 0.273611 0.013021 0.025000
0 0.707812 0.604630 0.048958 0.024074
0 0.065104 0.083333 0.022917 0.059259
0 0.062500 0.636111 0.015625 0.025926
0 0.044531 0.726852 0.015104 0.020370
0 0.080469 0.727315 0.014063 0.023148
0 0.088542 0.082407 0.023958 0.059259
0 0.762500 0.604630 0.052083 0.024074
0 0.512500 0.976852 0.016667 0.024074
0 0.973698 0.032870 0.051562 0.026852
0 0.116927 0.274074 0.014063 0.022222
0 0.558594 0.977315 0.018229 0.025000
0 0.080469 0.272685 0.015104 0.025000
0 0.098437 0.247685 0.012500 0.023148
0 0.080729 0.635648 0.014583 0.025000
0 0.080729 0.299074 0.014583 0.024074
0 0.080469 0.325926 0.015104 0.025926
0 0.099479 0.300000 0.013542 0.024074
0 0.118490 0.300463 0.017188 0.025000
0 0.062500 0.272222 0.014583 0.024074
0 0.044010 0.636574 0.015104 0.025000
0 0.815625 0.604630 0.045833 0.024074
0 0.683854 0.062963 0.061458 0.025926
0 0.044010 0.273148 0.015104 0.024074
0 0.062240 0.610648 0.015104 0.021296
0 0.044271 0.325463 0.013542 0.023148
0 0.099219 0.701389 0.014063 0.023148
0 0.062240 0.325463 0.013021 0.025000
0 0.041146 0.083796 0.021875 0.060185
0 0.044531 0.298611 0.014063 0.025000
0 0.098698 0.325463 0.013021 0.025000
0 0.694792 0.088426 0.017708 0.023148
0 0.025521 0.636111 0.016667 0.024074
0 0.490104 0.976852 0.017708 0.022222
0 0.816667 0.318981 0.042708 0.025000
0 0.025781 0.325000 0.015104 0.022222
0 0.044010 0.701389 0.014063 0.025000
0 0.080469 0.610185 0.015104 0.022222
0 0.044010 0.662500 0.014063 0.028704
0 0.712240 0.088889 0.013021 0.022222
0 0.535417 0.977315 0.016667 0.025000
0 0.063281 0.700926 0.017188 0.024074
0 0.043750 0.247222 0.013542 0.022222
0 0.044271 0.352778 0.015625 0.025926
0 0.858333 0.078241 0.026042 0.045370
0 0.080729 0.246759 0.013542 0.023148
0 0.117188 0.247685 0.013542 0.025000
0 0.062500 0.299074 0.013542 0.024074
0 0.883333 0.080093 0.023958 0.050926
0 0.603906 0.979630 0.020313 0.031481
0 0.044010 0.610648 0.015104 0.023148
0 0.731510 0.062963 0.035937 0.025926
0 0.580990 0.978704 0.018229 0.029630
0 0.983073 0.081481 0.025521 0.062963
0 0.043750 0.584259 0.015625 0.022222
0 0.747396 0.089352 0.013542 0.021296
0 0.026302 0.272685 0.015104 0.025000
0 0.080990 0.700463 0.013021 0.023148
0 0.062500 0.662500 0.015625 0.028704
0 0.008594 0.221759 0.014063 0.025000
0 0.007812 0.325463 0.015625 0.023148
0 0.117969 0.325926 0.018229 0.024074
0 0.062500 0.221759 0.013542 0.021296
0 0.025521 0.299537 0.013542 0.025000
0 0.117188 0.701389 0.013542 0.023148
0 0.396875 0.976389 0.116667 0.034259
0 0.676823 0.087963 0.011979 0.022222
0 0.917708 0.200000 0.036458 0.024074
0 0.650521 0.981481 0.016667 0.029630
0 0.730208 0.088889 0.014583 0.022222
0 0.025781 0.662500 0.014063 0.028704
0 0.627344 0.980093 0.015104 0.026852
0 0.008073 0.663426 0.016146 0.028704
0 0.080729 0.221296 0.012500 0.022222
0 0.207813 0.146759 0.013542 0.021296
0 0.466406 0.977778 0.017188 0.024074
0 0.061719 0.583796 0.015104 0.021296
0 0.007812 0.610185 0.015625 0.020370
0 0.025521 0.352315 0.014583 0.025000
0 0.918490 0.062963 0.035937 0.024074
0 0.227083 0.147222 0.017708 0.022222
0 0.044010 0.222222 0.013021 0.022222
0 0.659115 0.088889 0.013021 0.020370
0 0.672917 0.981481 0.016667 0.029630
0 0.026302 0.700926 0.014063 0.025926
0 0.796094 0.634722 0.084896 0.025000
0 0.008073 0.700926 0.016146 0.025926
0 0.710938 0.634722 0.077083 0.025000
0 0.063281 0.727315 0.015104 0.019444
0 0.116927 0.222222 0.011979 0.022222
0 0.008333 0.727778 0.016667 0.020370
0 0.008073 0.352315 0.014063 0.023148
0 0.967708 0.145833 0.019792 0.023148
0 0.099219 0.221296 0.013021 0.022222
0 0.172396 0.146296 0.017708 0.024074
0 0.025781 0.584259 0.017188 0.024074
0 0.007812 0.297685 0.015625 0.026852
0 0.008333 0.272685 0.014583 0.023148
0 0.441927 0.063889 0.015104 0.022222
0 0.817187 0.815278 0.041667 0.025000
0 0.146615 0.193519 0.011979 0.022222
0 0.190365 0.146759 0.014063 0.023148
0 0.881510 0.199537 0.032813 0.028704
0 0.008073 0.584259 0.016146 0.024074
0 0.098958 0.609722 0.015625 0.023148
0 0.909635 0.034259 0.013021 0.024074
0 0.152083 0.146296 0.018750 0.024074
0 0.026562 0.727315 0.015625 0.019444
0 0.327083 0.978241 0.020833 0.025000
0 0.894271 0.034259 0.014583 0.022222
0 0.641406 0.090278 0.014063 0.023148
0 0.770312 0.814815 0.041667 0.024074
0 0.098958 0.635648 0.015625 0.025000
0 0.080208 0.194907 0.012500 0.023148
0 0.008594 0.636111 0.014063 0.024074
0 0.117188 0.585185 0.015625 0.020370
0 0.116667 0.636574 0.014583 0.023148
0 0.946354 0.146759 0.012500 0.023148
0 0.988542 0.145370 0.018750 0.022222
0 0.116406 0.610185 0.015104 0.022222
0 0.008333 0.194907 0.016667 0.025000
0 0.025521 0.222222 0.014583 0.024074
0 0.643750 0.063889 0.019792 0.022222
0 0.062500 0.195370 0.013542 0.024074
0 0.080208 0.584259 0.015625 0.020370
0 0.964844 0.172685 0.009896 0.015741
0 0.880208 0.978241 0.013542 0.021296
0 0.098698 0.584722 0.016146 0.021296
0 0.025781 0.609722 0.017188 0.019444
0 0.819531 0.173611 0.010937 0.019444
0 0.070312 0.905093 0.140625 0.026852
0 0.105990 0.756481 0.009896 0.016667
0 0.994792 0.171759 0.009375 0.017593
0 0.116667 0.194907 0.010417 0.021296
0 0.132812 0.145833 0.014583 0.021296
0 0.115104 0.561574 0.009375 0.017593
0 0.863281 0.978241 0.015104 0.021296
0 0.846615 0.978241 0.014063 0.021296
0 0.115104 0.756481 0.006250 0.014815
0 0.080469 0.662037 0.014063 0.027778
0 0.835417 0.261111 0.011458 0.022222
0 0.115885 0.172222 0.009896 0.018519
0 0.984375 0.171296 0.009375 0.016667
0 0.097135 0.145833 0.017188 0.023148
0 0.025781 0.145370 0.050521 0.027778
0 0.909896 0.087500 0.017708 0.025000
0 0.974479 0.172222 0.008333 0.014815
0 0.919271 0.977778 0.013542 0.022222
0 0.125000 0.756481 0.007292 0.014815
0 0.135156 0.560185 0.007812 0.014815
0 0.124740 0.561111 0.007812 0.016667
0 0.197396 0.174074 0.007292 0.016667
0 0.134896 0.172222 0.009375 0.018519
0 0.199219 0.212500 0.099479 0.019444
0 0.899219 0.977778 0.020313 0.022222
0 0.124740 0.172685 0.007812 0.017593
0 0.939063 0.007870 0.010417 0.015741
0 0.237240 0.032870 0.017188 0.019444
0 0.008333 0.033333 0.014583 0.020370
0 0.079687 0.145833 0.013542 0.023148
0 0.571719 0.518981 0.159688 0.021296
0 0.111823 0.088917 0.016667 0.027778
0 0.045578 0.196417 0.015104 0.025926
0 0.355409 0.088634 0.145641 0.024028
0 0.634063 0.293519 0.292292 0.027778
0 0.189513 0.065431 0.132641 0.021602
0 0.069693 0.858333 0.137698 0.024074
0 0.180896 0.862074 0.049792 0.079630
0 0.666461 0.470685 0.349786 0.023148
0 0.355654 0.065116 0.143172 0.020231
0 0.027813 0.195833 0.017083 0.025000
0 0.045995 0.032574 0.014365 0.018519
0 0.913438 0.918056 0.173125 0.023148
0 0.963526 0.008532 0.009375 0.017065
0 0.665229 0.552144 0.349104 0.025343
0 0.516536 0.638926 0.047656 0.017593
0 0.510000 0.088889 0.152292 0.024074
0 0.976120 0.975759 0.037344 0.028926
0 0.273594 0.064352 0.023229 0.023148
0 0.166823 0.173611 0.046146 0.017593
0 0.272917 0.090741 0.020833 0.025926
0 0.929229 0.088426 0.017188 0.026852
0 0.663151 0.373819 0.349219 0.024491
0 0.933411 0.034259 0.022031 0.024074
0 0.028271 0.032565 0.015104 0.020370
0 0.811719 0.262074 0.011979 0.024074
0 0.009635 0.249315 0.016146 0.024074
0 0.135156 0.757870 0.007812 0.021296
0 0.518792 0.065093 0.136146 0.023056
0 0.027547 0.247685 0.015625 0.023148
0 0.070911 0.926046 0.141823 0.013463
0 0.061562 0.146759 0.017813 0.021296
0 0.065042 0.250361 0.015104 0.022222
0 0.608594 0.073843 0.033854 0.056019
0 0.665357 0.346403 0.350911 0.023250
0 0.664133 0.399829 0.349099 0.023898
0 0.634078 0.428176 0.289896 0.023370
0 0.945388 0.977676 0.013755 0.022630
0 0.932216 0.976764 0.011995 0.018213
0 0.846745 0.199273 0.033656 0.028361
0 0.837479 0.062310 0.014542 0.020454
0 0.986833 0.008389 0.012500 0.016778
0 0.821797 0.089176 0.012271 0.022037
0 0.822177 0.062755 0.012521 0.023157
0 0.805737 0.091315 0.015807 0.022704
0 0.807570 0.065236 0.015932 0.026306
0 0.099937 0.198620 0.019271 0.024074
0 0.788979 0.090528 0.014667 0.023833
0 0.789674 0.064556 0.016318 0.024056
0 0.772979 0.090074 0.013531 0.024278
0 0.190104 0.087963 0.134167 0.025926
0 0.772979 0.064111 0.014542 0.022259
0 0.214234 0.031287 0.022292 0.019111
0 0.187089 0.032917 0.025698 0.019574
0 0.954167 0.081019 0.021875 0.058333
0 0.112453 0.062769 0.018750 0.020370
0 0.161784 0.032681 0.017568 0.021917
0 0.142388 0.031361 0.022526 0.021944
0 0.120250 0.032583 0.017823 0.021593
0 0.097721 0.032403 0.022526 0.018454
0 0.070003 0.033972 0.025078 0.016019
0 0.564063 0.495370 0.142708 0.020370
