0 0.063021 0.247222 0.015625 0.024074
0 0.070052 0.857870 0.140104 0.026852
0 0.026042 0.145370 0.050000 0.027778
0 0.984375 0.171759 0.009375 0.015741
0 0.115625 0.172222 0.010417 0.020370
0 0.197135 0.173148 0.008854 0.020370
0 0.026042 0.609722 0.017708 0.019444
0 0.115104 0.756481 0.006250 0.016667
0 0.819271 0.173611 0.011458 0.019444
0 0.608854 0.077315 0.035417 0.056481
0 0.173177 0.145370 0.015104 0.025926
0 0.078906 0.145833 0.017188 0.025000
0 0.024479 0.195370 0.013542 0.025926
0 0.098698 0.585185 0.016146 0.022222
0 0.863021 0.977778 0.015625 0.024074
0 0.080469 0.662037 0.014063 0.027778
0 0.879948 0.977778 0.014063 0.024074
0 0.105990 0.756944 0.009896 0.017593
0 0.115104 0.561111 0.009375 0.018519
0 0.964583 0.172685 0.009375 0.015741
0 0.116406 0.194444 0.010937 0.022222
0 0.097135 0.145833 0.016146 0.025000
0 0.134896 0.756481 0.007292 0.016667
0 0.117969 0.610185 0.019271 0.025926
0 0.994792 0.172222 0.009375 0.016667
0 0.918490 0.063426 0.036979 0.025000
0 0.080208 0.584722 0.015625 0.021296
0 0.042969 0.194907 0.017188 0.025000
0 0.881250 0.200000 0.032292 0.027778
0 0.062500 0.195370 0.013542 0.024074
0 0.117708 0.585185 0.016667 0.022222
0 0.641667 0.089815 0.014583 0.024074
0 0.846615 0.978241 0.014063 0.023148
0 0.116927 0.221759 0.013021 0.023148
0 0.114583 0.145833 0.016667 0.026852
0 0.146615 0.193519 0.011979 0.022222
0 0.099219 0.221296 0.014063 0.022222
0 0.134375 0.145833 0.018750 0.026852
0 0.154688 0.145370 0.016667 0.025926
0 0.025521 0.222222 0.015625 0.024074
0 0.988802 0.145370 0.019271 0.022222
0 0.080208 0.194907 0.012500 0.023148
0 0.007812 0.298148 0.015625 0.027778
0 0.008333 0.273148 0.014583 0.024074
0 0.007552 0.194907 0.015104 0.025000
0 0.008073 0.584259 0.016146 0.025926
0 0.026042 0.726852 0.015625 0.020370
0 0.007812 0.610185 0.015625 0.022222
0 0.098958 0.609722 0.015625 0.025000
0 0.190365 0.145833 0.015104 0.025000
0 0.111198 0.089815 0.016146 0.027778
0 0.117448 0.636574 0.017188 0.025000
0 0.847135 0.199537 0.035937 0.028704
0 0.061719 0.584259 0.015104 0.022222
0 0.627083 0.980556 0.016667 0.027778
0 0.099740 0.194444 0.019271 0.024074
0 0.043750 0.222222 0.013542 0.022222
0 0.008333 0.700463 0.016667 0.026852
0 0.025521 0.352315 0.014583 0.026852
0 0.008594 0.635648 0.014063 0.025000
0 0.026042 0.700926 0.014583 0.025926
0 0.025781 0.584259 0.017188 0.024074
0 0.080469 0.221296 0.013021 0.022222
0 0.659115 0.088426 0.013021 0.021296
0 0.008073 0.352315 0.015104 0.023148
0 0.894271 0.034259 0.013542 0.022222
0 0.008333 0.727778 0.016667 0.020370
0 0.098958 0.635648 0.015625 0.025000
0 0.967708 0.145833 0.019792 0.023148
0 0.650260 0.981019 0.017188 0.028704
0 0.026042 0.273148 0.015625 0.025926
0 0.062500 0.221759 0.013542 0.023148
0 0.917448 0.200000 0.035937 0.024074
0 0.098698 0.325926 0.013021 0.025926
0 0.207552 0.145833 0.017188 0.025000
0 0.327344 0.978241 0.021354 0.025000
0 0.909896 0.034259 0.013542 0.025926
0 0.946354 0.146296 0.013542 0.022222
0 0.063281 0.726852 0.016146 0.020370
0 0.007812 0.325463 0.015625 0.023148
0 0.117188 0.701389 0.014583 0.023148
0 0.604167 0.979630 0.020833 0.031481
0 0.466146 0.978241 0.017708 0.026852
0 0.117969 0.326389 0.017188 0.023148
0 0.672917 0.981019 0.016667 0.028704
0 0.676562 0.087963 0.012500 0.022222
0 0.580729 0.979167 0.018750 0.030556
0 0.008073 0.663426 0.016146 0.030556
0 0.044271 0.352778 0.015625 0.025926
0 0.025781 0.299537 0.014063 0.025000
0 0.534896 0.977315 0.017708 0.025000
0 0.062500 0.299074 0.013542 0.024074
0 0.117448 0.248148 0.014063 0.025926
0 0.043750 0.584259 0.015625 0.022222
0 0.062500 0.662500 0.015625 0.028704
0 0.025260 0.248148 0.016146 0.024074
0 0.490104 0.977315 0.018750 0.023148
0 0.044010 0.610648 0.015104 0.023148
0 0.080990 0.700463 0.013021 0.023148
0 0.441667 0.064815 0.015625 0.024074
0 0.730208 0.088889 0.014583 0.022222
0 0.124740 0.756481 0.007812 0.016667
0 0.062240 0.325463 0.013021 0.025000
0 0.080469 0.326389 0.015104 0.025000
0 0.025781 0.662963 0.014063 0.029630
0 0.973437 0.033333 0.051042 0.025926
0 0.063281 0.700463 0.017188 0.025000
0 0.008073 0.247222 0.014063 0.024074
0 0.883333 0.082870 0.023958 0.054630
0 0.043750 0.247685 0.013542 0.023148
0 0.080729 0.247222 0.014583 0.024074
0 0.747656 0.088889 0.014063 0.022222
0 0.080469 0.610185 0.015104 0.022222
0 0.558333 0.977778 0.018750 0.027778
0 0.008594 0.221759 0.014063 0.025000
0 0.044271 0.700926 0.014583 0.025926
0 0.025521 0.636111 0.016667 0.024074
0 0.044010 0.662500 0.014063 0.028704
0 0.099219 0.701389 0.014063 0.023148
0 0.694792 0.088426 0.017708 0.023148
0 0.711979 0.088889 0.013542 0.022222
0 0.983073 0.081481 0.025521 0.062963
0 0.044010 0.273148 0.015104 0.024074
0 0.025521 0.325463 0.015625 0.023148
0 0.080729 0.299074 0.014583 0.024074
0 0.512760 0.977315 0.017188 0.025000
0 0.099479 0.299537 0.013542 0.025000
0 0.040885 0.083333 0.021354 0.061111
0 0.044271 0.298611 0.014583 0.025000
0 0.098437 0.247685 0.012500 0.025000
0 0.380729 0.147222 0.013542 0.020370
0 0.044010 0.636574 0.015104 0.025000
0 0.062240 0.610648 0.015104 0.021296
0 0.044531 0.726852 0.015104 0.020370
0 0.044010 0.325926 0.014063 0.024074
0 0.118229 0.300463 0.017708 0.025000
0 0.080469 0.727315 0.014063 0.023148
0 0.088542 0.082407 0.023958 0.061111
0 0.062760 0.272685 0.015104 0.025000
0 0.080469 0.635648 0.015104 0.025000
0 0.396875 0.976389 0.116667 0.034259
0 0.116927 0.273611 0.014063 0.023148
0 0.080469 0.272685 0.015104 0.025000
0 0.065104 0.083333 0.021875 0.061111
0 0.062240 0.636111 0.016146 0.025926
0 0.098698 0.273611 0.013021 0.025000
0 0.016406 0.081944 0.026562 0.062037
0 0.070573 0.830556 0.141146 0.027778
0 0.070573 0.804630 0.141146 0.027778
0 0.042448 0.728241 0.018229 0.021296
0 0.008073 0.146759 0.013021 0.021296
0 0.870052 0.549074 0.065104 0.016667
0 0.025521 0.258333 0.015625 0.044444
0 0.944792 0.976389 0.013542 0.026852
0 0.871615 0.689352 0.066146 0.017593
0 0.098958 0.170833 0.018750 0.021296
0 0.236979 0.033333 0.016667 0.018519
0 0.160156 0.213426 0.011979 0.017593
0 0.060417 0.146296 0.015625 0.025926
0 0.124740 0.172685 0.007812 0.017593
0 0.185677 0.173611 0.009896 0.017593
0 0.193490 0.212963 0.088021 0.018519
0 0.135156 0.560185 0.007812 0.016667
0 0.070833 0.904630 0.141667 0.025926
0 0.974479 0.172222 0.008333 0.014815
0 0.134635 0.172222 0.009896 0.020370
0 0.124479 0.560648 0.007292 0.017593
0 0.909208 0.301944 0.159177 0.016333
0 0.909937 0.285269 0.160333 0.016333
0 0.909807 0.268685 0.159177 0.016333
0 0.190062 0.064620 0.133104 0.023315
0 0.914870 0.742593 0.151510 0.018519
0 0.683411 0.063009 0.060573 0.025833
0 0.914948 0.618981 0.150312 0.017593
0 0.518953 0.064167 0.134802 0.023519
0 0.939578 0.007991 0.010937 0.015981
0 0.910495 0.090343 0.017708 0.028704
0 0.929385 0.088847 0.017188 0.026009
0 0.354982 0.063444 0.144620 0.025222
0 0.954167 0.078889 0.021875 0.055926
0 0.296615 0.145370 0.150521 0.024074
0 0.141180 0.032713 0.020786 0.017056
0 0.876901 0.813426 0.075677 0.012037
0 0.963266 0.009384 0.014583 0.018769
0 0.914870 0.637037 0.150469 0.018519
0 0.914896 0.654630 0.149375 0.016667
0 0.643484 0.061972 0.019792 0.023148
0 0.915052 0.601389 0.150104 0.017593
0 0.069070 0.925537 0.137380 0.019667
0 0.731958 0.062963 0.035937 0.025926
0 0.989698 0.009616 0.014583 0.019231
0 0.910130 0.338889 0.160885 0.018519
0 0.858854 0.081481 0.025000 0.050000
0 0.821656 0.088426 0.010312 0.020907
0 0.837268 0.064181 0.013974 0.022787
0 0.910266 0.250759 0.159177 0.017593
0 0.009281 0.031981 0.015104 0.020370
0 0.027490 0.033213 0.013875 0.018519
0 0.355318 0.088421 0.146031 0.026306
0 0.914635 0.882870 0.150937 0.015741
0 0.272885 0.088352 0.018229 0.025926
0 0.111937 0.062713 0.018750 0.021296
0 0.190271 0.087593 0.133521 0.025185
0 0.864375 0.900463 0.050625 0.013889
0 0.932917 0.033796 0.021042 0.025000
0 0.118841 0.033366 0.014620 0.018435
0 0.161964 0.032713 0.018385 0.019185
0 0.909635 0.795833 0.157812 0.017593
0 0.914271 0.673148 0.151458 0.018519
0 0.883281 0.777778 0.090521 0.012963
0 0.847135 0.460324 0.034896 0.016944
0 0.863089 0.425130 0.065594 0.014815
0 0.913620 0.919384 0.172240 0.017528
0 0.874271 0.866204 0.071458 0.013889
0 0.877422 0.831019 0.076719 0.013889
0 0.865651 0.760648 0.053177 0.013889
0 0.186443 0.032181 0.028573 0.021676
0 0.865313 0.848611 0.052500 0.013889
0 0.096484 0.032875 0.022760 0.019028
0 0.070219 0.034759 0.022417 0.018833
0 0.772362 0.064523 0.013109 0.020731
0 0.772505 0.088255 0.012625 0.023306
0 0.789516 0.065894 0.014646 0.023472
0 0.046023 0.032972 0.015724 0.016056
0 0.788312 0.090051 0.017250 0.022787
0 0.214018 0.032356 0.021380 0.018472
0 0.806380 0.064954 0.014458 0.024333
0 0.806766 0.089454 0.015615 0.022278
0 0.179682 0.863801 0.040104 0.077417
0 0.820643 0.062727 0.010214 0.020898
0 0.973602 0.975519 0.038193 0.032574
0 0.932182 0.977889 0.009229 0.024278
0 0.919029 0.975977 0.014036 0.023602
0 0.899424 0.976417 0.015557 0.023130
0 0.913745 0.530991 0.152354 0.016333
0 0.914505 0.512111 0.152354 0.016333
0 0.913997 0.494796 0.152349 0.016333
0 0.914250 0.478602 0.152354 0.016333
0 0.910104 0.443537 0.159177 0.016333
0 0.910510 0.408944 0.159177 0.016333
0 0.272698 0.063222 0.018750 0.024074
0 0.910130 0.390278 0.159177 0.016333
0 0.909500 0.372065 0.159177 0.016333
0 0.909500 0.356333 0.159177 0.016333
0 0.909458 0.320157 0.159177 0.016333
