0 0.139224 0.032208 0.017656 0.021880
0 0.974974 0.975926 0.036271 0.030093
0 0.806221 0.471593 0.028359 0.028389
0 0.472078 0.474940 0.025896 0.022194
0 0.538091 0.476375 0.019651 0.020139
0 0.570115 0.476583 0.037458 0.018907
0 0.604451 0.475759 0.028901 0.019722
0 0.914375 0.268361 0.169479 0.017500
0 0.639711 0.475347 0.038380 0.021380
0 0.674674 0.477370 0.030766 0.018074
0 0.059982 0.144310 0.015370 0.023231
0 0.068932 0.925111 0.137865 0.014407
0 0.070312 0.904630 0.140625 0.025926
0 0.837201 0.064394 0.015276 0.020417
0 0.821284 0.087486 0.013161 0.022954
0 0.821576 0.063495 0.009245 0.020287
0 0.805367 0.089301 0.014974 0.022009
0 0.806237 0.063898 0.014401 0.024704
0 0.788784 0.089241 0.015911 0.021111
0 0.788919 0.065500 0.013464 0.021241
0 0.772721 0.091542 0.013172 0.022398
0 0.772685 0.065051 0.013245 0.020602
0 0.070685 0.033116 0.022057 0.022713
0 0.096424 0.032542 0.020901 0.018806
0 0.120229 0.033394 0.016052 0.020454
0 0.160224 0.032681 0.016854 0.022824
0 0.185641 0.033157 0.031302 0.020926
0 0.214398 0.032921 0.020870 0.024250
0 0.354898 0.062856 0.141141 0.025157
0 0.683937 0.063861 0.059833 0.022537
0 0.919427 0.062667 0.035937 0.024074
0 0.273151 0.064815 0.021302 0.024074
0 0.932839 0.033796 0.020885 0.025000
0 0.188815 0.088560 0.133620 0.022509
0 0.519906 0.063134 0.135771 0.019824
0 0.026896 0.247685 0.015625 0.023148
0 0.009484 0.248806 0.016667 0.024074
0 0.925000 0.285648 0.150000 0.015741
0 0.064922 0.248546 0.015104 0.024074
0 0.858620 0.079630 0.025469 0.048148
0 0.987667 0.009361 0.013021 0.018722
0 0.099849 0.197019 0.019271 0.024074
0 0.509557 0.088889 0.151406 0.024074
0 0.111354 0.063889 0.020625 0.020370
0 0.272630 0.090741 0.020260 0.025926
0 0.914219 0.250157 0.169479 0.017500
0 0.730651 0.063981 0.034219 0.023889
0 0.355685 0.089153 0.143526 0.026880
0 0.045818 0.195370 0.014479 0.025926
0 0.518437 0.569181 0.089479 0.014787
0 0.925521 0.302778 0.148958 0.014815
0 0.643750 0.063556 0.019792 0.023148
0 0.027943 0.195833 0.017344 0.025000
0 0.518776 0.553241 0.091719 0.017593
0 0.181635 0.861750 0.042500 0.077204
0 0.070052 0.858796 0.140104 0.025000
0 0.964948 0.008898 0.009375 0.017796
0 0.912188 0.917593 0.175625 0.022222
0 0.909812 0.089148 0.017708 0.025926
0 0.666302 0.695833 0.386771 0.017593
0 0.518646 0.585185 0.089375 0.018519
0 0.929125 0.089125 0.017708 0.025824
0 0.925312 0.319102 0.149375 0.017500
0 0.915383 0.337833 0.169234 0.017500
0 0.027240 0.031981 0.015104 0.020370
0 0.046141 0.033213 0.013865 0.018519
0 0.915297 0.354722 0.169406 0.017500
0 0.915109 0.373694 0.169479 0.017500
0 0.915104 0.408528 0.169479 0.017500
0 0.899086 0.975139 0.016120 0.020963
0 0.932057 0.976231 0.011229 0.018426
0 0.945529 0.975468 0.014682 0.021806
0 0.070573 0.804630 0.141146 0.027778
0 0.755469 0.506944 0.098437 0.026852
0 0.834375 0.506481 0.055208 0.025926
0 0.396875 0.976389 0.116667 0.034259
0 0.070312 0.830093 0.140625 0.026852
0 0.016406 0.082407 0.026562 0.061111
0 0.098698 0.273611 0.013021 0.025000
0 0.065104 0.083333 0.022917 0.059259
0 0.116667 0.274074 0.013542 0.022222
0 0.512500 0.976852 0.016667 0.024074
0 0.062240 0.636111 0.016146 0.025926
0 0.080208 0.272685 0.014583 0.025000
0 0.044531 0.726852 0.015104 0.020370
0 0.118229 0.300463 0.016667 0.025000
0 0.080469 0.635648 0.015104 0.025000
0 0.088542 0.082407 0.023958 0.059259
0 0.098437 0.247685 0.012500 0.025000
0 0.973698 0.033333 0.051562 0.025926
0 0.062500 0.272685 0.014583 0.025000
0 0.044271 0.325463 0.013542 0.023148
0 0.099479 0.300000 0.013542 0.024074
0 0.099219 0.701389 0.014063 0.023148
0 0.080469 0.299074 0.014063 0.024074
0 0.040885 0.083796 0.022396 0.060185
0 0.062240 0.610648 0.015104 0.021296
0 0.044010 0.273148 0.015104 0.024074
0 0.062240 0.325926 0.013021 0.024074
0 0.044271 0.298611 0.014583 0.025000
0 0.044010 0.636574 0.015104 0.025000
0 0.982812 0.081481 0.026042 0.061111
0 0.080729 0.326389 0.014583 0.025000
0 0.025521 0.325000 0.015625 0.022222
0 0.117969 0.325926 0.017188 0.024074
0 0.044010 0.247685 0.013021 0.023148
0 0.080469 0.726852 0.014063 0.022222
0 0.117188 0.247685 0.013542 0.025000
0 0.490104 0.977315 0.018750 0.023148
0 0.694792 0.088426 0.017708 0.023148
0 0.025521 0.636111 0.016667 0.024074
0 0.044271 0.352778 0.015625 0.025926
0 0.080729 0.247222 0.013542 0.024074
0 0.883333 0.081019 0.023958 0.052778
0 0.098698 0.325463 0.013021 0.025000
0 0.712240 0.088426 0.014063 0.023148
0 0.837500 0.287963 0.016667 0.018519
0 0.080469 0.610185 0.015104 0.022222
0 0.747656 0.088889 0.014063 0.020370
0 0.008594 0.221759 0.014063 0.025000
0 0.026042 0.272685 0.015625 0.025000
0 0.580990 0.978241 0.018229 0.028704
0 0.062500 0.299074 0.013542 0.024074
0 0.466406 0.978241 0.017188 0.025000
0 0.558594 0.977778 0.018229 0.025926
0 0.063281 0.700463 0.017188 0.025000
0 0.080990 0.700463 0.013021 0.023148
0 0.729948 0.088426 0.015104 0.023148
0 0.603906 0.979630 0.020313 0.031481
0 0.535156 0.977315 0.017188 0.025000
0 0.117188 0.701389 0.013542 0.021296
0 0.044010 0.662500 0.014063 0.028704
0 0.025781 0.299537 0.014063 0.025000
0 0.007812 0.325463 0.015625 0.023148
0 0.043750 0.584259 0.015625 0.022222
0 0.044010 0.610648 0.015104 0.023148
0 0.044010 0.701389 0.014063 0.025000
0 0.909896 0.034259 0.013542 0.025926
0 0.806510 0.826389 0.042188 0.025000
0 0.837760 0.728241 0.048438 0.025000
0 0.025781 0.662500 0.014063 0.028704
0 0.492188 0.728241 0.041667 0.025000
0 0.062500 0.221759 0.013542 0.023148
0 0.953906 0.080093 0.021354 0.058333
0 0.063021 0.727315 0.015625 0.019444
0 0.080729 0.221296 0.012500 0.022222
0 0.008073 0.663889 0.016146 0.029630
0 0.967708 0.146296 0.019792 0.022222
0 0.025521 0.351852 0.014583 0.025926
0 0.441667 0.064352 0.015625 0.023148
0 0.008073 0.352315 0.014063 0.023148
0 0.846875 0.199537 0.035417 0.028704
0 0.025781 0.584259 0.017188 0.024074
0 0.894271 0.034722 0.014583 0.023148
0 0.672917 0.981481 0.016667 0.029630
0 0.044010 0.222685 0.013021 0.023148
0 0.755208 0.728241 0.056250 0.025000
0 0.676562 0.087500 0.011458 0.021296
0 0.650781 0.981481 0.017188 0.029630
0 0.627344 0.980556 0.016146 0.027778
0 0.327083 0.978704 0.019792 0.024074
0 0.062500 0.662500 0.015625 0.028704
0 0.008333 0.728241 0.016667 0.019444
0 0.190365 0.146759 0.014063 0.025000
0 0.207813 0.146296 0.014583 0.024074
0 0.079948 0.194907 0.011979 0.023148
0 0.172135 0.146296 0.018229 0.025926
0 0.110937 0.090278 0.016667 0.026852
0 0.116927 0.222222 0.013021 0.022222
0 0.946354 0.146759 0.013542 0.021296
0 0.008333 0.272685 0.014583 0.023148
0 0.099219 0.221296 0.013021 0.022222
0 0.007812 0.610648 0.015625 0.021296
0 0.007812 0.298148 0.015625 0.027778
0 0.116667 0.636574 0.014583 0.023148
0 0.008073 0.700463 0.016146 0.026852
0 0.146615 0.193056 0.011979 0.021296
0 0.116406 0.609722 0.015104 0.023148
0 0.917188 0.200000 0.036458 0.024074
0 0.098958 0.610185 0.015625 0.024074
0 0.008594 0.636111 0.014063 0.024074
0 0.061719 0.584259 0.015104 0.022222
0 0.098958 0.636111 0.014583 0.024074
0 0.008333 0.194907 0.016667 0.025000
0 0.152083 0.145833 0.018750 0.025000
0 0.026042 0.726852 0.015625 0.020370
0 0.117188 0.585185 0.015625 0.020370
0 0.852865 0.826852 0.042188 0.024074
0 0.586198 0.728241 0.042188 0.025000
0 0.539062 0.727778 0.041667 0.025926
0 0.227083 0.146759 0.017708 0.023148
0 0.026042 0.701389 0.014583 0.026852
0 0.025521 0.222222 0.014583 0.024074
0 0.988802 0.145370 0.019271 0.022222
0 0.819531 0.173611 0.010937 0.019444
0 0.008073 0.584259 0.016146 0.025926
0 0.062500 0.195370 0.013542 0.024074
0 0.964583 0.172685 0.009375 0.015741
0 0.879948 0.977778 0.014063 0.024074
0 0.659115 0.088889 0.013021 0.020370
0 0.134896 0.756944 0.007292 0.015741
0 0.115104 0.561111 0.009375 0.018519
0 0.632812 0.727778 0.041667 0.025926
0 0.115365 0.146296 0.016146 0.024074
0 0.116667 0.195370 0.010417 0.022222
0 0.701562 0.728241 0.041667 0.025000
0 0.080208 0.584722 0.015625 0.021296
0 0.837760 0.311111 0.016146 0.024074
0 0.105729 0.756944 0.009375 0.017593
0 0.870052 0.442130 0.014063 0.023148
0 0.641927 0.088426 0.015104 0.025000
0 0.994792 0.172222 0.009375 0.016667
0 0.881250 0.199537 0.032292 0.028704
0 0.846615 0.978241 0.014063 0.023148
0 0.115104 0.756481 0.006250 0.014815
0 0.863021 0.977778 0.015625 0.024074
0 0.098958 0.584722 0.016667 0.021296
0 0.132812 0.145833 0.014583 0.021296
0 0.025781 0.610185 0.017188 0.020370
0 0.080469 0.662037 0.014063 0.027778
0 0.115625 0.171759 0.010417 0.019444
0 0.097135 0.146296 0.017188 0.024074
0 0.984115 0.171296 0.008854 0.016667
0 0.846094 0.441667 0.010937 0.020370
0 0.025781 0.145370 0.050521 0.027778
0 0.124479 0.561111 0.007292 0.016667
0 0.125000 0.756481 0.007292 0.014815
0 0.236979 0.033796 0.016667 0.019444
0 0.974479 0.172222 0.008333 0.014815
0 0.134896 0.560648 0.007292 0.015741
0 0.507292 0.477315 0.041667 0.025000
0 0.185417 0.174074 0.009375 0.016667
0 0.919010 0.976852 0.014063 0.024074
0 0.193750 0.212500 0.087500 0.019444
0 0.534115 0.506481 0.125521 0.027778
0 0.134896 0.171759 0.009375 0.019444
0 0.770312 0.585185 0.005208 0.014815
0 0.161458 0.172685 0.035417 0.019444
0 0.845052 0.473148 0.035937 0.029630
0 0.124740 0.172685 0.007812 0.017593
0 0.197396 0.174074 0.007292 0.016667
0 0.079687 0.145833 0.013542 0.023148
0 0.939323 0.007870 0.010937 0.015741
0 0.008073 0.034259 0.014063 0.022222
0 0.608594 0.074537 0.034896 0.054630
