0 0.134896 0.172222 0.009375 0.018519
0 0.008333 0.033333 0.013542 0.020370
0 0.899479 0.977778 0.020833 0.022222
0 0.939063 0.007870 0.010417 0.015741
0 0.079687 0.145833 0.013542 0.023148
0 0.237240 0.032870 0.017188 0.019444
0 0.988542 0.145370 0.018750 0.022222
0 0.116406 0.610185 0.015104 0.022222
0 0.738021 0.170833 0.012500 0.023148
0 0.007812 0.584722 0.015625 0.023148
0 0.117188 0.585185 0.015625 0.020370
0 0.008594 0.636111 0.014063 0.024074
0 0.659375 0.088426 0.013542 0.021296
0 0.080208 0.195370 0.012500 0.022222
0 0.008333 0.194907 0.016667 0.025000
0 0.177083 0.872222 0.030208 0.055556
0 0.025521 0.222222 0.014583 0.024074
0 0.061719 0.584259 0.015104 0.020370
0 0.880208 0.978241 0.013542 0.021296
0 0.199479 0.212500 0.098958 0.019444
0 0.062500 0.195833 0.012500 0.023148
0 0.964844 0.172685 0.009896 0.015741
0 0.863281 0.978241 0.015104 0.021296
0 0.846875 0.978704 0.013542 0.022222
0 0.080208 0.584722 0.015625 0.019444
0 0.116406 0.194907 0.010937 0.021296
0 0.715625 0.170370 0.018750 0.027778
0 0.994792 0.171296 0.009375 0.016667
0 0.132812 0.146296 0.014583 0.020370
0 0.105990 0.756481 0.009896 0.016667
0 0.134896 0.756944 0.007292 0.015741
0 0.025781 0.609722 0.017188 0.019444
0 0.115104 0.146759 0.015625 0.023148
0 0.070312 0.905093 0.140625 0.026852
0 0.115885 0.172222 0.009896 0.018519
0 0.098698 0.585185 0.016146 0.020370
0 0.080469 0.662037 0.014063 0.027778
0 0.115104 0.560648 0.009375 0.017593
0 0.984375 0.171296 0.009375 0.016667
0 0.115365 0.756481 0.005729 0.014815
0 0.097135 0.145833 0.017188 0.023148
0 0.974479 0.172222 0.008333 0.014815
0 0.720573 0.892593 0.041146 0.024074
0 0.674219 0.892593 0.041146 0.024074
0 0.608594 0.076852 0.034896 0.057407
0 0.125000 0.756481 0.007292 0.014815
0 0.736979 0.170370 0.016667 0.025926
0 0.134896 0.560185 0.007292 0.014815
0 0.197396 0.174074 0.007292 0.016667
0 0.124740 0.561111 0.006771 0.016667
0 0.070312 0.804630 0.140625 0.027778
0 0.070312 0.830556 0.140625 0.027778
0 0.098698 0.273611 0.013021 0.025000
0 0.720573 0.283796 0.042188 0.025000
0 0.016667 0.082870 0.026042 0.060185
0 0.396354 0.975926 0.115625 0.033333
0 0.062500 0.636111 0.015625 0.025926
0 0.080208 0.272685 0.014583 0.025000
0 0.116667 0.274074 0.013542 0.022222
0 0.065104 0.083796 0.021875 0.058333
0 0.098437 0.247685 0.012500 0.023148
0 0.062500 0.272222 0.014583 0.024074
0 0.043750 0.636574 0.014583 0.025000
0 0.512500 0.977315 0.016667 0.023148
0 0.088542 0.082407 0.023958 0.059259
0 0.062240 0.611111 0.015104 0.020370
0 0.080469 0.636111 0.015104 0.024074
0 0.118490 0.300463 0.017188 0.025000
0 0.080729 0.727315 0.013542 0.023148
0 0.080469 0.299074 0.014063 0.024074
0 0.099479 0.300000 0.013542 0.024074
0 0.044271 0.325463 0.013542 0.023148
0 0.044010 0.273148 0.015104 0.024074
0 0.044531 0.298611 0.014063 0.025000
0 0.490104 0.976852 0.017708 0.022222
0 0.044531 0.726852 0.015104 0.020370
0 0.040885 0.083796 0.021354 0.060185
0 0.558594 0.977315 0.018229 0.025000
0 0.099219 0.701389 0.014063 0.023148
0 0.080729 0.246759 0.013542 0.023148
0 0.025521 0.636111 0.016667 0.024074
0 0.025781 0.325000 0.015104 0.022222
0 0.043750 0.247222 0.013542 0.022222
0 0.080729 0.325926 0.014583 0.025926
0 0.080469 0.610185 0.015104 0.022222
0 0.062240 0.325463 0.013021 0.025000
0 0.117188 0.247685 0.013542 0.025000
0 0.063281 0.700926 0.017188 0.024074
0 0.535417 0.977778 0.016667 0.024074
0 0.044010 0.610648 0.015104 0.023148
0 0.580729 0.978704 0.017708 0.027778
0 0.603906 0.979167 0.019271 0.030556
0 0.062500 0.299074 0.013542 0.024074
0 0.712500 0.088426 0.014583 0.023148
0 0.917448 0.200463 0.035937 0.025000
0 0.008854 0.221759 0.013542 0.025000
0 0.694792 0.088426 0.017708 0.023148
0 0.044010 0.700926 0.014063 0.024074
0 0.098698 0.325463 0.013021 0.025000
0 0.062500 0.221759 0.013542 0.021296
0 0.044010 0.662500 0.014063 0.028704
0 0.627344 0.980556 0.015104 0.025926
0 0.025781 0.299537 0.014063 0.025000
0 0.650521 0.981481 0.016667 0.029630
0 0.466146 0.978241 0.016667 0.025000
0 0.043750 0.584259 0.015625 0.022222
0 0.080729 0.700463 0.012500 0.023148
0 0.044010 0.352778 0.015104 0.025926
0 0.007812 0.610648 0.015625 0.021296
0 0.673177 0.981019 0.017188 0.028704
0 0.007812 0.325463 0.015625 0.023148
0 0.080729 0.221759 0.012500 0.021296
0 0.441927 0.064352 0.015104 0.023148
0 0.117969 0.326389 0.017188 0.023148
0 0.747656 0.089352 0.014063 0.021296
0 0.026302 0.272685 0.015104 0.025000
0 0.227083 0.147222 0.017708 0.022222
0 0.207813 0.146759 0.013542 0.021296
0 0.044010 0.222222 0.013021 0.022222
0 0.730208 0.088426 0.015625 0.023148
0 0.008333 0.728241 0.016667 0.019444
0 0.008073 0.700463 0.016146 0.025000
0 0.062500 0.662500 0.015625 0.028704
0 0.117188 0.701852 0.013542 0.022222
0 0.116927 0.222222 0.011979 0.022222
0 0.025521 0.351852 0.014583 0.025926
0 0.025781 0.662500 0.014063 0.028704
0 0.008073 0.352315 0.014063 0.023148
0 0.172396 0.146296 0.017708 0.024074
0 0.973698 0.032870 0.051562 0.026852
0 0.967708 0.146296 0.019792 0.022222
0 0.946094 0.146759 0.013021 0.021296
0 0.026302 0.700926 0.014063 0.025926
0 0.008073 0.663426 0.016146 0.028704
0 0.099219 0.221296 0.013021 0.022222
0 0.146615 0.193519 0.011979 0.022222
0 0.894271 0.034259 0.013542 0.022222
0 0.025781 0.584722 0.017188 0.023148
0 0.190365 0.146759 0.014063 0.023148
0 0.110937 0.089815 0.016667 0.027778
0 0.909635 0.034259 0.013021 0.024074
0 0.151823 0.146296 0.018229 0.024074
0 0.063021 0.726852 0.014583 0.022222
0 0.026042 0.726852 0.015625 0.020370
0 0.098958 0.609722 0.015625 0.023148
0 0.327344 0.977778 0.020313 0.024074
0 0.588802 0.284722 0.213021 0.026852
0 0.008333 0.272685 0.014583 0.023148
0 0.881510 0.199537 0.032813 0.028704
0 0.007812 0.297685 0.015625 0.026852
0 0.098958 0.636111 0.014583 0.024074
0 0.116667 0.637037 0.014583 0.024074
0 0.124740 0.173148 0.007812 0.016667
0 0.676562 0.087500 0.013542 0.021296
0 0.025781 0.144907 0.050521 0.028704
0 0.911568 0.088852 0.017708 0.025926
0 0.929391 0.091398 0.017188 0.026852
0 0.167500 0.173148 0.047500 0.018519
0 0.272526 0.090741 0.020052 0.025926
0 0.027047 0.033287 0.015104 0.020370
0 0.060607 0.146685 0.016599 0.021296
0 0.988021 0.007528 0.012500 0.015056
0 0.273047 0.064352 0.021094 0.023148
0 0.954167 0.080787 0.021875 0.057870
0 0.983073 0.081991 0.025521 0.063981
0 0.885740 0.081481 0.025000 0.053704
0 0.933099 0.034259 0.021406 0.024074
0 0.009130 0.247907 0.018260 0.024074
0 0.028677 0.247000 0.015625 0.023148
0 0.509687 0.088889 0.151667 0.024074
0 0.065344 0.248602 0.014583 0.022222
0 0.684458 0.064125 0.059208 0.023991
0 0.355951 0.063894 0.144245 0.023157
0 0.521818 0.806278 0.086167 0.016704
0 0.974526 0.975806 0.033865 0.031981
0 0.945286 0.974806 0.013375 0.023333
0 0.932109 0.975139 0.012010 0.022667
0 0.919107 0.976468 0.012495 0.024880
0 0.845583 0.198306 0.034042 0.031056
0 0.837289 0.062856 0.016057 0.018250
0 0.821747 0.089407 0.013161 0.019907
0 0.821375 0.064185 0.010552 0.022241
0 0.806302 0.090486 0.014188 0.020417
0 0.806625 0.065264 0.014094 0.024731
0 0.789729 0.091236 0.016896 0.019917
0 0.789917 0.066097 0.014469 0.023731
0 0.773070 0.090819 0.014557 0.019750
0 0.772792 0.065593 0.012323 0.021074
0 0.644073 0.060370 0.019229 0.024556
0 0.189237 0.088116 0.136943 0.022880
0 0.190365 0.063458 0.135719 0.024657
0 0.215057 0.033329 0.022417 0.021120
0 0.187958 0.032884 0.028438 0.021417
0 0.162862 0.032287 0.015724 0.020222
0 0.141339 0.031741 0.019042 0.016926
0 0.119310 0.032306 0.014932 0.020741
0 0.097094 0.032227 0.021844 0.018583
0 0.070633 0.032806 0.025109 0.020074
0 0.071068 0.858333 0.142135 0.025926
0 0.731336 0.063750 0.034099 0.024352
0 0.112948 0.063593 0.018750 0.020370
0 0.515339 0.204630 0.081719 0.012963
0 0.099740 0.197713 0.019271 0.024074
0 0.028078 0.195833 0.015635 0.025000
0 0.919682 0.062963 0.035937 0.024074
0 0.963260 0.008250 0.009896 0.016500
0 0.070141 0.925231 0.140240 0.014537
0 0.642078 0.089782 0.015625 0.023398
0 0.046260 0.032583 0.016542 0.018519
0 0.859219 0.079167 0.024271 0.047222
0 0.518380 0.064583 0.133865 0.022685
0 0.356096 0.089968 0.144474 0.025806
0 0.606953 0.749074 0.252760 0.025926
0 0.045021 0.195491 0.013812 0.025000
0 0.914661 0.918056 0.170677 0.023148
0 0.615026 0.227315 0.257448 0.023148
0 0.507318 0.262037 0.064635 0.012963
0 0.519193 0.693981 0.063385 0.013889
0 0.605964 0.775926 0.251615 0.025926
