0 0.603854 0.749074 0.258958 0.025926
0 0.355271 0.063921 0.144458 0.024324
0 0.684187 0.063389 0.059750 0.024185
0 0.082068 0.247648 0.013542 0.023148
0 0.190195 0.064403 0.131901 0.020287
0 0.064349 0.248713 0.016615 0.022222
0 0.509531 0.088889 0.151354 0.024074
0 0.028510 0.248278 0.015625 0.023148
0 0.010078 0.249602 0.017031 0.024074
0 0.932682 0.034259 0.020573 0.024074
0 0.884005 0.081481 0.025000 0.053704
0 0.983073 0.080694 0.025521 0.061389
0 0.954167 0.082361 0.021875 0.061019
0 0.273099 0.064352 0.021198 0.023148
0 0.988021 0.007676 0.012500 0.015352
0 0.518625 0.064157 0.135000 0.023981
0 0.858906 0.079167 0.024896 0.047222
0 0.100495 0.196824 0.017760 0.024074
0 0.112677 0.063546 0.018750 0.020370
0 0.730547 0.063750 0.034010 0.024352
0 0.189503 0.090319 0.133495 0.026028
0 0.272172 0.088944 0.020208 0.025926
0 0.603880 0.775926 0.255781 0.025926
0 0.043870 0.195537 0.014344 0.025000
0 0.182031 0.863148 0.044896 0.073704
0 0.355492 0.089477 0.146411 0.025861
0 0.045695 0.032352 0.015068 0.018519
0 0.713833 0.171162 0.015771 0.016565
0 0.643250 0.062093 0.019792 0.023148
0 0.027180 0.197019 0.017172 0.025000
0 0.962760 0.008551 0.009896 0.017102
0 0.914740 0.918056 0.170521 0.023148
0 0.612969 0.227315 0.261563 0.023148
0 0.506563 0.262037 0.063125 0.012963
0 0.518151 0.693981 0.061302 0.013889
0 0.910229 0.091231 0.017708 0.025926
0 0.930396 0.089620 0.017188 0.026852
0 0.737880 0.170097 0.014865 0.016843
0 0.168073 0.173148 0.048646 0.018519
0 0.070128 0.805093 0.138182 0.021296
0 0.028687 0.032991 0.015104 0.020370
0 0.061583 0.147796 0.017458 0.021296
0 0.516016 0.204630 0.083073 0.012963
0 0.140898 0.032046 0.018870 0.018667
0 0.161706 0.032269 0.017745 0.019111
0 0.187883 0.031935 0.028370 0.018444
0 0.215622 0.031602 0.022120 0.020444
0 0.771857 0.063588 0.016984 0.022231
0 0.771763 0.090060 0.017547 0.023398
0 0.789453 0.065162 0.014094 0.022731
0 0.788518 0.088565 0.016151 0.021741
0 0.805508 0.064667 0.015964 0.024389
0 0.805599 0.088727 0.016521 0.022398
0 0.821935 0.063088 0.009432 0.023565
0 0.821000 0.089394 0.011667 0.022398
0 0.837760 0.064606 0.013229 0.017546
0 0.919057 0.975806 0.011500 0.023556
0 0.931805 0.977139 0.011995 0.019111
0 0.945362 0.975917 0.012870 0.025111
0 0.974852 0.976801 0.037109 0.031769
0 0.520922 0.806620 0.084979 0.024981
0 0.070292 0.925903 0.140583 0.012046
0 0.070859 0.034931 0.022240 0.020435
0 0.097536 0.033046 0.022865 0.017111
0 0.120966 0.031713 0.017745 0.019333
0 0.016667 0.082870 0.026042 0.060185
0 0.070312 0.830556 0.140625 0.027778
0 0.098698 0.273611 0.013021 0.025000
0 0.720573 0.283796 0.042188 0.025000
0 0.396354 0.975926 0.115625 0.033333
0 0.062500 0.636111 0.015625 0.025926
0 0.080208 0.272685 0.014583 0.025000
0 0.116667 0.274074 0.013542 0.022222
0 0.065104 0.083796 0.021875 0.058333
0 0.098437 0.247685 0.012500 0.023148
0 0.062500 0.272222 0.014583 0.024074
0 0.043750 0.636574 0.014583 0.025000
0 0.512500 0.977315 0.016667 0.023148
0 0.088542 0.082407 0.023958 0.059259
0 0.062240 0.611111 0.015104 0.020370
0 0.080469 0.636111 0.015104 0.024074
0 0.118490 0.300463 0.017188 0.025000
0 0.080729 0.727315 0.013542 0.023148
0 0.080469 0.299074 0.014063 0.024074
0 0.099479 0.300000 0.013542 0.024074
0 0.044271 0.325463 0.013542 0.023148
0 0.044010 0.273148 0.015104 0.024074
0 0.044531 0.298611 0.014063 0.025000
0 0.846875 0.199074 0.035417 0.027778
0 0.490104 0.976852 0.017708 0.022222
0 0.044531 0.726852 0.015104 0.020370
0 0.040885 0.083796 0.021354 0.060185
0 0.558594 0.977315 0.018229 0.025000
0 0.099219 0.701389 0.014063 0.023148
0 0.025521 0.636111 0.016667 0.024074
0 0.025781 0.325000 0.015104 0.022222
0 0.043750 0.247222 0.013542 0.022222
0 0.080729 0.325926 0.014583 0.025926
0 0.080469 0.610185 0.015104 0.022222
0 0.062240 0.325463 0.013021 0.025000
0 0.117188 0.247685 0.013542 0.025000
0 0.063281 0.700926 0.017188 0.024074
0 0.535417 0.977778 0.016667 0.024074
0 0.044010 0.610648 0.015104 0.023148
0 0.580729 0.978704 0.017708 0.027778
0 0.603906 0.979167 0.019271 0.030556
0 0.062500 0.299074 0.013542 0.024074
0 0.712500 0.088426 0.014583 0.023148
0 0.917448 0.200463 0.035937 0.025000
0 0.008854 0.221759 0.013542 0.025000
0 0.694792 0.088426 0.017708 0.023148
0 0.044010 0.700926 0.014063 0.024074
0 0.098698 0.325463 0.013021 0.025000
0 0.062500 0.221759 0.013542 0.021296
0 0.044010 0.662500 0.014063 0.028704
0 0.627344 0.980556 0.015104 0.025926
0 0.025781 0.299537 0.014063 0.025000
0 0.650521 0.981481 0.016667 0.029630
0 0.466146 0.978241 0.016667 0.025000
0 0.043750 0.584259 0.015625 0.022222
0 0.080729 0.700463 0.012500 0.023148
0 0.044010 0.352778 0.015104 0.025926
0 0.007812 0.610648 0.015625 0.021296
0 0.673177 0.981019 0.017188 0.028704
0 0.007812 0.325463 0.015625 0.023148
0 0.080729 0.221759 0.012500 0.021296
0 0.441927 0.064352 0.015104 0.023148
0 0.117969 0.326389 0.017188 0.023148
0 0.747656 0.089352 0.014063 0.021296
0 0.026302 0.272685 0.015104 0.025000
0 0.227083 0.147222 0.017708 0.022222
0 0.207813 0.146759 0.013542 0.021296
0 0.919010 0.062963 0.035937 0.024074
0 0.044010 0.222222 0.013021 0.022222
0 0.730208 0.088426 0.015625 0.023148
0 0.008333 0.728241 0.016667 0.019444
0 0.008073 0.700463 0.016146 0.025000
0 0.062500 0.662500 0.015625 0.028704
0 0.117188 0.701852 0.013542 0.022222
0 0.116927 0.222222 0.011979 0.022222
0 0.025521 0.351852 0.014583 0.025926
0 0.025781 0.662500 0.014063 0.028704
0 0.008073 0.352315 0.014063 0.023148
0 0.172396 0.146296 0.017708 0.024074
0 0.973698 0.032870 0.051562 0.026852
0 0.967708 0.146296 0.019792 0.022222
0 0.946094 0.146759 0.013021 0.021296
0 0.026302 0.700926 0.014063 0.025926
0 0.008073 0.663426 0.016146 0.028704
0 0.099219 0.221296 0.013021 0.022222
0 0.894271 0.034259 0.013542 0.022222
0 0.025781 0.584722 0.017188 0.023148
0 0.190365 0.146759 0.014063 0.023148
0 0.110937 0.089815 0.016667 0.027778
0 0.909635 0.034259 0.013021 0.024074
0 0.151823 0.146296 0.018229 0.024074
0 0.063021 0.726852 0.014583 0.022222
0 0.026042 0.726852 0.015625 0.020370
0 0.098958 0.609722 0.015625 0.023148
0 0.327344 0.977778 0.020313 0.024074
0 0.588802 0.284722 0.213021 0.026852
0 0.008333 0.272685 0.014583 0.023148
0 0.881510 0.199537 0.032813 0.028704
0 0.007812 0.297685 0.015625 0.026852
0 0.098958 0.636111 0.014583 0.024074
0 0.116667 0.637037 0.014583 0.024074
0 0.676562 0.087500 0.013542 0.021296
0 0.988542 0.145370 0.018750 0.022222
0 0.116406 0.610185 0.015104 0.022222
0 0.007812 0.584722 0.015625 0.023148
0 0.117188 0.585185 0.015625 0.020370
0 0.008594 0.636111 0.014063 0.024074
0 0.659375 0.088426 0.013542 0.021296
0 0.080208 0.195370 0.012500 0.022222
0 0.008333 0.194907 0.016667 0.025000
0 0.025521 0.222222 0.014583 0.024074
0 0.061719 0.584259 0.015104 0.020370
0 0.880208 0.978241 0.013542 0.021296
0 0.062500 0.195833 0.012500 0.023148
0 0.964844 0.172685 0.009896 0.015741
0 0.863281 0.978241 0.015104 0.021296
0 0.846875 0.978704 0.013542 0.022222
0 0.080208 0.584722 0.015625 0.019444
0 0.116406 0.194907 0.010937 0.021296
0 0.994792 0.171296 0.009375 0.016667
0 0.132812 0.146296 0.014583 0.020370
0 0.105990 0.756481 0.009896 0.016667
0 0.134896 0.756944 0.007292 0.015741
0 0.025781 0.609722 0.017188 0.019444
0 0.115104 0.146759 0.015625 0.023148
0 0.070312 0.905093 0.140625 0.026852
0 0.115885 0.172222 0.009896 0.018519
0 0.098698 0.585185 0.016146 0.020370
0 0.080469 0.662037 0.014063 0.027778
0 0.115104 0.560648 0.009375 0.017593
0 0.984375 0.171296 0.009375 0.016667
0 0.641927 0.089815 0.015104 0.022222
0 0.115365 0.756481 0.005729 0.014815
0 0.097135 0.145833 0.017188 0.023148
0 0.974479 0.172222 0.008333 0.014815
0 0.069792 0.857870 0.139583 0.026852
0 0.720573 0.892593 0.041146 0.024074
0 0.674219 0.892593 0.041146 0.024074
0 0.608594 0.076852 0.034896 0.057407
0 0.125000 0.756481 0.007292 0.014815
0 0.134896 0.560185 0.007292 0.014815
0 0.197396 0.174074 0.007292 0.016667
0 0.124740 0.561111 0.006771 0.016667
0 0.025781 0.144907 0.050521 0.028704
0 0.134896 0.172222 0.009375 0.018519
0 0.199479 0.212500 0.098958 0.019444
0 0.124740 0.173148 0.007812 0.016667
0 0.237240 0.032870 0.017188 0.019444
0 0.079687 0.145833 0.013542 0.023148
0 0.939063 0.007870 0.010417 0.015741
0 0.899479 0.977778 0.020833 0.022222
0 0.008333 0.033333 0.013542 0.020370
