0 0.213974 0.032495 0.020917 0.021250
0 0.186201 0.033301 0.027505 0.020435
0 0.161534 0.031810 0.016141 0.016528
0 0.140419 0.032843 0.018339 0.016759
0 0.119677 0.032551 0.013448 0.015139
0 0.097190 0.034407 0.021068 0.014611
0 0.070294 0.034144 0.022859 0.017269
0 0.046833 0.033083 0.016583 0.016741
0 0.070443 0.925981 0.140885 0.011370
0 0.925081 0.709023 0.149370 0.017528
0 0.848992 0.620847 0.034005 0.013806
0 0.914789 0.602995 0.170422 0.018083
0 0.914333 0.584426 0.170042 0.016185
0 0.914388 0.567056 0.171224 0.017611
0 0.914333 0.548727 0.171115 0.015231
0 0.771487 0.090444 0.015495 0.019278
0 0.805516 0.089755 0.015625 0.019750
0 0.822820 0.089282 0.013047 0.021602
0 0.851146 0.320833 0.042917 0.013889
0 0.027276 0.031704 0.015104 0.020370
0 0.918951 0.460287 0.161266 0.014815
0 0.916224 0.338426 0.165781 0.017593
0 0.932813 0.976718 0.010896 0.026194
0 0.945740 0.976852 0.014063 0.025926
0 0.845807 0.373148 0.033281 0.016667
0 0.915078 0.917593 0.169844 0.022222
0 0.977437 0.978333 0.037823 0.027778
0 0.789188 0.066250 0.015104 0.020463
0 0.974911 0.170991 0.008854 0.014815
0 0.837760 0.063056 0.017188 0.018704
0 0.915534 0.496426 0.168932 0.015815
0 0.166563 0.173611 0.048125 0.017593
0 0.124927 0.560917 0.007292 0.016667
0 0.919526 0.408648 0.160219 0.018519
0 0.928849 0.091204 0.017188 0.028704
0 0.919312 0.425972 0.161062 0.016759
0 0.839135 0.682704 0.015104 0.022222
0 0.919052 0.442931 0.160854 0.016731
0 0.919680 0.389671 0.160641 0.016583
0 0.070312 0.905861 0.140625 0.025926
0 0.911286 0.091611 0.017708 0.026852
0 0.962583 0.008949 0.011396 0.017898
0 0.871641 0.637037 0.066198 0.014815
0 0.924846 0.690426 0.148536 0.018519
0 0.010221 0.033250 0.013724 0.018167
0 0.111310 0.087815 0.016370 0.022148
0 0.915143 0.284722 0.169193 0.019444
0 0.925052 0.654630 0.149063 0.016667
0 0.915013 0.514676 0.167891 0.018241
0 0.027370 0.195556 0.019323 0.026296
0 0.964273 0.172380 0.011036 0.015315
0 0.914685 0.266255 0.168339 0.016213
0 0.045674 0.195639 0.013401 0.022185
0 0.731943 0.062352 0.035417 0.025926
0 0.914234 0.532727 0.167719 0.016713
0 0.914602 0.303801 0.169547 0.017583
0 0.180932 0.863250 0.041823 0.082037
0 0.643104 0.061824 0.019792 0.023148
0 0.915203 0.249995 0.168740 0.015843
0 0.642773 0.088074 0.016286 0.022389
0 0.112130 0.063157 0.018750 0.021296
0 0.835411 0.714046 0.010417 0.030556
0 0.925693 0.672972 0.148615 0.015093
0 0.788802 0.089273 0.015625 0.020157
0 0.838182 0.657421 0.014573 0.019787
0 0.859815 0.077593 0.024620 0.046741
0 0.772135 0.066620 0.017188 0.023981
0 0.190281 0.088606 0.135479 0.022509
0 0.988745 0.010032 0.014063 0.020065
0 0.884495 0.080333 0.023958 0.053704
0 0.063984 0.248657 0.016510 0.026944
0 0.082328 0.247222 0.014583 0.024074
0 0.821870 0.064361 0.013542 0.020833
0 0.805932 0.065509 0.016302 0.022222
0 0.932995 0.034259 0.021198 0.024074
0 0.683469 0.062593 0.059125 0.024815
0 0.190260 0.064167 0.134063 0.023519
0 0.063099 0.273398 0.014583 0.025000
0 0.081068 0.271972 0.015104 0.025000
0 0.069904 0.806056 0.139807 0.027778
0 0.080469 0.325926 0.015104 0.025926
0 0.114583 0.145833 0.016667 0.026852
0 0.062500 0.299074 0.013542 0.024074
0 0.063021 0.727315 0.015625 0.021296
0 0.116927 0.221759 0.013021 0.023148
0 0.879948 0.977315 0.014063 0.026852
0 0.098958 0.221296 0.013542 0.022222
0 0.062240 0.325463 0.013021 0.025000
0 0.489844 0.977315 0.018229 0.023148
0 0.025781 0.299537 0.014063 0.025000
0 0.711979 0.088889 0.013542 0.022222
0 0.008073 0.663889 0.016146 0.029630
0 0.729948 0.088889 0.015104 0.024074
0 0.603906 0.979630 0.020313 0.031481
0 0.117188 0.248148 0.013542 0.025926
0 0.518750 0.062500 0.138542 0.026852
0 0.154688 0.145370 0.016667 0.025926
0 0.580729 0.979167 0.018750 0.030556
0 0.080729 0.700926 0.012500 0.024074
0 0.441667 0.064815 0.015625 0.024074
0 0.025000 0.248148 0.015625 0.024074
0 0.441927 0.088426 0.016146 0.025000
0 0.008073 0.247222 0.013021 0.024074
0 0.044010 0.610648 0.015104 0.023148
0 0.558594 0.978704 0.019271 0.027778
0 0.008594 0.221759 0.014063 0.025000
0 0.025781 0.662963 0.014063 0.029630
0 0.063281 0.700463 0.017188 0.025000
0 0.099219 0.701389 0.014063 0.023148
0 0.080469 0.610185 0.015104 0.022222
0 0.983073 0.081944 0.025521 0.063889
0 0.008333 0.273148 0.014583 0.024074
0 0.025260 0.222222 0.015104 0.024074
0 0.518229 0.088426 0.139583 0.026852
0 0.043750 0.247685 0.013542 0.023148
0 0.946354 0.146296 0.013542 0.022222
0 0.747396 0.088889 0.014583 0.022222
0 0.007552 0.194907 0.015104 0.025000
0 0.988802 0.145833 0.019271 0.023148
0 0.917708 0.200463 0.036458 0.025000
0 0.007812 0.584722 0.015625 0.025000
0 0.008333 0.298148 0.015625 0.027778
0 0.918490 0.063426 0.036979 0.025000
0 0.061719 0.583796 0.015104 0.021296
0 0.098698 0.610185 0.015104 0.024074
0 0.327083 0.978241 0.020833 0.025000
0 0.026042 0.726852 0.015625 0.020370
0 0.099740 0.194444 0.019271 0.024074
0 0.007812 0.610185 0.015625 0.022222
0 0.659115 0.089352 0.013021 0.021296
0 0.627344 0.980556 0.016146 0.027778
0 0.080729 0.299074 0.014583 0.024074
0 0.117448 0.636574 0.017188 0.025000
0 0.271354 0.064352 0.018750 0.025000
0 0.062500 0.662500 0.015625 0.028704
0 0.025521 0.584259 0.017708 0.024074
0 0.008594 0.635185 0.014063 0.024074
0 0.466146 0.978241 0.017708 0.026852
0 0.025521 0.352315 0.014583 0.026852
0 0.190365 0.145833 0.015104 0.025000
0 0.044010 0.222222 0.013021 0.022222
0 0.025781 0.609259 0.017188 0.020370
0 0.396875 0.976389 0.116667 0.034259
0 0.271354 0.089815 0.017708 0.024074
0 0.025781 0.325463 0.015104 0.023148
0 0.025521 0.636111 0.016667 0.024074
0 0.098698 0.325926 0.013021 0.025926
0 0.512760 0.977315 0.017188 0.025000
0 0.044271 0.700926 0.014583 0.025926
0 0.197135 0.173148 0.008854 0.020370
0 0.117969 0.326389 0.017188 0.023148
0 0.098958 0.585185 0.015625 0.022222
0 0.078906 0.145833 0.017188 0.025000
0 0.008073 0.700463 0.016146 0.026852
0 0.115104 0.756481 0.006250 0.016667
0 0.080469 0.221759 0.013021 0.023148
0 0.115104 0.561111 0.009375 0.018519
0 0.099479 0.299537 0.013542 0.025000
0 0.535156 0.977778 0.017188 0.025926
0 0.044010 0.273148 0.015104 0.024074
0 0.650260 0.981019 0.017188 0.028704
0 0.070573 0.830556 0.141146 0.027778
0 0.016406 0.081944 0.026562 0.062037
0 0.098698 0.273611 0.013021 0.025000
0 0.062240 0.636111 0.016146 0.025926
0 0.116927 0.273611 0.014063 0.023148
0 0.065104 0.083796 0.021875 0.060185
0 0.354687 0.062500 0.147917 0.028704
0 0.080469 0.635648 0.015104 0.025000
0 0.080469 0.727315 0.014063 0.023148
0 0.088542 0.082407 0.023958 0.061111
0 0.380990 0.147222 0.014063 0.020370
0 0.044010 0.636111 0.015104 0.025926
0 0.044010 0.325463 0.014063 0.025000
0 0.098437 0.247685 0.012500 0.025000
0 0.118490 0.300463 0.017188 0.025000
0 0.044010 0.662500 0.014063 0.028704
0 0.044531 0.726852 0.015104 0.020370
0 0.040885 0.083333 0.021354 0.061111
0 0.044271 0.298611 0.014583 0.025000
0 0.899740 0.976852 0.021354 0.025926
0 0.984375 0.171759 0.009375 0.015741
0 0.060417 0.146296 0.015625 0.025926
0 0.124740 0.172685 0.007812 0.017593
0 0.115885 0.172222 0.010937 0.020370
0 0.919010 0.976852 0.013021 0.025926
0 0.954167 0.082731 0.021875 0.063611
0 0.939323 0.008333 0.010937 0.016667
0 0.135156 0.560648 0.007812 0.015741
0 0.134635 0.172222 0.009896 0.020370
0 0.189583 0.212500 0.077083 0.019444
0 0.295260 0.145370 0.153229 0.024074
0 0.172917 0.145370 0.015625 0.024074
0 0.819531 0.174074 0.011979 0.020370
0 0.026042 0.145370 0.050000 0.027778
0 0.124740 0.756481 0.007812 0.016667
0 0.160156 0.213889 0.011979 0.016667
0 0.236979 0.033333 0.016667 0.020370
0 0.070312 0.857870 0.140625 0.026852
0 0.608854 0.077315 0.035417 0.054630
0 0.008073 0.352315 0.015104 0.023148
0 0.105990 0.756481 0.009896 0.018519
0 0.026042 0.273148 0.015625 0.025926
0 0.007812 0.325463 0.015625 0.023148
0 0.097396 0.145833 0.015625 0.025000
0 0.080469 0.662037 0.014063 0.027778
0 0.117188 0.701389 0.014583 0.023148
0 0.973698 0.033333 0.050521 0.025926
0 0.026042 0.700926 0.014583 0.025926
0 0.909896 0.033796 0.013542 0.025000
0 0.008333 0.727778 0.016667 0.020370
0 0.694792 0.088889 0.014583 0.020370
0 0.117708 0.610185 0.018750 0.025926
0 0.098698 0.635648 0.015104 0.025000
0 0.672917 0.981019 0.016667 0.028704
0 0.676562 0.088426 0.012500 0.021296
0 0.846875 0.199537 0.035417 0.028704
0 0.043750 0.584259 0.015625 0.022222
0 0.353906 0.088889 0.149479 0.027778
0 0.894271 0.034259 0.013542 0.022222
0 0.116406 0.194444 0.010937 0.022222
0 0.062240 0.195370 0.013021 0.024074
0 0.994792 0.172222 0.009375 0.016667
0 0.863021 0.977315 0.015625 0.026852
0 0.044271 0.352778 0.015625 0.025926
0 0.134896 0.756481 0.007292 0.016667
0 0.079948 0.584722 0.015104 0.019444
0 0.117448 0.585648 0.016146 0.021296
0 0.881250 0.199537 0.032292 0.028704
0 0.967708 0.146296 0.019792 0.022222
0 0.207552 0.145833 0.017188 0.025000
0 0.062500 0.221759 0.013542 0.023148
0 0.846615 0.977778 0.014063 0.025926
0 0.079948 0.194907 0.013021 0.023148
0 0.134375 0.146296 0.018750 0.025926
