0 0.858641 0.077630 0.025531 0.045111
0 0.789062 0.066296 0.015625 0.023333
0 0.100000 0.195880 0.018750 0.026944
0 0.920151 0.064389 0.036458 0.024074
0 0.730883 0.063069 0.033339 0.023731
0 0.112146 0.063120 0.018750 0.021296
0 0.356836 0.090347 0.146266 0.024991
0 0.272430 0.089787 0.020380 0.025926
0 0.913427 0.620435 0.152833 0.014685
0 0.910406 0.286028 0.158458 0.016685
0 0.910732 0.320185 0.160099 0.015185
0 0.913021 0.637301 0.153125 0.016139
0 0.837620 0.065185 0.015781 0.017315
0 0.641667 0.089296 0.014583 0.024074
0 0.912977 0.707347 0.154984 0.016417
0 0.913716 0.655565 0.153922 0.017593
0 0.318542 0.144907 0.127500 0.025000
0 0.044518 0.194963 0.014505 0.023444
0 0.135589 0.757870 0.007292 0.017593
0 0.183073 0.863333 0.043229 0.071481
0 0.027057 0.196602 0.018698 0.025926
0 0.913302 0.565259 0.151458 0.018481
0 0.915055 0.479338 0.148234 0.016880
0 0.910906 0.250236 0.159167 0.017509
0 0.111029 0.090106 0.017203 0.023491
0 0.167292 0.173611 0.047708 0.017593
0 0.046982 0.033944 0.016661 0.018519
0 0.069706 0.859519 0.139411 0.026852
0 0.197865 0.173611 0.009271 0.017593
0 0.125776 0.757093 0.007812 0.016667
0 0.963578 0.008940 0.013542 0.017880
0 0.196276 0.214611 0.088021 0.018519
0 0.914102 0.726074 0.153047 0.017593
0 0.915115 0.497856 0.150188 0.015028
0 0.913255 0.602315 0.152552 0.017593
0 0.915065 0.303722 0.150599 0.014037
0 0.912927 0.673079 0.155813 0.015694
0 0.914219 0.900000 0.149688 0.018519
0 0.857370 0.865741 0.037656 0.012963
0 0.914438 0.743972 0.152375 0.017593
0 0.913036 0.690074 0.155802 0.017593
0 0.854089 0.795833 0.049844 0.013889
0 0.975250 0.171537 0.008333 0.014815
0 0.878229 0.848148 0.078333 0.012963
0 0.864010 0.813426 0.049896 0.012037
0 0.929464 0.089431 0.017427 0.024657
0 0.913802 0.585185 0.152604 0.016667
0 0.877318 0.831019 0.076510 0.013889
0 0.911029 0.088495 0.016328 0.022083
0 0.869245 0.760648 0.060365 0.013889
0 0.908854 0.355495 0.164583 0.017157
0 0.846615 0.461028 0.034896 0.019444
0 0.914393 0.920519 0.170797 0.020259
0 0.027453 0.033639 0.015104 0.020370
0 0.910078 0.408843 0.158698 0.015648
0 0.910620 0.269116 0.158865 0.017880
0 0.910294 0.337907 0.160036 0.015741
0 0.442667 0.064463 0.015625 0.024074
0 0.071125 0.035352 0.024302 0.016870
0 0.097396 0.033500 0.021292 0.016463
0 0.120193 0.034116 0.013656 0.021806
0 0.140211 0.033704 0.019901 0.016870
0 0.161737 0.033500 0.015276 0.017278
0 0.187193 0.033088 0.025458 0.018102
0 0.214156 0.033500 0.021521 0.017278
0 0.771560 0.089560 0.016432 0.020454
0 0.788518 0.090486 0.015984 0.021250
0 0.805703 0.089958 0.015687 0.021250
0 0.820648 0.088171 0.011880 0.018361
0 0.910937 0.373282 0.161667 0.015991
0 0.910190 0.389940 0.161776 0.015639
0 0.909357 0.444250 0.160849 0.018926
0 0.882411 0.777574 0.087417 0.015648
0 0.874924 0.884176 0.072953 0.012907
0 0.919099 0.977083 0.010708 0.021426
0 0.932086 0.977565 0.010443 0.019519
0 0.945206 0.977083 0.013120 0.019519
0 0.975734 0.978037 0.040969 0.034759
0 0.070695 0.925403 0.141391 0.011935
0 0.356305 0.063227 0.146870 0.025343
0 0.190117 0.063583 0.134766 0.022222
0 0.063193 0.273509 0.014583 0.025000
0 0.933490 0.033796 0.022187 0.025000
0 0.683753 0.062611 0.059474 0.024222
0 0.189193 0.089111 0.137500 0.025926
0 0.805990 0.065417 0.017188 0.021574
0 0.973635 0.034398 0.051042 0.025926
0 0.821354 0.064583 0.013542 0.019907
0 0.518552 0.063759 0.134146 0.023630
0 0.272839 0.064352 0.021719 0.025000
0 0.883766 0.079176 0.024479 0.054630
0 0.064557 0.247824 0.017656 0.025278
0 0.988479 0.009583 0.014063 0.019167
0 0.510234 0.088889 0.152760 0.024074
0 0.771536 0.064843 0.017188 0.021481
0 0.955167 0.078000 0.021875 0.044185
0 0.043750 0.583796 0.015625 0.023148
0 0.063281 0.727315 0.016146 0.021296
0 0.117188 0.701389 0.014583 0.023148
0 0.650260 0.980556 0.017188 0.029630
0 0.044271 0.610648 0.016667 0.023148
0 0.946354 0.146759 0.013542 0.023148
0 0.659115 0.088426 0.013021 0.021296
0 0.117448 0.248148 0.014063 0.025926
0 0.080990 0.700463 0.013021 0.023148
0 0.063281 0.700463 0.017188 0.025000
0 0.025781 0.662963 0.014063 0.029630
0 0.730208 0.088889 0.014583 0.022222
0 0.025260 0.248148 0.016146 0.024074
0 0.080729 0.610185 0.015625 0.022222
0 0.080729 0.247222 0.014583 0.024074
0 0.044271 0.700926 0.014583 0.025926
0 0.062240 0.325463 0.013021 0.025000
0 0.062500 0.662500 0.015625 0.028704
0 0.747656 0.088889 0.014063 0.022222
0 0.008073 0.247222 0.014063 0.024074
0 0.044792 0.636111 0.017708 0.025926
0 0.558333 0.978241 0.018750 0.028704
0 0.080469 0.325926 0.015104 0.025926
0 0.043750 0.247685 0.013542 0.023148
0 0.044271 0.662500 0.014583 0.028704
0 0.099219 0.701389 0.014063 0.023148
0 0.008594 0.221759 0.014063 0.025000
0 0.512500 0.977315 0.017708 0.025000
0 0.062500 0.610648 0.014583 0.021296
0 0.711979 0.088426 0.013542 0.023148
0 0.694792 0.088426 0.017708 0.023148
0 0.025521 0.325463 0.015625 0.023148
0 0.062500 0.636111 0.015625 0.025926
0 0.044531 0.726852 0.016146 0.020370
0 0.080729 0.299074 0.014583 0.024074
0 0.983073 0.081019 0.025521 0.062037
0 0.391406 0.146759 0.015104 0.021296
0 0.044010 0.273148 0.015104 0.024074
0 0.099479 0.300000 0.013542 0.024074
0 0.098437 0.247685 0.012500 0.025000
0 0.044271 0.298611 0.014583 0.025000
0 0.040625 0.083333 0.021875 0.061111
0 0.044010 0.325463 0.014063 0.023148
0 0.118229 0.300463 0.017708 0.025000
0 0.080469 0.727315 0.014063 0.023148
0 0.080469 0.635648 0.015104 0.025000
0 0.088542 0.082870 0.023958 0.060185
0 0.080469 0.272685 0.015104 0.025000
0 0.116927 0.274074 0.014063 0.022222
0 0.396875 0.976389 0.116667 0.034259
0 0.065104 0.083796 0.021875 0.060185
0 0.098698 0.273611 0.013021 0.025000
0 0.016406 0.081944 0.026562 0.062037
0 0.070573 0.830556 0.141146 0.027778
0 0.070312 0.804630 0.140625 0.027778
0 0.894271 0.034259 0.013542 0.022222
0 0.008073 0.351852 0.015104 0.024074
0 0.967708 0.145833 0.019792 0.023148
0 0.080469 0.221759 0.013021 0.023148
0 0.846875 0.199537 0.035417 0.028704
0 0.025521 0.352315 0.014583 0.026852
0 0.008333 0.727778 0.016667 0.020370
0 0.150521 0.146296 0.015625 0.027778
0 0.044010 0.222222 0.013021 0.022222
0 0.026042 0.700463 0.014583 0.026852
0 0.627083 0.980556 0.016667 0.027778
0 0.008594 0.635648 0.014063 0.025000
0 0.007552 0.194907 0.015104 0.025000
0 0.008333 0.700463 0.016667 0.026852
0 0.116667 0.637037 0.015625 0.024074
0 0.061719 0.583796 0.015104 0.021296
0 0.117188 0.584722 0.015625 0.021296
0 0.099219 0.610185 0.016146 0.024074
0 0.025781 0.583796 0.017188 0.025000
0 0.008333 0.273148 0.014583 0.024074
0 0.007812 0.297685 0.015625 0.026852
0 0.080208 0.194907 0.012500 0.023148
0 0.168229 0.146296 0.015625 0.027778
0 0.026042 0.726852 0.015625 0.020370
0 0.917448 0.200000 0.035937 0.024074
0 0.098958 0.636111 0.015625 0.024074
0 0.025521 0.222222 0.015625 0.024074
0 0.115365 0.145833 0.016146 0.026852
0 0.244531 0.145833 0.014063 0.025000
0 0.116927 0.221759 0.013021 0.023148
0 0.008073 0.584259 0.016146 0.025926
0 0.008073 0.610185 0.016146 0.022222
0 0.225781 0.145833 0.020313 0.026852
0 0.099219 0.221296 0.014063 0.022222
0 0.116146 0.609722 0.015625 0.023148
0 0.205208 0.146296 0.016667 0.025926
0 0.988802 0.145370 0.019271 0.022222
0 0.643750 0.063889 0.019792 0.022222
0 0.115104 0.561111 0.009375 0.018519
0 0.133333 0.145370 0.015625 0.025926
0 0.062500 0.195370 0.013542 0.024074
0 0.881250 0.199537 0.032292 0.028704
0 0.097917 0.145833 0.014583 0.026852
0 0.846615 0.978241 0.014063 0.023148
0 0.186458 0.145370 0.017708 0.027778
0 0.116406 0.194444 0.010937 0.022222
0 0.105990 0.756481 0.009896 0.018519
0 0.080208 0.584259 0.015625 0.020370
0 0.098958 0.584722 0.016667 0.021296
0 0.994792 0.172222 0.009375 0.016667
0 0.965625 0.171759 0.011458 0.015741
0 0.080469 0.662037 0.014063 0.027778
0 0.879948 0.977778 0.014063 0.024074
0 0.863021 0.977778 0.015625 0.024074
0 0.115365 0.756481 0.006771 0.016667
0 0.079167 0.146296 0.017708 0.025926
0 0.818750 0.173611 0.013542 0.021296
0 0.115625 0.172222 0.010417 0.020370
0 0.070312 0.904630 0.140625 0.025926
0 0.236979 0.033796 0.016667 0.021296
0 0.025781 0.609259 0.018229 0.020370
0 0.608594 0.076852 0.034896 0.055556
0 0.984375 0.171296 0.009375 0.016667
0 0.124479 0.560648 0.007292 0.017593
0 0.135156 0.560185 0.007812 0.016667
0 0.025781 0.145370 0.050521 0.027778
0 0.134635 0.171759 0.009896 0.021296
0 0.124740 0.172685 0.007812 0.019444
0 0.060417 0.146296 0.015625 0.025926
0 0.939323 0.008333 0.010937 0.016667
0 0.864323 0.514352 0.051562 0.015741
0 0.007812 0.033796 0.014583 0.023148
0 0.899740 0.977315 0.022396 0.025000
0 0.872432 0.425838 0.083865 0.016120
0 0.025260 0.636111 0.016146 0.024074
0 0.062500 0.299074 0.013542 0.024074
0 0.044271 0.352778 0.015625 0.025926
0 0.909896 0.034259 0.013542 0.025926
0 0.025781 0.299537 0.014063 0.025000
0 0.098698 0.325463 0.013021 0.025000
0 0.490104 0.976852 0.018750 0.024074
0 0.580729 0.979167 0.018750 0.030556
0 0.673177 0.981019 0.017188 0.028704
0 0.007812 0.325463 0.015625 0.023148
0 0.676562 0.087963 0.012500 0.022222
0 0.535156 0.977778 0.018229 0.025926
0 0.327344 0.978241 0.021354 0.025000
0 0.026042 0.273148 0.015625 0.025926
0 0.008073 0.663426 0.016146 0.030556
0 0.117969 0.325926 0.017188 0.024074
0 0.604167 0.979630 0.020833 0.031481
0 0.466146 0.978241 0.017708 0.026852
0 0.062500 0.221759 0.013542 0.023148
