0 0.009198 0.033333 0.014063 0.020370
0 0.044049 0.272644 0.015943 0.021991
0 0.915339 0.391046 0.169219 0.015796
0 0.008672 0.248648 0.017344 0.025000
0 0.027031 0.195370 0.017604 0.025926
0 0.964781 0.171389 0.011458 0.017593
0 0.882224 0.198241 0.032292 0.028704
0 0.044594 0.195083 0.017188 0.025000
0 0.732141 0.062963 0.035937 0.025926
0 0.643750 0.064602 0.018750 0.022537
0 0.116771 0.222315 0.013021 0.023148
0 0.914333 0.249074 0.168729 0.017778
0 0.608698 0.077694 0.035417 0.057407
0 0.008875 0.272667 0.014583 0.024074
0 0.659427 0.088611 0.012396 0.020926
0 0.111927 0.062963 0.020729 0.022222
0 0.510677 0.088662 0.151875 0.025824
0 0.973292 0.034537 0.050521 0.025926
0 0.100000 0.195741 0.018750 0.026667
0 0.273307 0.088694 0.021302 0.024074
0 0.788802 0.067176 0.016146 0.025093
0 0.772396 0.066991 0.016667 0.024722
0 0.955609 0.080528 0.021354 0.050556
0 0.024984 0.272315 0.015625 0.025926
0 0.070247 0.831139 0.140495 0.027778
0 0.946214 0.975815 0.014063 0.026852
0 0.125214 0.173241 0.008854 0.017593
0 0.978091 0.977509 0.040380 0.028704
0 0.910031 0.092574 0.017708 0.028704
0 0.928391 0.089958 0.015573 0.023639
0 0.125323 0.561148 0.007292 0.017593
0 0.863854 0.498148 0.072500 0.018519
0 0.837503 0.063472 0.015724 0.020833
0 0.962536 0.009704 0.013021 0.019407
0 0.914654 0.267218 0.170589 0.017583
0 0.819464 0.174130 0.014063 0.022222
0 0.924776 0.302593 0.149094 0.015741
0 0.924836 0.285912 0.150328 0.016528
0 0.914583 0.917593 0.170833 0.024074
0 0.114948 0.171657 0.010417 0.017593
0 0.862812 0.976370 0.014583 0.030556
0 0.071615 0.926694 0.140625 0.013278
0 0.858964 0.080074 0.026042 0.050926
0 0.988417 0.009440 0.014063 0.018880
0 0.442714 0.062861 0.015104 0.024074
0 0.884422 0.080324 0.023958 0.054630
0 0.821615 0.065926 0.014063 0.022593
0 0.519484 0.062912 0.136448 0.023231
0 0.070721 0.034875 0.022536 0.018028
0 0.097057 0.032875 0.020000 0.018028
0 0.118328 0.032375 0.015771 0.017028
0 0.140018 0.034625 0.016901 0.018528
0 0.161148 0.032875 0.015776 0.017028
0 0.186784 0.033625 0.027609 0.017528
0 0.215237 0.032620 0.021411 0.022537
0 0.771667 0.091241 0.015094 0.020778
0 0.788344 0.089944 0.016312 0.019907
0 0.806091 0.089727 0.015339 0.020343
0 0.822250 0.088454 0.013146 0.019481
0 0.914823 0.408023 0.170031 0.016843
0 0.914719 0.425231 0.170240 0.016833
0 0.914484 0.461144 0.171031 0.021324
0 0.915117 0.356213 0.169766 0.015352
0 0.190474 0.088963 0.137500 0.025926
0 0.983557 0.082009 0.025521 0.063889
0 0.357367 0.089713 0.146120 0.026315
0 0.805990 0.066296 0.017188 0.023333
0 0.683807 0.062681 0.059677 0.024991
0 0.042010 0.081370 0.021354 0.062037
0 0.933516 0.033796 0.022240 0.025000
0 0.189919 0.063981 0.135266 0.023889
0 0.273807 0.063046 0.021667 0.025000
0 0.064542 0.082370 0.021875 0.060185
0 0.356573 0.063792 0.143729 0.022213
0 0.027354 0.033296 0.018083 0.018519
0 0.070573 0.860648 0.141146 0.027778
0 0.914594 0.338704 0.169562 0.017407
0 0.046573 0.034213 0.015396 0.018426
0 0.914901 0.372907 0.169156 0.018519
0 0.925208 0.319444 0.149375 0.014815
0 0.932448 0.976852 0.010208 0.027778
0 0.071031 0.904778 0.140104 0.022889
0 0.398073 0.144907 0.143437 0.025000
0 0.197656 0.173611 0.007812 0.019444
0 0.060677 0.146296 0.016146 0.025926
0 0.135156 0.560185 0.007812 0.016667
0 0.134635 0.172222 0.009896 0.020370
0 0.974479 0.172222 0.008333 0.014815
0 0.193750 0.212963 0.087500 0.018519
0 0.939323 0.008333 0.010937 0.016667
0 0.237240 0.032870 0.017188 0.021296
0 0.899740 0.976852 0.020313 0.027778
0 0.919010 0.976389 0.014063 0.026852
0 0.166979 0.172685 0.046458 0.019444
0 0.170536 0.145833 0.017708 0.025000
0 0.070573 0.804630 0.141146 0.027778
0 0.016667 0.081944 0.026042 0.062037
0 0.098698 0.273611 0.013021 0.025000
0 0.062240 0.636111 0.016146 0.025926
0 0.116927 0.273611 0.014063 0.023148
0 0.080469 0.272685 0.015104 0.025000
0 0.080469 0.727315 0.014063 0.023148
0 0.080469 0.636111 0.015104 0.025926
0 0.062500 0.272685 0.014583 0.025000
0 0.088281 0.082407 0.023438 0.061111
0 0.408333 0.976389 0.116667 0.034259
0 0.062500 0.610648 0.014583 0.021296
0 0.118229 0.300463 0.017708 0.025000
0 0.478385 0.146759 0.015104 0.021296
0 0.044010 0.636111 0.015104 0.025926
0 0.044010 0.325000 0.014063 0.024074
0 0.098437 0.247685 0.012500 0.025000
0 0.044271 0.298611 0.014583 0.025000
0 0.099479 0.300000 0.013542 0.024074
0 0.044010 0.662500 0.014063 0.028704
0 0.044531 0.727315 0.015104 0.021296
0 0.080729 0.299074 0.014583 0.024074
0 0.025781 0.325463 0.015104 0.023148
0 0.025521 0.636111 0.016667 0.024074
0 0.044271 0.700926 0.014583 0.025926
0 0.080469 0.610648 0.015104 0.023148
0 0.043750 0.247222 0.013542 0.024074
0 0.062500 0.662500 0.015625 0.028704
0 0.008594 0.221759 0.014063 0.025000
0 0.025781 0.662963 0.014063 0.029630
0 0.245573 0.145833 0.014063 0.026852
0 0.063281 0.700463 0.017188 0.025000
0 0.711979 0.088426 0.013542 0.023148
0 0.080729 0.247222 0.014583 0.024074
0 0.099219 0.701389 0.014063 0.023148
0 0.044010 0.610648 0.015104 0.023148
0 0.523958 0.977778 0.017708 0.025926
0 0.837760 0.287963 0.017188 0.020370
0 0.063281 0.247222 0.015104 0.024074
0 0.080729 0.700926 0.012500 0.024074
0 0.025000 0.248148 0.015625 0.024074
0 0.080469 0.325926 0.015104 0.025926
0 0.280469 0.146296 0.018229 0.025926
0 0.008073 0.663426 0.016146 0.030556
0 0.570052 0.978704 0.018229 0.027778
0 0.747396 0.088889 0.014583 0.022222
0 0.062240 0.325463 0.013021 0.025000
0 0.729948 0.088426 0.015104 0.023148
0 0.063021 0.727315 0.015625 0.021296
0 0.025781 0.299537 0.014063 0.025000
0 0.062500 0.299074 0.013542 0.024074
0 0.117448 0.248148 0.014063 0.025926
0 0.694792 0.088426 0.017708 0.023148
0 0.592708 0.979630 0.018750 0.031481
0 0.546615 0.977778 0.017188 0.025926
0 0.043750 0.583796 0.015625 0.023148
0 0.044271 0.353241 0.015625 0.026852
0 0.117969 0.326852 0.017188 0.024074
0 0.263021 0.146759 0.014583 0.026852
0 0.501042 0.977315 0.017708 0.025000
0 0.007812 0.325000 0.015625 0.024074
0 0.909896 0.034259 0.013542 0.025926
0 0.846875 0.199537 0.035417 0.028704
0 0.946354 0.146759 0.013542 0.023148
0 0.227344 0.146296 0.019271 0.025926
0 0.098698 0.325926 0.013021 0.025926
0 0.062500 0.221759 0.013542 0.023148
0 0.008333 0.727778 0.016667 0.020370
0 0.026042 0.700463 0.014583 0.026852
0 0.114844 0.147685 0.014063 0.025000
0 0.894271 0.034259 0.013542 0.022222
0 0.477604 0.977778 0.017708 0.027778
0 0.676562 0.087963 0.012500 0.022222
0 0.008333 0.352315 0.014583 0.023148
0 0.967708 0.145833 0.019792 0.023148
0 0.117188 0.701389 0.014583 0.023148
0 0.615885 0.980093 0.020313 0.030556
0 0.044010 0.222222 0.013021 0.022222
0 0.008594 0.635648 0.014063 0.025000
0 0.008073 0.700463 0.016146 0.026852
0 0.298698 0.146296 0.015104 0.025926
0 0.025781 0.584259 0.016146 0.024074
0 0.025521 0.352315 0.014583 0.026852
0 0.080469 0.221759 0.013021 0.023148
0 0.132812 0.147685 0.014583 0.025000
0 0.097396 0.147222 0.017708 0.025926
0 0.316406 0.146296 0.016146 0.024074
0 0.116667 0.636574 0.015625 0.025000
0 0.061719 0.583796 0.015104 0.021296
0 0.111198 0.089815 0.016146 0.027778
0 0.026042 0.727315 0.015625 0.021296
0 0.117188 0.584722 0.015625 0.021296
0 0.098958 0.609722 0.015625 0.025000
0 0.917448 0.200463 0.035937 0.025000
0 0.008333 0.298148 0.015625 0.027778
0 0.007552 0.194907 0.015104 0.025000
0 0.079948 0.194907 0.013021 0.023148
0 0.098958 0.636574 0.014583 0.025000
0 0.638542 0.980093 0.015625 0.026852
0 0.116406 0.609722 0.015104 0.023148
0 0.661458 0.980093 0.017708 0.026852
0 0.025260 0.222222 0.015104 0.024074
0 0.641927 0.089815 0.015104 0.024074
0 0.988802 0.145833 0.019271 0.023148
0 0.008333 0.584259 0.016667 0.025926
0 0.207813 0.145370 0.015625 0.025926
0 0.918490 0.063426 0.036979 0.025000
0 0.008073 0.610185 0.016146 0.022222
0 0.099219 0.221296 0.014063 0.022222
0 0.062500 0.195370 0.013542 0.024074
0 0.080208 0.584259 0.014583 0.020370
0 0.837760 0.312037 0.017188 0.027778
0 0.190104 0.145370 0.017708 0.025926
0 0.116406 0.194907 0.010937 0.023148
0 0.134896 0.756944 0.007292 0.017593
0 0.338542 0.977315 0.019792 0.026852
0 0.177344 0.871759 0.031771 0.056481
0 0.994792 0.172222 0.009375 0.016667
0 0.080469 0.662500 0.013021 0.028704
0 0.098958 0.584722 0.016667 0.021296
0 0.105990 0.756481 0.009896 0.018519
0 0.115365 0.561111 0.008854 0.018519
0 0.078646 0.146759 0.014583 0.025000
0 0.151823 0.145833 0.018229 0.023148
0 0.115365 0.756481 0.006771 0.016667
0 0.879687 0.976852 0.016667 0.027778
0 0.025781 0.609259 0.017188 0.020370
0 0.984375 0.171296 0.009375 0.016667
0 0.124740 0.756481 0.007812 0.016667
0 0.026042 0.145370 0.050000 0.027778
