0 0.945281 0.977907 0.015104 0.017870
0 0.746953 0.506944 0.115469 0.026852
0 0.356794 0.063264 0.144953 0.025046
0 0.189591 0.063690 0.133734 0.022565
0 0.062500 0.274463 0.014583 0.025000
0 0.684661 0.063611 0.063073 0.024630
0 0.273307 0.062954 0.021615 0.024074
0 0.933438 0.033796 0.022083 0.025000
0 0.189870 0.088194 0.135365 0.023611
0 0.519156 0.064097 0.133354 0.021528
0 0.805990 0.065093 0.017188 0.020926
0 0.472586 0.478542 0.023370 0.014120
0 0.026599 0.248037 0.015625 0.023148
0 0.009505 0.247778 0.016927 0.025185
0 0.924583 0.285648 0.149167 0.015741
0 0.821060 0.089634 0.013245 0.018065
0 0.064193 0.248843 0.016927 0.027315
0 0.859141 0.079630 0.024427 0.048148
0 0.953906 0.076991 0.021354 0.052130
0 0.510437 0.088537 0.152771 0.024074
0 0.110141 0.061509 0.019271 0.020370
0 0.441865 0.064000 0.015625 0.023148
0 0.772396 0.065602 0.016667 0.021944
0 0.788758 0.090403 0.015089 0.022157
0 0.273229 0.090028 0.020260 0.025926
0 0.914271 0.249074 0.169375 0.020370
0 0.732401 0.061685 0.032698 0.024667
0 0.356771 0.088926 0.143333 0.024000
0 0.045039 0.197509 0.014609 0.020944
0 0.925104 0.302778 0.148125 0.014815
0 0.643750 0.061963 0.019792 0.023148
0 0.027875 0.197611 0.017604 0.025000
0 0.181104 0.862389 0.040729 0.077185
0 0.070026 0.860241 0.140052 0.027778
0 0.046451 0.034032 0.018453 0.016583
0 0.931870 0.977546 0.011979 0.019037
0 0.070914 0.035079 0.024422 0.020769
0 0.913724 0.917593 0.172552 0.022222
0 0.909667 0.089611 0.017708 0.025926
0 0.924974 0.319907 0.148698 0.013889
0 0.915352 0.335944 0.168151 0.019444
0 0.638180 0.477523 0.034120 0.014528
0 0.569888 0.477630 0.033620 0.014722
0 0.674888 0.476986 0.030120 0.014157
0 0.821688 0.065856 0.013021 0.018102
0 0.539214 0.477389 0.019490 0.018296
0 0.097995 0.033551 0.022552 0.018028
0 0.604005 0.477778 0.026990 0.016481
0 0.913776 0.266667 0.169323 0.018519
0 0.806096 0.474241 0.029682 0.013889
0 0.899182 0.976852 0.014063 0.024074
0 0.788802 0.064537 0.015104 0.019815
0 0.609115 0.076250 0.034896 0.056204
0 0.070312 0.904630 0.140625 0.025926
0 0.837073 0.064833 0.015521 0.019074
0 0.913750 0.407870 0.169375 0.019444
0 0.027099 0.033991 0.015104 0.020370
0 0.061000 0.147481 0.018750 0.019444
0 0.919536 0.976306 0.010937 0.024074
0 0.118797 0.032722 0.013656 0.020944
0 0.140622 0.034153 0.014464 0.015231
0 0.161643 0.032481 0.015266 0.019519
0 0.186951 0.032245 0.027318 0.019046
0 0.214266 0.032009 0.021958 0.018574
0 0.236490 0.033917 0.017135 0.019519
0 0.771310 0.089560 0.016307 0.020231
0 0.805701 0.089819 0.015630 0.022120
0 0.914404 0.354306 0.170109 0.016870
0 0.914518 0.374880 0.169880 0.016870
0 0.976276 0.978648 0.036906 0.029741
0 0.070953 0.927056 0.141906 0.016907
0 0.115104 0.756481 0.006250 0.014815
0 0.863021 0.977778 0.015625 0.024074
0 0.007812 0.325463 0.015625 0.023148
0 0.098958 0.584722 0.016667 0.021296
0 0.132812 0.145833 0.014583 0.021296
0 0.025781 0.610185 0.017188 0.020370
0 0.963021 0.010185 0.009375 0.020370
0 0.080469 0.662037 0.014063 0.027778
0 0.166719 0.172685 0.045937 0.019444
0 0.846875 0.199537 0.035417 0.028704
0 0.025781 0.584259 0.017188 0.024074
0 0.115625 0.171759 0.010417 0.019444
0 0.097135 0.146296 0.017188 0.024074
0 0.080729 0.326389 0.014583 0.025000
0 0.984115 0.171296 0.008854 0.016667
0 0.846094 0.441667 0.010937 0.020370
0 0.116667 0.636574 0.014583 0.023148
0 0.025781 0.145370 0.050521 0.027778
0 0.080729 0.247222 0.013542 0.024074
0 0.928385 0.088889 0.017188 0.027778
0 0.044010 0.662500 0.014063 0.028704
0 0.124479 0.561111 0.007292 0.016667
0 0.125000 0.756481 0.007292 0.014815
0 0.044271 0.352778 0.015625 0.025926
0 0.974479 0.172222 0.008333 0.014815
0 0.160156 0.213889 0.011979 0.016667
0 0.894271 0.034722 0.014583 0.023148
0 0.134896 0.560648 0.007292 0.015741
0 0.507292 0.477315 0.041667 0.025000
0 0.043750 0.584259 0.015625 0.022222
0 0.025521 0.636111 0.016667 0.024074
0 0.982812 0.081481 0.026042 0.061111
0 0.193750 0.212500 0.087500 0.019444
0 0.534115 0.506481 0.125521 0.027778
0 0.917188 0.200000 0.036458 0.024074
0 0.134896 0.171759 0.009375 0.019444
0 0.044010 0.636574 0.015104 0.025000
0 0.044271 0.298611 0.014583 0.025000
0 0.672917 0.981481 0.016667 0.029630
0 0.845052 0.473148 0.035937 0.029630
0 0.124740 0.172685 0.007812 0.017593
0 0.062240 0.325926 0.013021 0.024074
0 0.099740 0.194444 0.019271 0.024074
0 0.044010 0.273148 0.015104 0.024074
0 0.694792 0.088426 0.017708 0.023148
0 0.747656 0.088889 0.014063 0.020370
0 0.008594 0.221759 0.014063 0.025000
0 0.026042 0.272685 0.015625 0.025000
0 0.062240 0.610648 0.015104 0.021296
0 0.490104 0.977315 0.018750 0.023148
0 0.919010 0.062963 0.035937 0.024074
0 0.117188 0.247685 0.013542 0.025000
0 0.065104 0.083333 0.022917 0.059259
0 0.040885 0.083796 0.022396 0.060185
0 0.008073 0.700463 0.016146 0.026852
0 0.146615 0.193056 0.011979 0.021296
0 0.580990 0.978241 0.018229 0.028704
0 0.098958 0.610185 0.015625 0.024074
0 0.080469 0.726852 0.014063 0.022222
0 0.080469 0.299074 0.014063 0.024074
0 0.008594 0.636111 0.014063 0.024074
0 0.098698 0.273611 0.013021 0.025000
0 0.062500 0.299074 0.013542 0.024074
0 0.099219 0.701389 0.014063 0.023148
0 0.008333 0.272685 0.014583 0.023148
0 0.016406 0.082407 0.026562 0.061111
0 0.712240 0.088426 0.014063 0.023148
0 0.070312 0.830093 0.140625 0.026852
0 0.044010 0.247685 0.013021 0.023148
0 0.466406 0.978241 0.017188 0.025000
0 0.946354 0.146759 0.013542 0.021296
0 0.099479 0.300000 0.013542 0.024074
0 0.987760 0.010648 0.013021 0.021296
0 0.116927 0.222222 0.013021 0.022222
0 0.007812 0.610648 0.015625 0.021296
0 0.558594 0.977778 0.018229 0.025926
0 0.063281 0.700463 0.017188 0.025000
0 0.044271 0.325463 0.013542 0.023148
0 0.080990 0.700463 0.013021 0.023148
0 0.110937 0.090278 0.016667 0.026852
0 0.973698 0.033333 0.051562 0.025926
0 0.098958 0.636111 0.014583 0.024074
0 0.098437 0.247685 0.012500 0.025000
0 0.008333 0.194907 0.016667 0.025000
0 0.117969 0.325926 0.017188 0.024074
0 0.152083 0.145833 0.018750 0.025000
0 0.172135 0.146296 0.018229 0.025926
0 0.025521 0.325000 0.015625 0.022222
0 0.098698 0.325463 0.013021 0.025000
0 0.079948 0.194907 0.011979 0.023148
0 0.883333 0.081019 0.023958 0.052778
0 0.729948 0.088426 0.015104 0.023148
0 0.603906 0.979630 0.020313 0.031481
0 0.088542 0.082407 0.023958 0.059259
0 0.061719 0.584259 0.015104 0.022222
0 0.535156 0.977315 0.017188 0.025000
0 0.117188 0.701389 0.013542 0.021296
0 0.207813 0.146296 0.014583 0.024074
0 0.837500 0.287963 0.016667 0.018519
0 0.080469 0.610185 0.015104 0.022222
0 0.099219 0.221296 0.013021 0.022222
0 0.080469 0.635648 0.015104 0.025000
0 0.080729 0.221296 0.012500 0.022222
0 0.190365 0.146759 0.014063 0.025000
0 0.008333 0.728241 0.016667 0.019444
0 0.062500 0.662500 0.015625 0.028704
0 0.063021 0.727315 0.015625 0.019444
0 0.025781 0.299537 0.014063 0.025000
0 0.062500 0.221759 0.013542 0.023148
0 0.118229 0.300463 0.016667 0.025000
0 0.492188 0.728241 0.041667 0.025000
0 0.044531 0.726852 0.015104 0.020370
0 0.327083 0.978704 0.019792 0.024074
0 0.080208 0.272685 0.014583 0.025000
0 0.008073 0.034259 0.014063 0.022222
0 0.627344 0.980556 0.016146 0.027778
0 0.025781 0.662500 0.014063 0.028704
0 0.837760 0.728241 0.048438 0.025000
0 0.650781 0.981481 0.017188 0.029630
0 0.806510 0.826389 0.042188 0.025000
0 0.676562 0.087500 0.011458 0.021296
0 0.909896 0.034259 0.013542 0.025926
0 0.755208 0.728241 0.056250 0.025000
0 0.044010 0.701389 0.014063 0.025000
0 0.044010 0.610648 0.015104 0.023148
0 0.044010 0.222685 0.013021 0.023148
0 0.939323 0.007870 0.010937 0.015741
0 0.079687 0.145833 0.013542 0.023148
0 0.197396 0.174074 0.007292 0.016667
0 0.062240 0.636111 0.016146 0.025926
0 0.524328 0.554065 0.099469 0.015741
0 0.525594 0.585255 0.101625 0.014806
0 0.116406 0.609722 0.015104 0.023148
0 0.026042 0.726852 0.015625 0.020370
0 0.117188 0.585185 0.015625 0.020370
0 0.852865 0.826852 0.042188 0.024074
0 0.586198 0.728241 0.042188 0.025000
0 0.539062 0.727778 0.041667 0.025926
0 0.007812 0.298148 0.015625 0.027778
0 0.227083 0.146759 0.017708 0.023148
0 0.026042 0.701389 0.014583 0.026852
0 0.025521 0.222222 0.014583 0.024074
0 0.522964 0.568931 0.096156 0.013991
0 0.988802 0.145370 0.019271 0.022222
0 0.512500 0.976852 0.016667 0.024074
0 0.816667 0.192130 0.015625 0.015741
0 0.819531 0.173611 0.010937 0.019444
0 0.116667 0.274074 0.013542 0.022222
0 0.008073 0.584259 0.016146 0.025926
0 0.062500 0.195370 0.013542 0.024074
0 0.964583 0.172685 0.009375 0.015741
0 0.879948 0.977778 0.014063 0.024074
0 0.659115 0.088889 0.013021 0.020370
0 0.134896 0.756944 0.007292 0.015741
0 0.115104 0.561111 0.009375 0.018519
0 0.632812 0.727778 0.041667 0.025926
0 0.115365 0.146296 0.016146 0.024074
0 0.116667 0.195370 0.010417 0.022222
0 0.396875 0.976389 0.116667 0.034259
0 0.834375 0.506481 0.055208 0.025926
0 0.070573 0.804630 0.141146 0.027778
0 0.008073 0.663889 0.016146 0.029630
0 0.967708 0.146296 0.019792 0.022222
0 0.025521 0.351852 0.014583 0.025926
0 0.701562 0.728241 0.041667 0.025000
0 0.008073 0.352315 0.014063 0.023148
0 0.080208 0.584722 0.015625 0.021296
0 0.837760 0.311111 0.016146 0.024074
0 0.105729 0.756944 0.009375 0.017593
0 0.870052 0.442130 0.014063 0.023148
0 0.641927 0.088426 0.015104 0.025000
0 0.994792 0.172222 0.009375 0.016667
0 0.881250 0.199537 0.032292 0.028704
0 0.846615 0.978241 0.014063 0.023148
