0 0.821617 0.064505 0.012807 0.017102
0 0.356398 0.063690 0.145120 0.025713
0 0.070932 0.831194 0.141146 0.027778
0 0.190711 0.062759 0.135036 0.021074
0 0.519937 0.063981 0.135958 0.022407
0 0.192266 0.088917 0.137500 0.025926
0 0.088276 0.081444 0.023958 0.060185
0 0.933568 0.033796 0.022344 0.025000
0 0.273255 0.064815 0.021510 0.024074
0 0.569018 0.478463 0.034880 0.020074
0 0.064141 0.248287 0.016823 0.026204
0 0.806250 0.066944 0.016667 0.024630
0 0.883734 0.078889 0.023958 0.052778
0 0.858484 0.076509 0.026042 0.047222
0 0.821068 0.090093 0.012969 0.021667
0 0.100529 0.196907 0.018036 0.024074
0 0.509740 0.088889 0.151771 0.024074
0 0.356404 0.089722 0.145839 0.024259
0 0.953906 0.078287 0.021354 0.054722
0 0.113464 0.063889 0.024844 0.020370
0 0.273521 0.090435 0.020312 0.025926
0 0.110401 0.090278 0.016667 0.026852
0 0.046268 0.195653 0.015411 0.023769
0 0.642323 0.088898 0.017333 0.021130
0 0.805672 0.091773 0.013656 0.019528
0 0.642318 0.063537 0.019792 0.024074
0 0.912630 0.918056 0.174740 0.023148
0 0.027943 0.195833 0.017344 0.025000
0 0.180448 0.862417 0.043750 0.074074
0 0.963120 0.010185 0.009375 0.020370
0 0.028018 0.032019 0.015630 0.018519
0 0.603549 0.479333 0.025714 0.015741
0 0.097805 0.034361 0.023036 0.023167
0 0.789674 0.092847 0.015505 0.022380
0 0.910490 0.088361 0.017188 0.025926
0 0.928495 0.088426 0.017188 0.026852
0 0.788911 0.066333 0.015104 0.022222
0 0.061203 0.147620 0.017625 0.021130
0 0.167448 0.173148 0.047396 0.018519
0 0.838021 0.064259 0.015625 0.021111
0 0.608854 0.075139 0.034375 0.053981
0 0.115885 0.757130 0.007812 0.017963
0 0.773104 0.068648 0.016667 0.025000
0 0.539401 0.477583 0.022396 0.019444
0 0.975016 0.978319 0.037469 0.028491
0 0.070495 0.033685 0.023385 0.020370
0 0.675417 0.478287 0.031562 0.021296
0 0.070312 0.926106 0.137708 0.011306
0 0.046128 0.032713 0.017120 0.020370
0 0.638945 0.480380 0.035339 0.022222
0 0.772198 0.093208 0.015604 0.021731
0 0.806221 0.473991 0.026724 0.019630
0 0.473495 0.479167 0.020823 0.017593
0 0.070391 0.858333 0.140781 0.025926
0 0.214943 0.033009 0.020833 0.020574
0 0.187633 0.032801 0.026849 0.020991
0 0.162753 0.033829 0.016432 0.021398
0 0.140305 0.035060 0.021984 0.019750
0 0.119474 0.032597 0.015042 0.018102
0 0.079687 0.145833 0.013542 0.023148
0 0.199219 0.212500 0.099479 0.019444
0 0.008333 0.033333 0.014583 0.020370
0 0.846354 0.440278 0.009375 0.021296
0 0.025521 0.258796 0.015625 0.039815
0 0.237240 0.033796 0.016146 0.017593
0 0.518047 0.568981 0.089219 0.015741
0 0.518594 0.552778 0.091354 0.016667
0 0.932292 0.977778 0.010417 0.022222
0 0.899479 0.977778 0.019792 0.024074
0 0.042448 0.728704 0.018229 0.020370
0 0.408333 0.976389 0.115625 0.034259
0 0.501042 0.976852 0.016667 0.022222
0 0.755469 0.506944 0.098437 0.026852
0 0.070573 0.804630 0.141146 0.027778
0 0.044271 0.325463 0.013542 0.023148
0 0.099479 0.300000 0.013542 0.024074
0 0.062240 0.610648 0.015104 0.021296
0 0.062500 0.272222 0.014583 0.024074
0 0.080729 0.636111 0.014583 0.024074
0 0.118229 0.300463 0.016667 0.025000
0 0.477865 0.978241 0.016146 0.025000
0 0.098437 0.247685 0.012500 0.023148
0 0.065104 0.083333 0.021875 0.059259
0 0.099219 0.701389 0.014063 0.023148
0 0.116667 0.274074 0.013542 0.022222
0 0.080208 0.272685 0.014583 0.025000
0 0.080469 0.299074 0.014063 0.024074
0 0.523698 0.977315 0.017188 0.025000
0 0.062500 0.636111 0.015625 0.025926
0 0.973698 0.033333 0.051562 0.025926
0 0.044531 0.726852 0.015104 0.020370
0 0.098698 0.273611 0.013021 0.025000
0 0.016406 0.082407 0.026562 0.061111
0 0.834375 0.506481 0.055208 0.025926
0 0.044010 0.636574 0.015104 0.025000
0 0.044010 0.273148 0.015104 0.024074
0 0.040885 0.083796 0.021354 0.060185
0 0.044271 0.298611 0.014583 0.025000
0 0.062240 0.325926 0.013021 0.024074
0 0.846875 0.199074 0.035417 0.027778
0 0.080729 0.326389 0.014583 0.025000
0 0.080469 0.726852 0.014063 0.022222
0 0.025781 0.325000 0.015104 0.022222
0 0.683854 0.062963 0.061458 0.025926
0 0.694792 0.088426 0.017708 0.021296
0 0.712240 0.088889 0.013021 0.022222
0 0.117188 0.247685 0.013542 0.025000
0 0.043750 0.247222 0.013542 0.022222
0 0.983073 0.081019 0.025521 0.062037
0 0.080729 0.247222 0.013542 0.024074
0 0.117188 0.701389 0.013542 0.021296
0 0.025521 0.636111 0.016667 0.024074
0 0.025000 0.247685 0.015625 0.023148
0 0.747396 0.088889 0.013542 0.020370
0 0.918750 0.062963 0.035417 0.024074
0 0.731510 0.062963 0.035937 0.025926
0 0.080469 0.610185 0.015104 0.022222
0 0.044010 0.352778 0.015104 0.025926
0 0.546875 0.977315 0.016667 0.025000
0 0.117969 0.325926 0.017188 0.024074
0 0.008073 0.247222 0.013021 0.024074
0 0.044010 0.701389 0.014063 0.025000
0 0.062500 0.299074 0.013542 0.024074
0 0.063542 0.700463 0.016667 0.025000
0 0.988021 0.010648 0.012500 0.021296
0 0.570312 0.977778 0.017708 0.025926
0 0.098698 0.325463 0.013021 0.025000
0 0.008594 0.221759 0.014063 0.025000
0 0.730208 0.088889 0.014583 0.022222
0 0.026042 0.272685 0.015625 0.025000
0 0.080990 0.700463 0.013021 0.023148
0 0.043750 0.584259 0.015625 0.022222
0 0.044010 0.662500 0.014063 0.028704
0 0.044010 0.610648 0.015104 0.023148
0 0.062500 0.221759 0.013542 0.021296
0 0.025781 0.299537 0.014063 0.025000
0 0.592448 0.978704 0.018229 0.029630
0 0.917448 0.200463 0.035937 0.023148
0 0.007812 0.325463 0.015625 0.023148
0 0.586198 0.728241 0.042188 0.025000
0 0.676823 0.087500 0.010937 0.021296
0 0.080729 0.221296 0.012500 0.022222
0 0.026042 0.662500 0.013542 0.028704
0 0.967708 0.145833 0.019792 0.023148
0 0.025521 0.351852 0.014583 0.025926
0 0.062500 0.662500 0.015625 0.028704
0 0.008073 0.352315 0.014063 0.023148
0 0.008073 0.728241 0.016146 0.019444
0 0.063281 0.727315 0.015104 0.019444
0 0.044010 0.222222 0.013021 0.022222
0 0.008073 0.700926 0.016146 0.025926
0 0.025781 0.584259 0.017188 0.024074
0 0.008073 0.663426 0.016146 0.028704
0 0.616146 0.979630 0.019792 0.029630
0 0.806510 0.826389 0.042188 0.025000
0 0.007812 0.610648 0.015625 0.021296
0 0.207552 0.146296 0.014063 0.022222
0 0.116927 0.221759 0.011979 0.021296
0 0.098958 0.221296 0.013542 0.022222
0 0.755208 0.728241 0.056250 0.025000
0 0.946094 0.146759 0.013021 0.021296
0 0.172135 0.146296 0.018229 0.025926
0 0.659115 0.088889 0.013021 0.020370
0 0.061719 0.584722 0.015104 0.021296
0 0.026042 0.700926 0.013542 0.025926
0 0.080208 0.195370 0.012500 0.022222
0 0.988802 0.145370 0.019271 0.022222
0 0.026302 0.726852 0.015104 0.020370
0 0.909896 0.034259 0.013542 0.024074
0 0.116146 0.610185 0.014583 0.022222
0 0.116667 0.636574 0.014583 0.023148
0 0.190365 0.146296 0.014063 0.024074
0 0.007812 0.297685 0.015625 0.026852
0 0.894531 0.034259 0.014063 0.022222
0 0.441667 0.064352 0.015625 0.023148
0 0.632812 0.727778 0.041667 0.025926
0 0.008333 0.272685 0.014583 0.023148
0 0.098958 0.636111 0.014583 0.024074
0 0.116927 0.585185 0.015104 0.020370
0 0.098958 0.610185 0.015625 0.024074
0 0.146615 0.193056 0.011979 0.021296
0 0.964583 0.172685 0.009375 0.015741
0 0.853125 0.827315 0.041667 0.025000
0 0.227083 0.146759 0.017708 0.023148
0 0.492188 0.728241 0.041667 0.025000
0 0.008333 0.194907 0.016667 0.025000
0 0.152083 0.146296 0.018750 0.024074
0 0.638802 0.979630 0.015104 0.025926
0 0.881250 0.199537 0.032292 0.028704
0 0.008594 0.635648 0.014063 0.023148
0 0.338281 0.977778 0.018229 0.025926
0 0.007812 0.584722 0.015625 0.025000
0 0.025521 0.222222 0.014583 0.024074
0 0.661198 0.979630 0.017188 0.025926
0 0.701042 0.728241 0.041667 0.025000
0 0.062500 0.195370 0.013542 0.024074
0 0.070312 0.905093 0.140625 0.026852
0 0.539062 0.728241 0.041667 0.025000
0 0.134896 0.756944 0.007292 0.015741
0 0.115104 0.561574 0.009375 0.017593
0 0.080208 0.585185 0.015625 0.020370
0 0.116667 0.195370 0.010417 0.020370
0 0.837500 0.728241 0.047917 0.025000
0 0.994792 0.171759 0.009375 0.017593
0 0.870052 0.441204 0.013021 0.023148
0 0.944271 0.977778 0.013542 0.024074
0 0.115104 0.146759 0.015625 0.023148
0 0.098698 0.585648 0.016146 0.021296
0 0.025781 0.609722 0.017188 0.019444
0 0.132812 0.146296 0.014583 0.020370
0 0.105729 0.756481 0.009375 0.016667
0 0.819531 0.174537 0.011979 0.019444
0 0.115885 0.172222 0.009896 0.018519
0 0.984115 0.171296 0.008854 0.016667
0 0.080469 0.662500 0.014063 0.026852
0 0.097135 0.145833 0.017188 0.023148
0 0.507031 0.477778 0.041146 0.022222
0 0.974479 0.172222 0.008333 0.014815
0 0.863021 0.978704 0.014583 0.029630
0 0.844792 0.473148 0.035417 0.027778
0 0.879687 0.977315 0.015625 0.025000
0 0.124479 0.561111 0.007292 0.016667
0 0.134896 0.560185 0.007292 0.014815
0 0.025781 0.145370 0.050521 0.027778
0 0.534635 0.506019 0.126562 0.026852
0 0.125000 0.756944 0.007292 0.015741
0 0.197396 0.174074 0.007292 0.016667
0 0.134896 0.172222 0.009375 0.018519
0 0.124740 0.173148 0.007812 0.016667
0 0.939323 0.007870 0.010937 0.015741
0 0.919271 0.977315 0.013542 0.023148
