0 0.160156 0.213889 0.011979 0.016667
0 0.132812 0.146296 0.014583 0.020370
0 0.963021 0.010185 0.009375 0.020370
0 0.863281 0.978241 0.015104 0.023148
0 0.846615 0.978241 0.014063 0.023148
0 0.098958 0.584722 0.016667 0.021296
0 0.994792 0.171759 0.009375 0.017593
0 0.115104 0.146759 0.015625 0.023148
0 0.134896 0.756944 0.007292 0.015741
0 0.080208 0.584722 0.015625 0.021296
0 0.880208 0.978241 0.013542 0.023148
0 0.869792 0.440741 0.013542 0.024074
0 0.641406 0.090278 0.014063 0.023148
0 0.116667 0.195370 0.010417 0.020370
0 0.115104 0.561574 0.009375 0.017593
0 0.507292 0.476852 0.041667 0.024074
0 0.062240 0.195370 0.013021 0.024074
0 0.025781 0.222222 0.015104 0.024074
0 0.534115 0.506019 0.125521 0.026852
0 0.070312 0.905093 0.140625 0.026852
0 0.008333 0.194907 0.016667 0.025000
0 0.881250 0.199537 0.033333 0.028704
0 0.008073 0.584722 0.016146 0.025000
0 0.701562 0.728241 0.041667 0.025000
0 0.964583 0.172222 0.009375 0.016667
0 0.659115 0.088889 0.013021 0.020370
0 0.152083 0.145833 0.018750 0.025000
0 0.227083 0.146759 0.017708 0.023148
0 0.008594 0.635648 0.014063 0.023148
0 0.098958 0.636111 0.014583 0.024074
0 0.988802 0.145370 0.019271 0.022222
0 0.146615 0.193056 0.011979 0.021296
0 0.116667 0.636574 0.014583 0.023148
0 0.327083 0.978241 0.019792 0.023148
0 0.098958 0.610185 0.015625 0.024074
0 0.853125 0.827315 0.041667 0.025000
0 0.026302 0.726852 0.015104 0.020370
0 0.117188 0.585185 0.015625 0.020370
0 0.197396 0.174074 0.007292 0.016667
0 0.946354 0.146759 0.013542 0.021296
0 0.190365 0.146296 0.014063 0.024074
0 0.909896 0.034259 0.013542 0.024074
0 0.116406 0.610185 0.015104 0.022222
0 0.008073 0.297685 0.016146 0.026852
0 0.069792 0.857870 0.139583 0.026852
0 0.172135 0.146296 0.018229 0.025926
0 0.125000 0.756481 0.007292 0.014815
0 0.919010 0.976852 0.014063 0.024074
0 0.099219 0.221296 0.014063 0.022222
0 0.199219 0.212500 0.099479 0.019444
0 0.134896 0.172222 0.009375 0.018519
0 0.124740 0.173148 0.007812 0.016667
0 0.079687 0.145833 0.013542 0.023148
0 0.939323 0.007870 0.010937 0.015741
0 0.115885 0.756944 0.007812 0.015741
0 0.608854 0.066204 0.034375 0.036111
0 0.008333 0.033333 0.014583 0.020370
0 0.026042 0.700926 0.013542 0.025926
0 0.973698 0.033333 0.051562 0.025926
0 0.237240 0.033333 0.016146 0.018519
0 0.899479 0.977778 0.020833 0.024074
0 0.608594 0.074537 0.034896 0.054630
0 0.473698 0.478241 0.023438 0.015741
0 0.008333 0.272685 0.014583 0.023148
0 0.116667 0.221759 0.012500 0.021296
0 0.080208 0.195370 0.012500 0.022222
0 0.007812 0.610185 0.015625 0.020370
0 0.894531 0.034259 0.014063 0.022222
0 0.207552 0.146296 0.014063 0.022222
0 0.672917 0.981481 0.016667 0.029630
0 0.061719 0.583796 0.015104 0.021296
0 0.837240 0.728241 0.048438 0.025000
0 0.627083 0.980556 0.015625 0.027778
0 0.954167 0.083333 0.021875 0.062963
0 0.008073 0.700926 0.016146 0.025926
0 0.044010 0.222222 0.013021 0.022222
0 0.062500 0.662500 0.015625 0.028704
0 0.650781 0.981481 0.017188 0.029630
0 0.967708 0.146296 0.019792 0.022222
0 0.008073 0.728241 0.016146 0.019444
0 0.008333 0.352315 0.014583 0.023148
0 0.008073 0.663426 0.016146 0.028704
0 0.755208 0.728241 0.056250 0.025000
0 0.025781 0.584259 0.017188 0.024074
0 0.063281 0.727315 0.015104 0.019444
0 0.025781 0.352315 0.014063 0.025000
0 0.080729 0.221296 0.012500 0.022222
0 0.632552 0.728241 0.042188 0.025000
0 0.676562 0.087500 0.011458 0.021296
0 0.026042 0.662500 0.013542 0.028704
0 0.062500 0.221759 0.013542 0.021296
0 0.919010 0.062963 0.035937 0.024074
0 0.603906 0.979630 0.020313 0.031481
0 0.917448 0.200000 0.035937 0.024074
0 0.025781 0.299537 0.014063 0.025000
0 0.044010 0.610648 0.015104 0.023148
0 0.539062 0.727778 0.041667 0.025926
0 0.044010 0.662500 0.014063 0.028704
0 0.466146 0.978241 0.016667 0.025000
0 0.080990 0.700463 0.013021 0.023148
0 0.535156 0.977315 0.017188 0.025000
0 0.730208 0.088889 0.014583 0.022222
0 0.558594 0.977778 0.018229 0.025926
0 0.007812 0.325463 0.015625 0.023148
0 0.580729 0.978241 0.017708 0.028704
0 0.043750 0.584259 0.015625 0.022222
0 0.008594 0.221759 0.014063 0.025000
0 0.988021 0.010648 0.012500 0.021296
0 0.062500 0.299074 0.013542 0.024074
0 0.063281 0.700463 0.017188 0.025000
0 0.026042 0.272685 0.015625 0.025000
0 0.806510 0.826389 0.042188 0.025000
0 0.608854 0.087963 0.034375 0.027778
0 0.883333 0.080556 0.023958 0.051852
0 0.044010 0.700926 0.014063 0.024074
0 0.080990 0.247222 0.014063 0.024074
0 0.080469 0.610185 0.015104 0.022222
0 0.117188 0.701389 0.013542 0.021296
0 0.063281 0.246759 0.015104 0.023148
0 0.747396 0.088889 0.013542 0.020370
0 0.043750 0.247222 0.013542 0.022222
0 0.117188 0.247685 0.013542 0.025000
0 0.983073 0.081019 0.025521 0.062037
0 0.490104 0.977315 0.017708 0.023148
0 0.712240 0.088889 0.013021 0.022222
0 0.025521 0.636111 0.016667 0.024074
0 0.044271 0.352778 0.015625 0.025926
0 0.586198 0.728241 0.042188 0.025000
0 0.694792 0.088426 0.017708 0.023148
0 0.098698 0.325463 0.013021 0.025000
0 0.080469 0.726852 0.014063 0.022222
0 0.117708 0.325926 0.017708 0.024074
0 0.025521 0.325000 0.015625 0.022222
0 0.044271 0.298611 0.014583 0.025000
0 0.846875 0.199074 0.035417 0.027778
0 0.044010 0.273148 0.015104 0.024074
0 0.044010 0.636574 0.015104 0.025000
0 0.062240 0.325926 0.013021 0.024074
0 0.040885 0.083796 0.022396 0.060185
0 0.062240 0.610648 0.015104 0.021296
0 0.088542 0.082407 0.023958 0.059259
0 0.080469 0.326389 0.015104 0.025000
0 0.044271 0.325463 0.013542 0.023148
0 0.080729 0.299074 0.014583 0.024074
0 0.062500 0.272222 0.014583 0.024074
0 0.099479 0.300000 0.013542 0.024074
0 0.098437 0.247685 0.012500 0.023148
0 0.080469 0.635648 0.015104 0.025000
0 0.118229 0.300463 0.016667 0.025000
0 0.070312 0.830556 0.140625 0.027778
0 0.755729 0.506481 0.097917 0.025926
0 0.492188 0.728241 0.041667 0.025000
0 0.099219 0.701389 0.014063 0.023148
0 0.396875 0.976389 0.116667 0.034259
0 0.080469 0.272685 0.015104 0.025000
0 0.116927 0.274074 0.014063 0.022222
0 0.512500 0.976852 0.016667 0.024074
0 0.062500 0.636111 0.015625 0.025926
0 0.016406 0.082407 0.026562 0.061111
0 0.098698 0.273611 0.013021 0.025000
0 0.044531 0.726852 0.015104 0.020370
0 0.834375 0.506019 0.055208 0.026852
0 0.065104 0.083333 0.022917 0.059259
0 0.124479 0.561111 0.007292 0.016667
0 0.025781 0.145370 0.050521 0.027778
0 0.844792 0.473148 0.035417 0.027778
0 0.788802 0.065278 0.015104 0.021296
0 0.974479 0.172222 0.008333 0.014815
0 0.909896 0.087963 0.017708 0.025926
0 0.984115 0.171296 0.008854 0.016667
0 0.105729 0.756481 0.009375 0.016667
0 0.080469 0.662500 0.014063 0.026852
0 0.097135 0.145833 0.017188 0.023148
0 0.115625 0.172222 0.010417 0.018519
0 0.025781 0.609722 0.017188 0.019444
0 0.135156 0.560185 0.007812 0.014815
0 0.214435 0.033125 0.021526 0.016046
0 0.186776 0.032509 0.027771 0.017278
0 0.161318 0.032514 0.017125 0.019750
0 0.141414 0.033745 0.016661 0.018102
0 0.119773 0.032718 0.012266 0.016046
0 0.097786 0.032306 0.020135 0.017685
0 0.070594 0.034157 0.022219 0.017278
0 0.675549 0.477125 0.031870 0.017620
0 0.638193 0.477602 0.033740 0.017611
0 0.604052 0.477843 0.026510 0.016185
0 0.570174 0.477125 0.034276 0.020472
0 0.538846 0.477602 0.017672 0.014759
0 0.070208 0.926713 0.140417 0.012389
0 0.772135 0.089907 0.016146 0.022037
0 0.111745 0.063889 0.021406 0.020370
0 0.788802 0.088981 0.016146 0.023889
0 0.111385 0.089213 0.016667 0.026852
0 0.663984 0.552778 0.382135 0.018519
0 0.045552 0.193708 0.015146 0.024806
0 0.666562 0.616204 0.384167 0.015741
0 0.666328 0.600000 0.383698 0.014815
0 0.642969 0.061574 0.019792 0.023148
0 0.028354 0.198037 0.016927 0.025000
0 0.179474 0.862306 0.047187 0.077593
0 0.946172 0.977009 0.013542 0.025000
0 0.026719 0.033537 0.012708 0.018519
0 0.805484 0.089963 0.015625 0.025000
0 0.838104 0.063782 0.017188 0.022620
0 0.665234 0.584949 0.381510 0.012250
0 0.821615 0.064537 0.013021 0.019815
0 0.847135 0.441481 0.014063 0.024074
0 0.928729 0.088120 0.017188 0.026852
0 0.167344 0.173148 0.047188 0.018519
0 0.273099 0.088963 0.021198 0.025926
0 0.932984 0.976704 0.010417 0.023148
0 0.664529 0.570731 0.380943 0.016093
0 0.061516 0.145231 0.019271 0.020370
0 0.047359 0.031583 0.015104 0.020370
0 0.976391 0.979315 0.038469 0.027148
0 0.772047 0.063750 0.016667 0.023148
0 0.914714 0.918056 0.170573 0.023148
0 0.509844 0.089560 0.151771 0.024861
0 0.442266 0.064352 0.015625 0.023148
0 0.356112 0.089602 0.146526 0.025500
0 0.100359 0.196648 0.019271 0.024074
0 0.822568 0.089602 0.014583 0.023833
0 0.731901 0.063935 0.035156 0.023981
0 0.859542 0.077935 0.026042 0.047222
0 0.806307 0.473759 0.032802 0.023148
0 0.008883 0.247694 0.016724 0.024074
0 0.806250 0.065185 0.016667 0.021111
0 0.026552 0.248148 0.016146 0.023148
0 0.933620 0.034259 0.022448 0.024074
0 0.272458 0.062324 0.020313 0.024074
0 0.683620 0.064074 0.060990 0.023704
0 0.191219 0.087500 0.138542 0.025000
0 0.518906 0.064620 0.135313 0.023315
0 0.190661 0.062954 0.136417 0.022130
0 0.355734 0.063440 0.145615 0.025398
0 0.071109 0.804157 0.141146 0.027778
