0 0.008333 0.273148 0.014583 0.024074
0 0.008594 0.221759 0.014063 0.025000
0 0.080729 0.247222 0.013542 0.024074
0 0.694792 0.088426 0.017708 0.023148
0 0.983073 0.081944 0.025521 0.063889
0 0.711979 0.088426 0.013542 0.023148
0 0.044010 0.700926 0.014063 0.025926
0 0.080469 0.610185 0.015104 0.022222
0 0.043750 0.247222 0.013542 0.024074
0 0.025521 0.636111 0.016667 0.024074
0 0.080729 0.299074 0.014583 0.024074
0 0.044010 0.662500 0.014063 0.028704
0 0.070312 0.804630 0.140625 0.027778
0 0.025781 0.325463 0.015104 0.023148
0 0.070312 0.830556 0.140625 0.027778
0 0.016146 0.082407 0.027083 0.062963
0 0.558333 0.978241 0.018750 0.026852
0 0.117708 0.325463 0.017708 0.025000
0 0.044531 0.726852 0.015104 0.020370
0 0.512500 0.977315 0.016667 0.025000
0 0.044271 0.298611 0.014583 0.025000
0 0.098698 0.273611 0.013021 0.025000
0 0.044010 0.272685 0.015104 0.025000
0 0.040885 0.083333 0.021354 0.061111
0 0.062240 0.636111 0.016146 0.025926
0 0.837760 0.287963 0.017188 0.020370
0 0.080469 0.272685 0.015104 0.025000
0 0.098437 0.247685 0.012500 0.025000
0 0.044010 0.325463 0.014063 0.023148
0 0.044010 0.636111 0.015104 0.025926
0 0.062500 0.610648 0.014583 0.021296
0 0.118229 0.299537 0.018750 0.026852
0 0.080469 0.727315 0.014063 0.023148
0 0.065104 0.083333 0.021875 0.059259
0 0.088542 0.082870 0.023958 0.060185
0 0.080469 0.635648 0.015104 0.025000
0 0.116927 0.274074 0.015104 0.022222
0 0.062500 0.272685 0.014583 0.025000
0 0.535156 0.977315 0.017188 0.025000
0 0.489844 0.977315 0.018229 0.023148
0 0.044271 0.352778 0.015625 0.025926
0 0.025781 0.299537 0.014063 0.025000
0 0.672917 0.981019 0.016667 0.028704
0 0.098698 0.325926 0.013021 0.025926
0 0.008073 0.663889 0.016146 0.029630
0 0.043750 0.584259 0.015625 0.022222
0 0.676562 0.087963 0.012500 0.022222
0 0.062500 0.221759 0.013542 0.023148
0 0.007812 0.325463 0.015625 0.023148
0 0.650260 0.981019 0.017188 0.028704
0 0.026042 0.700926 0.014583 0.025926
0 0.008333 0.727778 0.016667 0.020370
0 0.063021 0.727315 0.015625 0.021296
0 0.967708 0.145833 0.019792 0.023148
0 0.659115 0.088426 0.013021 0.021296
0 0.894271 0.034259 0.013542 0.022222
0 0.008073 0.352315 0.015104 0.023148
0 0.909896 0.033796 0.013542 0.025000
0 0.008073 0.700463 0.016146 0.026852
0 0.627344 0.980556 0.016146 0.027778
0 0.917448 0.200463 0.035937 0.025000
0 0.080469 0.221759 0.013021 0.023148
0 0.025521 0.352315 0.014583 0.026852
0 0.044010 0.222222 0.013021 0.022222
0 0.946354 0.146296 0.013542 0.022222
0 0.117188 0.701389 0.014583 0.023148
0 0.007812 0.610185 0.015625 0.022222
0 0.169531 0.146759 0.014063 0.028704
0 0.025521 0.584259 0.017708 0.024074
0 0.008594 0.635185 0.014063 0.024074
0 0.466406 0.978241 0.017188 0.026852
0 0.026042 0.726852 0.015625 0.020370
0 0.116406 0.636574 0.015104 0.025000
0 0.061719 0.583796 0.015104 0.021296
0 0.396875 0.976389 0.117708 0.034259
0 0.098958 0.609722 0.015625 0.023148
0 0.008333 0.298148 0.015625 0.027778
0 0.879948 0.977315 0.014063 0.026852
0 0.098958 0.636574 0.014583 0.025000
0 0.116927 0.221759 0.013021 0.023148
0 0.988802 0.145833 0.019271 0.023148
0 0.134635 0.146296 0.018229 0.025926
0 0.117188 0.585185 0.015625 0.020370
0 0.007812 0.584259 0.015625 0.024074
0 0.007552 0.194907 0.015104 0.025000
0 0.025260 0.222222 0.015104 0.024074
0 0.079948 0.194907 0.013021 0.023148
0 0.641667 0.089815 0.014583 0.024074
0 0.846354 0.978241 0.014583 0.025000
0 0.098958 0.221296 0.013542 0.022222
0 0.116406 0.609722 0.015104 0.023148
0 0.114583 0.145833 0.016667 0.025000
0 0.863281 0.976852 0.015104 0.027778
0 0.062500 0.195370 0.013542 0.024074
0 0.080208 0.584722 0.015625 0.019444
0 0.116406 0.194907 0.010937 0.023148
0 0.994792 0.172222 0.009375 0.016667
0 0.080469 0.662037 0.014063 0.027778
0 0.098958 0.584722 0.016667 0.021296
0 0.115104 0.561111 0.009375 0.018519
0 0.105990 0.756944 0.009896 0.017593
0 0.025781 0.609722 0.017188 0.019444
0 0.097396 0.145833 0.013542 0.025000
0 0.818750 0.174074 0.013542 0.022222
0 0.984375 0.171296 0.009375 0.016667
0 0.115625 0.172222 0.010417 0.020370
0 0.069792 0.857870 0.139583 0.026852
0 0.115104 0.756481 0.006250 0.016667
0 0.608594 0.077315 0.034896 0.054630
0 0.961719 0.010185 0.013021 0.020370
0 0.327344 0.977315 0.020313 0.028704
0 0.197396 0.173148 0.009375 0.018519
0 0.079427 0.145833 0.018229 0.026852
0 0.026042 0.145370 0.050000 0.027778
0 0.124479 0.561111 0.007292 0.016667
0 0.124740 0.756481 0.007812 0.016667
0 0.134896 0.560648 0.007292 0.015741
0 0.134896 0.172222 0.010417 0.020370
0 0.974479 0.172222 0.008333 0.014815
0 0.939323 0.008333 0.010937 0.016667
0 0.124740 0.172685 0.007812 0.017593
0 0.189583 0.212963 0.077083 0.018519
0 0.237240 0.032870 0.017188 0.019444
0 0.060417 0.146296 0.015625 0.025926
0 0.919010 0.976389 0.013021 0.026852
0 0.899479 0.976852 0.020833 0.025926
0 0.042448 0.728241 0.018229 0.021296
0 0.008073 0.032870 0.014063 0.021296
0 0.062500 0.299074 0.013542 0.024074
0 0.080990 0.700463 0.013021 0.023148
0 0.747396 0.088889 0.014583 0.022222
0 0.117448 0.248148 0.014063 0.025926
0 0.729948 0.088426 0.015104 0.023148
0 0.580729 0.979167 0.018750 0.030556
0 0.603906 0.979630 0.020313 0.031481
0 0.846875 0.199537 0.035417 0.028704
0 0.025781 0.662963 0.014063 0.029630
0 0.080469 0.325926 0.015104 0.025926
0 0.062500 0.662500 0.015625 0.028704
0 0.152604 0.146296 0.015625 0.027778
0 0.062240 0.325463 0.013021 0.025000
0 0.044010 0.610648 0.015104 0.023148
0 0.099479 0.299074 0.013542 0.024074
0 0.099219 0.701389 0.014063 0.023148
0 0.063281 0.700463 0.017188 0.025000
0 0.442677 0.064454 0.015625 0.024074
0 0.866401 0.497667 0.074896 0.018519
0 0.820492 0.089560 0.013151 0.021306
0 0.805063 0.090023 0.016146 0.022694
0 0.787870 0.090486 0.015625 0.022694
0 0.771073 0.090616 0.016667 0.021046
0 0.914831 0.462213 0.170339 0.021852
0 0.914435 0.426546 0.170995 0.017352
0 0.915159 0.409514 0.169547 0.014139
0 0.214521 0.032949 0.020646 0.017139
0 0.186901 0.033301 0.026500 0.017046
0 0.161708 0.032995 0.014125 0.017046
0 0.141138 0.033921 0.016911 0.015806
0 0.119430 0.033148 0.012901 0.018593
0 0.097203 0.032681 0.019354 0.018287
0 0.070792 0.033921 0.022313 0.017046
0 0.947802 0.975426 0.015625 0.026852
0 0.928734 0.088898 0.017188 0.024056
0 0.166432 0.172685 0.046406 0.019444
0 0.924297 0.284523 0.151406 0.017620
0 0.135521 0.756296 0.010625 0.020000
0 0.914758 0.267028 0.170484 0.020370
0 0.925234 0.319444 0.149427 0.014815
0 0.046776 0.033273 0.015104 0.018213
0 0.975331 0.978273 0.036005 0.026917
0 0.071458 0.927130 0.142917 0.013148
0 0.910594 0.090287 0.017708 0.026852
0 0.915182 0.918056 0.169635 0.023148
0 0.026906 0.032509 0.014417 0.018519
0 0.110859 0.089806 0.016510 0.023370
0 0.914583 0.373657 0.168750 0.019352
0 0.914594 0.338481 0.169604 0.019259
0 0.925260 0.303241 0.149479 0.015741
0 0.027083 0.195648 0.017708 0.026481
0 0.356039 0.089870 0.145943 0.026407
0 0.175750 0.863704 0.043021 0.071574
0 0.964870 0.171944 0.009948 0.016111
0 0.045302 0.194389 0.017188 0.025000
0 0.914875 0.248657 0.168906 0.017963
0 0.883141 0.199537 0.032292 0.028704
0 0.070000 0.905093 0.140000 0.026852
0 0.643620 0.062037 0.019792 0.023148
0 0.837760 0.311213 0.017188 0.026852
0 0.837891 0.064676 0.016667 0.020093
0 0.731641 0.063333 0.034375 0.023333
0 0.113031 0.063426 0.018750 0.021296
0 0.919797 0.063426 0.036458 0.025000
0 0.100151 0.196324 0.018750 0.024074
0 0.954167 0.078981 0.021875 0.056111
0 0.190203 0.088773 0.134177 0.025139
0 0.025911 0.273148 0.015625 0.025926
0 0.858776 0.080093 0.024375 0.048148
0 0.789062 0.065509 0.015625 0.021759
0 0.772396 0.065833 0.016667 0.022407
0 0.973698 0.033028 0.050521 0.025926
0 0.987979 0.009310 0.014063 0.018620
0 0.518711 0.062690 0.134661 0.025750
0 0.272737 0.089815 0.019953 0.024074
0 0.026172 0.248380 0.015625 0.023148
0 0.009740 0.247824 0.016354 0.025278
0 0.064115 0.247917 0.016771 0.025463
0 0.510078 0.088889 0.152448 0.024074
0 0.883594 0.079861 0.023958 0.053704
0 0.821354 0.065833 0.013542 0.022407
0 0.805990 0.065741 0.016146 0.022222
0 0.190102 0.062898 0.134203 0.024815
0 0.933333 0.034259 0.021875 0.024074
0 0.273260 0.064519 0.020677 0.024074
0 0.356063 0.062792 0.144646 0.026324
0 0.684362 0.063681 0.060130 0.021250
0 0.914245 0.392264 0.169010 0.016954
0 0.932672 0.977519 0.012615 0.020611
0 0.914625 0.355208 0.170750 0.016713
