0 0.863229 0.498148 0.071250 0.018519
0 0.915052 0.268269 0.169896 0.018889
0 0.944448 0.977296 0.013187 0.022556
0 0.928833 0.091241 0.017188 0.029630
0 0.125344 0.172685 0.007812 0.017593
0 0.924870 0.319444 0.148698 0.014815
0 0.931758 0.976065 0.010964 0.020630
0 0.027359 0.031796 0.015104 0.020370
0 0.913794 0.391546 0.171370 0.019444
0 0.913914 0.356565 0.170089 0.017593
0 0.070443 0.925088 0.140885 0.013417
0 0.977346 0.976560 0.040203 0.027750
0 0.062672 0.273926 0.014583 0.025000
0 0.914305 0.460000 0.171391 0.023796
0 0.914328 0.426227 0.171344 0.018935
0 0.820771 0.089852 0.012302 0.020444
0 0.805440 0.090208 0.016745 0.021157
0 0.788799 0.090032 0.015734 0.022231
0 0.771352 0.090032 0.017953 0.022954
0 0.214203 0.030731 0.021792 0.019519
0 0.186745 0.031194 0.028240 0.021074
0 0.161378 0.031509 0.016911 0.021074
0 0.140281 0.032282 0.017260 0.019528
0 0.119534 0.032278 0.016214 0.017667
0 0.096349 0.032898 0.024927 0.018907
0 0.683953 0.063269 0.058865 0.022833
0 0.355445 0.062505 0.144422 0.027972
0 0.273359 0.063741 0.020104 0.024074
0 0.838807 0.287657 0.017188 0.020370
0 0.043839 0.272685 0.015104 0.025000
0 0.933411 0.034259 0.022031 0.024074
0 0.190323 0.062500 0.133833 0.022037
0 0.044062 0.726852 0.015104 0.020370
0 0.805990 0.066065 0.016146 0.022870
0 0.821354 0.066208 0.013542 0.023880
0 0.984484 0.080509 0.025521 0.063889
0 0.883333 0.081843 0.023958 0.053704
0 0.511042 0.088704 0.153125 0.024444
0 0.064245 0.247824 0.017031 0.025278
0 0.010078 0.247528 0.017031 0.024074
0 0.026917 0.247685 0.015625 0.023148
0 0.273422 0.089454 0.021042 0.024074
0 0.519010 0.063634 0.135417 0.022269
0 0.772396 0.065926 0.016667 0.022593
0 0.789062 0.065880 0.015625 0.022500
0 0.442365 0.064398 0.015625 0.024074
0 0.858880 0.080556 0.024948 0.048148
0 0.026911 0.273148 0.015625 0.025926
0 0.189781 0.088097 0.135021 0.026194
0 0.924818 0.285648 0.149635 0.015741
0 0.954167 0.076389 0.021875 0.050926
0 0.100000 0.196241 0.018750 0.024074
0 0.919875 0.062824 0.036458 0.025000
0 0.112745 0.063157 0.018750 0.021296
0 0.731068 0.063889 0.035052 0.024074
0 0.837786 0.064139 0.016667 0.022315
0 0.837932 0.311574 0.017188 0.026852
0 0.643229 0.061565 0.019792 0.023148
0 0.070195 0.905093 0.140391 0.026852
0 0.914167 0.248713 0.169115 0.018796
0 0.180224 0.864208 0.044240 0.074731
0 0.355635 0.090343 0.144771 0.028463
0 0.925609 0.302620 0.148781 0.015741
0 0.913768 0.373727 0.169964 0.016435
0 0.070766 0.032750 0.021490 0.017352
0 0.046396 0.032870 0.015125 0.018519
0 0.913698 0.918056 0.172604 0.023148
0 0.070260 0.858704 0.139583 0.026852
0 0.608073 0.078556 0.034896 0.054630
0 0.962505 0.009685 0.013021 0.019370
0 0.910120 0.091102 0.017708 0.026852
0 0.913594 0.338889 0.169896 0.018519
0 0.914260 0.408380 0.171479 0.015741
0 0.672917 0.981019 0.016667 0.028704
0 0.008333 0.727778 0.016667 0.020370
0 0.026042 0.700926 0.014583 0.025926
0 0.062500 0.662500 0.015625 0.028704
0 0.025781 0.299537 0.014063 0.025000
0 0.973698 0.033333 0.050521 0.025926
0 0.099219 0.701389 0.014063 0.023148
0 0.099479 0.299074 0.013542 0.024074
0 0.044010 0.610648 0.015104 0.023148
0 0.115625 0.172222 0.010417 0.020370
0 0.984375 0.171296 0.009375 0.016667
0 0.818750 0.174074 0.013542 0.022222
0 0.097396 0.145833 0.013542 0.025000
0 0.899479 0.976852 0.020833 0.025926
0 0.025781 0.609722 0.017188 0.019444
0 0.105990 0.756944 0.009896 0.017593
0 0.115104 0.561111 0.009375 0.018519
0 0.098958 0.584722 0.016667 0.021296
0 0.080469 0.662037 0.014063 0.027778
0 0.024740 0.195370 0.013021 0.025926
0 0.134896 0.756481 0.007292 0.016667
0 0.965625 0.172222 0.011458 0.016667
0 0.994792 0.172222 0.009375 0.016667
0 0.116406 0.194907 0.010937 0.023148
0 0.080729 0.247222 0.013542 0.024074
0 0.080208 0.584722 0.015625 0.019444
0 0.694792 0.088426 0.017708 0.023148
0 0.711979 0.088426 0.013542 0.023148
0 0.044010 0.700926 0.014063 0.025926
0 0.080469 0.610185 0.015104 0.022222
0 0.042969 0.194907 0.017188 0.025000
0 0.043750 0.247222 0.013542 0.024074
0 0.025521 0.636111 0.016667 0.024074
0 0.080729 0.299074 0.014583 0.024074
0 0.044010 0.662500 0.014063 0.028704
0 0.025781 0.325463 0.015104 0.023148
0 0.062500 0.195370 0.013542 0.024074
0 0.558333 0.978241 0.018750 0.026852
0 0.117708 0.325463 0.017708 0.025000
0 0.512500 0.977315 0.016667 0.025000
0 0.044271 0.298611 0.014583 0.025000
0 0.040885 0.083333 0.021354 0.061111
0 0.098437 0.247685 0.012500 0.025000
0 0.044010 0.325463 0.014063 0.023148
0 0.044010 0.636111 0.015104 0.025926
0 0.062500 0.610648 0.014583 0.021296
0 0.118229 0.299537 0.018750 0.026852
0 0.080469 0.727315 0.014063 0.023148
0 0.088542 0.082870 0.023958 0.060185
0 0.080469 0.635648 0.015104 0.025000
0 0.116927 0.274074 0.015104 0.022222
0 0.065104 0.083333 0.021875 0.059259
0 0.080469 0.272685 0.015104 0.025000
0 0.062240 0.636111 0.016146 0.025926
0 0.098698 0.273611 0.013021 0.025000
0 0.016146 0.082407 0.027083 0.062963
0 0.070312 0.830556 0.140625 0.027778
0 0.070312 0.804630 0.140625 0.027778
0 0.729948 0.088426 0.015104 0.023148
0 0.580729 0.979167 0.018750 0.030556
0 0.044271 0.352778 0.015625 0.025926
0 0.167604 0.172685 0.048750 0.019444
0 0.603906 0.979630 0.020313 0.031481
0 0.846875 0.199537 0.035417 0.028704
0 0.650260 0.981019 0.017188 0.028704
0 0.007812 0.325463 0.015625 0.023148
0 0.489844 0.977315 0.018229 0.023148
0 0.535156 0.977315 0.017188 0.025000
0 0.863281 0.976852 0.015104 0.027778
0 0.881250 0.199537 0.032292 0.028704
0 0.939323 0.008333 0.010937 0.016667
0 0.115104 0.756481 0.006250 0.016667
0 0.114583 0.145833 0.016667 0.025000
0 0.116406 0.609722 0.015104 0.023148
0 0.098958 0.221296 0.013542 0.022222
0 0.846354 0.978241 0.014583 0.025000
0 0.641667 0.089815 0.014583 0.024074
0 0.079948 0.194907 0.013021 0.023148
0 0.025260 0.222222 0.015104 0.024074
0 0.007552 0.194907 0.015104 0.025000
0 0.007812 0.584259 0.015625 0.024074
0 0.117188 0.585185 0.015625 0.020370
0 0.134635 0.146296 0.018229 0.025926
0 0.008594 0.221759 0.014063 0.025000
0 0.988802 0.145833 0.019271 0.023148
0 0.189583 0.212963 0.077083 0.018519
0 0.327344 0.977315 0.020313 0.028704
0 0.237240 0.032870 0.017188 0.019444
0 0.008333 0.273148 0.014583 0.024074
0 0.116927 0.221759 0.013021 0.023148
0 0.008073 0.032870 0.014063 0.021296
0 0.098958 0.636574 0.014583 0.025000
0 0.879948 0.977315 0.014063 0.026852
0 0.008333 0.298148 0.015625 0.027778
0 0.134896 0.560648 0.007292 0.015741
0 0.098958 0.609722 0.015625 0.023148
0 0.146615 0.193519 0.011979 0.022222
0 0.062500 0.221759 0.013542 0.023148
0 0.062240 0.325463 0.013021 0.025000
0 0.676562 0.087963 0.012500 0.022222
0 0.043750 0.584259 0.015625 0.022222
0 0.396875 0.976389 0.117708 0.034259
0 0.061719 0.583796 0.015104 0.021296
0 0.124740 0.756481 0.007812 0.016667
0 0.116406 0.636574 0.015104 0.025000
0 0.988281 0.010648 0.014063 0.021296
0 0.026042 0.726852 0.015625 0.020370
0 0.466406 0.978241 0.017188 0.026852
0 0.134896 0.172222 0.010417 0.020370
0 0.062500 0.299074 0.013542 0.024074
0 0.008073 0.663889 0.016146 0.029630
0 0.079427 0.145833 0.018229 0.026852
0 0.060417 0.146296 0.015625 0.025926
0 0.152604 0.146296 0.015625 0.027778
0 0.008594 0.635185 0.014063 0.024074
0 0.025521 0.584259 0.017708 0.024074
0 0.169531 0.146759 0.014063 0.028704
0 0.124479 0.561111 0.007292 0.016667
0 0.974479 0.172222 0.008333 0.014815
0 0.026042 0.145370 0.050000 0.027778
0 0.007812 0.610185 0.015625 0.022222
0 0.111198 0.089815 0.016146 0.027778
0 0.117188 0.701389 0.014583 0.023148
0 0.946354 0.146296 0.013542 0.022222
0 0.044010 0.222222 0.013021 0.022222
0 0.025521 0.352315 0.014583 0.026852
0 0.080469 0.221759 0.013021 0.023148
0 0.025781 0.662963 0.014063 0.029630
0 0.063281 0.700463 0.017188 0.025000
0 0.917448 0.200463 0.035937 0.025000
0 0.627344 0.980556 0.016146 0.027778
0 0.919010 0.976389 0.013021 0.026852
0 0.080990 0.700463 0.013021 0.023148
0 0.080469 0.325926 0.015104 0.025926
0 0.098698 0.325926 0.013021 0.025926
0 0.008073 0.700463 0.016146 0.026852
0 0.909896 0.033796 0.013542 0.025000
0 0.008073 0.352315 0.015104 0.023148
0 0.894271 0.034259 0.013542 0.022222
0 0.659115 0.088426 0.013021 0.021296
0 0.967708 0.145833 0.019792 0.023148
0 0.063021 0.727315 0.015625 0.021296
0 0.117448 0.248148 0.014063 0.025926
0 0.747396 0.088889 0.014583 0.022222
0 0.197396 0.173148 0.009375 0.018519
