0 0.080469 0.610185 0.015104 0.022222
0 0.062500 0.195370 0.012500 0.024074
0 0.580990 0.978704 0.017188 0.027778
0 0.603906 0.979167 0.019271 0.030556
0 0.838021 0.287963 0.016667 0.018519
0 0.535417 0.977778 0.016667 0.024074
0 0.062240 0.325463 0.013021 0.025000
0 0.627344 0.980556 0.015104 0.025926
0 0.044531 0.726852 0.015104 0.020370
0 0.007812 0.585185 0.015625 0.024074
0 0.044010 0.610648 0.015104 0.023148
0 0.676562 0.087963 0.014583 0.022222
0 0.063281 0.700926 0.016146 0.024074
0 0.062500 0.299074 0.013542 0.024074
0 0.008854 0.221759 0.013542 0.025000
0 0.080729 0.325926 0.014583 0.025926
0 0.062500 0.221759 0.013542 0.023148
0 0.441667 0.064815 0.014583 0.024074
0 0.025781 0.299537 0.014063 0.025000
0 0.466146 0.978241 0.016667 0.025000
0 0.650521 0.981019 0.016667 0.028704
0 0.673177 0.981019 0.017188 0.028704
0 0.712240 0.087963 0.015104 0.024074
0 0.881250 0.199537 0.032292 0.028704
0 0.098698 0.325463 0.013021 0.025000
0 0.117969 0.326389 0.017188 0.023148
0 0.080469 0.221296 0.011979 0.022222
0 0.909635 0.033796 0.013021 0.025000
0 0.207552 0.146296 0.014063 0.022222
0 0.044010 0.662500 0.014063 0.028704
0 0.917448 0.200463 0.035937 0.025000
0 0.044271 0.700926 0.014583 0.024074
0 0.694792 0.088426 0.017708 0.023148
0 0.116927 0.585185 0.015104 0.020370
0 0.080729 0.700926 0.012500 0.022222
0 0.747396 0.088889 0.014583 0.022222
0 0.227083 0.146759 0.017708 0.023148
0 0.967708 0.146296 0.019792 0.022222
0 0.007812 0.610648 0.015625 0.021296
0 0.080208 0.195370 0.012500 0.022222
0 0.880208 0.978241 0.013542 0.021296
0 0.044010 0.352778 0.015104 0.025926
0 0.025521 0.222222 0.014583 0.024074
0 0.116927 0.221759 0.011979 0.023148
0 0.044010 0.222222 0.013021 0.022222
0 0.009375 0.635648 0.013542 0.025000
0 0.007812 0.325463 0.015625 0.023148
0 0.729688 0.087963 0.016667 0.024074
0 0.894271 0.034259 0.013542 0.022222
0 0.116406 0.609722 0.014063 0.021296
0 0.172396 0.146296 0.017708 0.024074
0 0.008333 0.194907 0.016667 0.025000
0 0.008073 0.728241 0.016146 0.019444
0 0.025521 0.351852 0.014583 0.025926
0 0.588542 0.285185 0.213542 0.027778
0 0.988542 0.145833 0.018750 0.021296
0 0.008333 0.272685 0.014583 0.023148
0 0.044010 0.584722 0.015104 0.023148
0 0.190365 0.146759 0.014063 0.023148
0 0.946094 0.146759 0.013021 0.021296
0 0.973437 0.032870 0.051042 0.026852
0 0.327344 0.978704 0.020313 0.024074
0 0.026302 0.700926 0.014063 0.025926
0 0.008073 0.700463 0.016146 0.025000
0 0.008073 0.352315 0.014063 0.023148
0 0.738281 0.170833 0.011979 0.021296
0 0.099219 0.221296 0.013021 0.022222
0 0.008073 0.663426 0.016146 0.028704
0 0.026042 0.662500 0.013542 0.028704
0 0.151823 0.146296 0.018229 0.024074
0 0.063021 0.726852 0.014583 0.022222
0 0.117188 0.701852 0.013542 0.022222
0 0.062500 0.662500 0.015625 0.028704
0 0.026042 0.726852 0.015625 0.020370
0 0.846875 0.199537 0.035417 0.028704
0 0.098958 0.636111 0.014583 0.024074
0 0.008333 0.298148 0.015625 0.027778
0 0.098958 0.609722 0.015625 0.023148
0 0.116667 0.637037 0.014583 0.024074
0 0.025781 0.584722 0.017188 0.023148
0 0.914687 0.407870 0.167500 0.019444
0 0.166615 0.173148 0.045729 0.018519
0 0.939063 0.008333 0.010417 0.014815
0 0.673958 0.892593 0.041667 0.025926
0 0.899479 0.977778 0.020833 0.022222
0 0.079427 0.145370 0.013021 0.024074
0 0.008073 0.033796 0.013021 0.021296
0 0.070312 0.904630 0.140625 0.025926
0 0.124740 0.172685 0.007812 0.017593
0 0.428906 0.192130 0.013021 0.017593
0 0.124740 0.561111 0.006771 0.016667
0 0.197396 0.174074 0.007292 0.016667
0 0.193750 0.212963 0.087500 0.018519
0 0.608594 0.078704 0.034896 0.062963
0 0.933594 0.976852 0.013021 0.024074
0 0.134896 0.560185 0.007292 0.014815
0 0.134896 0.172222 0.009375 0.018519
0 0.720313 0.892593 0.041667 0.024074
0 0.025781 0.144907 0.050521 0.028704
0 0.458333 0.192593 0.012500 0.018519
0 0.125000 0.756944 0.007292 0.015741
0 0.160156 0.213889 0.011979 0.016667
0 0.974479 0.172222 0.008333 0.014815
0 0.236979 0.032870 0.017708 0.021296
0 0.097135 0.145833 0.017188 0.023148
0 0.098698 0.585185 0.016146 0.020370
0 0.919271 0.977315 0.013542 0.023148
0 0.115104 0.756481 0.006250 0.014815
0 0.115104 0.560648 0.009375 0.017593
0 0.080469 0.662037 0.014063 0.027778
0 0.984115 0.171759 0.008854 0.015741
0 0.115625 0.172222 0.009375 0.018519
0 0.061719 0.584259 0.015104 0.020370
0 0.115104 0.146759 0.015625 0.023148
0 0.025781 0.609722 0.017188 0.019444
0 0.080208 0.584722 0.015625 0.019444
0 0.820052 0.173148 0.010937 0.020370
0 0.070312 0.804630 0.140625 0.027778
0 0.070312 0.830093 0.140625 0.026852
0 0.720573 0.283796 0.042188 0.025000
0 0.098698 0.273611 0.013021 0.025000
0 0.016406 0.082870 0.026562 0.060185
0 0.069792 0.858333 0.139583 0.027778
0 0.396354 0.975926 0.115625 0.033333
0 0.116927 0.274074 0.013021 0.022222
0 0.062500 0.636111 0.015625 0.025926
0 0.080469 0.272685 0.014063 0.025000
0 0.065104 0.083333 0.021875 0.059259
0 0.088542 0.082407 0.023958 0.059259
0 0.098437 0.247685 0.012500 0.025000
0 0.512500 0.977315 0.016667 0.023148
0 0.062500 0.272685 0.014583 0.025000
0 0.062240 0.611111 0.015104 0.020370
0 0.118490 0.300463 0.017188 0.025000
0 0.105990 0.756944 0.009896 0.017593
0 0.080469 0.636111 0.015104 0.024074
0 0.043750 0.636574 0.014583 0.025000
0 0.132812 0.146296 0.014583 0.020370
0 0.044271 0.325463 0.013542 0.023148
0 0.964844 0.172685 0.009896 0.015741
0 0.099479 0.300000 0.013542 0.024074
0 0.080469 0.299074 0.014063 0.024074
0 0.044531 0.298611 0.014063 0.025000
0 0.043750 0.273148 0.014583 0.024074
0 0.080729 0.727315 0.013542 0.023148
0 0.490104 0.976852 0.017708 0.022222
0 0.134896 0.756944 0.007292 0.015741
0 0.837760 0.311111 0.016146 0.022222
0 0.080990 0.246759 0.013021 0.023148
0 0.994792 0.171759 0.009375 0.015741
0 0.116667 0.194444 0.010417 0.022222
0 0.558594 0.977315 0.018229 0.025000
0 0.441927 0.088889 0.016146 0.024074
0 0.044010 0.247685 0.013021 0.023148
0 0.025781 0.325000 0.015104 0.022222
0 0.117188 0.248148 0.013542 0.025926
0 0.099219 0.701389 0.014063 0.023148
0 0.883594 0.081019 0.024479 0.054630
0 0.846875 0.978704 0.013542 0.022222
0 0.025521 0.636111 0.016667 0.024074
0 0.863281 0.978241 0.015104 0.023148
0 0.357156 0.089449 0.146115 0.024806
0 0.356482 0.061972 0.144995 0.026352
0 0.788802 0.066620 0.016146 0.023981
0 0.772135 0.066991 0.017188 0.024722
0 0.683620 0.062870 0.059948 0.026111
0 0.805990 0.066528 0.017188 0.023796
0 0.821615 0.065648 0.014063 0.022037
0 0.041281 0.083093 0.021354 0.060185
0 0.190135 0.062894 0.134313 0.024491
0 0.063880 0.247269 0.016302 0.024167
0 0.933307 0.034259 0.021823 0.024074
0 0.518016 0.064435 0.135365 0.024167
0 0.026536 0.247000 0.015625 0.023148
0 0.009505 0.248056 0.015885 0.025741
0 0.983073 0.079630 0.025521 0.059259
0 0.919677 0.062565 0.035937 0.024074
0 0.272865 0.064352 0.021771 0.023148
0 0.954167 0.078009 0.021875 0.054167
0 0.988021 0.009218 0.012500 0.018435
0 0.858828 0.080093 0.024010 0.049074
0 0.112172 0.063593 0.020885 0.020370
0 0.099927 0.197083 0.019271 0.024074
0 0.191385 0.088722 0.137500 0.025000
0 0.643828 0.062500 0.019635 0.025000
0 0.070747 0.032259 0.023318 0.021907
0 0.837188 0.063426 0.017083 0.021296
0 0.925302 0.301528 0.148563 0.015741
0 0.924974 0.284722 0.148594 0.015741
0 0.181414 0.863185 0.041859 0.071852
0 0.518807 0.088731 0.135094 0.025685
0 0.273104 0.089139 0.020729 0.025000
0 0.044370 0.195542 0.014385 0.021454
0 0.046344 0.033463 0.015958 0.018519
0 0.713958 0.169667 0.014375 0.022685
0 0.731948 0.062866 0.033812 0.025361
0 0.914089 0.249537 0.169740 0.021296
0 0.027839 0.195694 0.016094 0.024722
0 0.659870 0.088870 0.013542 0.021296
0 0.607526 0.749074 0.251615 0.025926
0 0.606328 0.775926 0.254010 0.027778
0 0.111094 0.090833 0.015365 0.025722
0 0.507734 0.262037 0.065469 0.012963
0 0.963854 0.009616 0.009052 0.016546
0 0.909896 0.088750 0.017708 0.025926
0 0.975417 0.977995 0.035208 0.030250
0 0.520026 0.693981 0.065052 0.013889
0 0.928385 0.087500 0.017188 0.020000
0 0.925703 0.321296 0.148594 0.016667
0 0.070078 0.925917 0.140156 0.013537
0 0.026932 0.032537 0.015104 0.020370
0 0.613594 0.227778 0.256146 0.025926
0 0.914583 0.917593 0.170833 0.022222
0 0.514062 0.204630 0.079167 0.014815
0 0.026284 0.272162 0.013307 0.023528
0 0.913773 0.269130 0.170359 0.017111
0 0.061060 0.147819 0.014224 0.018120
0 0.946203 0.976597 0.011865 0.021528
0 0.214732 0.032912 0.020755 0.019472
0 0.097138 0.032440 0.021755 0.019491
0 0.118896 0.033032 0.014781 0.018898
0 0.521081 0.805583 0.081286 0.022667
0 0.915539 0.373699 0.168922 0.014083
0 0.914443 0.354838 0.170760 0.015806
0 0.914443 0.337250 0.170760 0.016204
0 0.821148 0.088931 0.013297 0.017917
0 0.805599 0.090356 0.016083 0.020398
0 0.787961 0.090546 0.017047 0.018870
0 0.771018 0.090833 0.016620 0.019056
0 0.641573 0.088199 0.015010 0.023380
0 0.140844 0.033421 0.017490 0.015713
0 0.162654 0.034106 0.016526 0.013657
0 0.186581 0.032056 0.026714 0.021870
