0 0.913776 0.917130 0.172448 0.023148
0 0.027083 0.195370 0.018750 0.025926
0 0.181349 0.863185 0.046198 0.076481
0 0.044484 0.195796 0.015198 0.025000
0 0.356057 0.064162 0.143719 0.023324
0 0.272708 0.064352 0.020417 0.025000
0 0.190630 0.062898 0.137500 0.026852
0 0.355326 0.088565 0.145495 0.027130
0 0.932917 0.033796 0.021042 0.025000
0 0.517474 0.063009 0.134948 0.025833
0 0.805990 0.065833 0.017188 0.022407
0 0.189734 0.087963 0.137500 0.025926
0 0.820885 0.090319 0.013542 0.023250
0 0.064620 0.248417 0.015104 0.024074
0 0.272214 0.089815 0.019427 0.024074
0 0.858932 0.081944 0.024844 0.050926
0 0.398281 0.144907 0.143021 0.025000
0 0.772396 0.066898 0.016667 0.024537
0 0.953906 0.078194 0.021354 0.054537
0 0.787833 0.091199 0.016146 0.020935
0 0.100000 0.195796 0.018750 0.025000
0 0.509740 0.088426 0.151771 0.025000
0 0.112057 0.063426 0.020990 0.021296
0 0.111198 0.088620 0.016146 0.027778
0 0.920365 0.062537 0.036979 0.025000
0 0.732708 0.061361 0.035937 0.025926
0 0.643026 0.063065 0.019792 0.023148
0 0.009589 0.032657 0.014885 0.018519
0 0.872005 0.637037 0.066927 0.014815
0 0.909896 0.089741 0.017708 0.027778
0 0.837318 0.064907 0.017031 0.024259
0 0.166042 0.172222 0.045625 0.020370
0 0.928385 0.091944 0.017188 0.030556
0 0.821615 0.065787 0.013021 0.022315
0 0.851352 0.320106 0.043964 0.013306
0 0.070547 0.925444 0.139844 0.013370
0 0.788802 0.066111 0.015104 0.022963
0 0.918802 0.337963 0.162396 0.018519
0 0.027339 0.032759 0.015104 0.020370
0 0.974904 0.976847 0.036026 0.028694
0 0.046422 0.032995 0.015552 0.017972
0 0.070466 0.034329 0.025359 0.018231
0 0.096792 0.033125 0.022646 0.017898
0 0.120211 0.033810 0.014130 0.019269
0 0.140628 0.033986 0.017807 0.017546
0 0.160857 0.032954 0.016068 0.018241
0 0.186018 0.031745 0.027682 0.017898
0 0.213792 0.032088 0.020906 0.019269
0 0.772310 0.091106 0.014359 0.021657
0 0.805534 0.091282 0.015495 0.023231
0 0.915687 0.249616 0.168625 0.016880
0 0.915615 0.268120 0.168771 0.016889
0 0.915227 0.285343 0.168859 0.016889
0 0.915227 0.303333 0.168859 0.016889
0 0.919776 0.394023 0.160448 0.016880
0 0.919664 0.411144 0.160672 0.016880
0 0.919552 0.428662 0.160896 0.016880
0 0.919216 0.446977 0.161568 0.016880
0 0.919216 0.463296 0.161568 0.016889
0 0.914367 0.497773 0.168859 0.016880
0 0.915143 0.515671 0.168859 0.016880
0 0.915143 0.532185 0.168859 0.016889
0 0.914935 0.549519 0.168859 0.016889
0 0.914935 0.567065 0.168859 0.016889
0 0.914352 0.583241 0.168859 0.016889
0 0.914544 0.602509 0.168859 0.016889
0 0.848357 0.620176 0.034234 0.014019
0 0.837956 0.659477 0.011880 0.021120
0 0.838284 0.681458 0.016849 0.022083
0 0.840172 0.724370 0.018250 0.010370
0 0.926026 0.655644 0.147948 0.016880
0 0.926276 0.672968 0.147448 0.016880
0 0.925839 0.690741 0.148323 0.016889
0 0.925839 0.708292 0.148323 0.016880
0 0.919833 0.976097 0.011052 0.021806
0 0.932456 0.976958 0.009036 0.016639
0 0.944599 0.976167 0.012500 0.018500
0 0.116406 0.609722 0.015104 0.023148
0 0.008594 0.635648 0.014063 0.025000
0 0.672917 0.981019 0.016667 0.028704
0 0.008073 0.352315 0.015104 0.025000
0 0.894271 0.034259 0.013542 0.022222
0 0.489844 0.976852 0.018229 0.024074
0 0.079948 0.194907 0.013021 0.023148
0 0.152083 0.146296 0.019792 0.024074
0 0.008333 0.727778 0.016667 0.020370
0 0.534896 0.977778 0.017708 0.025926
0 0.026042 0.273148 0.015625 0.025926
0 0.026042 0.700463 0.014583 0.026852
0 0.988802 0.145833 0.019271 0.023148
0 0.227344 0.146296 0.019271 0.025926
0 0.025260 0.222222 0.015104 0.024074
0 0.967708 0.146296 0.019792 0.022222
0 0.062500 0.221759 0.013542 0.023148
0 0.846875 0.199537 0.035417 0.028704
0 0.207813 0.145370 0.015625 0.025926
0 0.098698 0.325463 0.013021 0.025000
0 0.007812 0.325463 0.015625 0.023148
0 0.973698 0.033333 0.050521 0.025926
0 0.909896 0.034259 0.013542 0.025926
0 0.263021 0.146759 0.014583 0.026852
0 0.604167 0.979630 0.020833 0.031481
0 0.117969 0.326389 0.017188 0.023148
0 0.117188 0.248148 0.013542 0.025926
0 0.729948 0.088889 0.015104 0.024074
0 0.062500 0.299074 0.013542 0.024074
0 0.043750 0.583796 0.015625 0.023148
0 0.747656 0.088889 0.014063 0.022222
0 0.917708 0.200463 0.036458 0.025000
0 0.879948 0.977315 0.014063 0.026852
0 0.711979 0.088889 0.013542 0.022222
0 0.694792 0.089352 0.014583 0.021296
0 0.580729 0.979167 0.018750 0.030556
0 0.008333 0.584259 0.016667 0.025926
0 0.008073 0.609722 0.016146 0.023148
0 0.025781 0.299537 0.014063 0.025000
0 0.044271 0.353241 0.015625 0.026852
0 0.441927 0.064815 0.015104 0.024074
0 0.946354 0.146759 0.013542 0.023148
0 0.080729 0.700926 0.012500 0.024074
0 0.988281 0.010648 0.014063 0.021296
0 0.170833 0.145833 0.017708 0.025000
0 0.063021 0.727315 0.015625 0.021296
0 0.558594 0.978241 0.019271 0.028704
0 0.062240 0.325463 0.013021 0.025000
0 0.512760 0.977315 0.017188 0.025000
0 0.280469 0.146296 0.018229 0.025926
0 0.099219 0.221296 0.014063 0.022222
0 0.080469 0.325926 0.015104 0.025926
0 0.099219 0.701389 0.014063 0.023148
0 0.044010 0.610648 0.015104 0.023148
0 0.883333 0.082870 0.023958 0.054630
0 0.063281 0.700463 0.017188 0.025000
0 0.116927 0.221759 0.013021 0.023148
0 0.846615 0.977778 0.014063 0.025926
0 0.245573 0.145833 0.015104 0.026852
0 0.080469 0.662500 0.013021 0.028704
0 0.080469 0.584259 0.015104 0.020370
0 0.062500 0.195370 0.013542 0.024074
0 0.116406 0.194907 0.010937 0.023148
0 0.642188 0.088889 0.015625 0.025926
0 0.134896 0.756944 0.007292 0.017593
0 0.025000 0.248148 0.015625 0.024074
0 0.098958 0.584722 0.016667 0.021296
0 0.994792 0.172222 0.009375 0.016667
0 0.608594 0.076852 0.034896 0.055556
0 0.115104 0.561111 0.009375 0.018519
0 0.863021 0.977315 0.015625 0.026852
0 0.008073 0.663426 0.016146 0.030556
0 0.881250 0.199537 0.032292 0.028704
0 0.105990 0.756481 0.009896 0.018519
0 0.190104 0.145833 0.017708 0.026852
0 0.078646 0.146759 0.014583 0.025000
0 0.966146 0.171759 0.012500 0.015741
0 0.115365 0.756481 0.006771 0.016667
0 0.070312 0.904630 0.140625 0.025926
0 0.070052 0.857870 0.140104 0.026852
0 0.025781 0.609259 0.017188 0.020370
0 0.114844 0.173611 0.010937 0.017593
0 0.984375 0.171296 0.009375 0.016667
0 0.818750 0.174537 0.013542 0.021296
0 0.124740 0.756481 0.007812 0.016667
0 0.026042 0.145370 0.050000 0.027778
0 0.961458 0.010185 0.013542 0.020370
0 0.197396 0.173148 0.008333 0.020370
0 0.060677 0.146296 0.016146 0.025926
0 0.124479 0.560648 0.007292 0.017593
0 0.134896 0.560648 0.007292 0.015741
0 0.134635 0.172222 0.009896 0.020370
0 0.189323 0.212500 0.077604 0.019444
0 0.974219 0.172222 0.008854 0.014815
0 0.124740 0.172685 0.008854 0.017593
0 0.847656 0.373148 0.035937 0.016667
0 0.939323 0.008333 0.010937 0.016667
0 0.008594 0.805093 0.014063 0.023148
0 0.237240 0.032870 0.017188 0.021296
0 0.899740 0.976852 0.021354 0.025926
0 0.070573 0.804630 0.141146 0.027778
0 0.070573 0.831019 0.141146 0.026852
0 0.098698 0.273611 0.013021 0.025000
0 0.016667 0.081944 0.026042 0.062037
0 0.062240 0.636111 0.016146 0.025926
0 0.080469 0.272685 0.015104 0.025000
0 0.065104 0.082870 0.021875 0.060185
0 0.684115 0.062500 0.061979 0.026852
0 0.116927 0.273611 0.014063 0.023148
0 0.080469 0.727315 0.014063 0.023148
0 0.062500 0.272685 0.014583 0.025000
0 0.080729 0.247222 0.014583 0.024074
0 0.080469 0.636111 0.015104 0.025926
0 0.088542 0.082407 0.023958 0.061111
0 0.008073 0.247222 0.013021 0.024074
0 0.044010 0.636111 0.015104 0.025926
0 0.044010 0.325463 0.014063 0.025000
0 0.118229 0.300463 0.017708 0.025000
0 0.044010 0.662500 0.014063 0.028704
0 0.478385 0.146759 0.015104 0.021296
0 0.044531 0.727315 0.015104 0.021296
0 0.062500 0.610648 0.014583 0.021296
0 0.044010 0.273148 0.015104 0.024074
0 0.098437 0.247685 0.012500 0.025000
0 0.044271 0.298611 0.014583 0.025000
0 0.040885 0.083333 0.021354 0.061111
0 0.099479 0.300000 0.013542 0.024074
0 0.062500 0.662500 0.015625 0.028704
0 0.080729 0.299074 0.014583 0.024074
0 0.008594 0.221759 0.014063 0.025000
0 0.080469 0.610648 0.015104 0.023148
0 0.396875 0.975926 0.117708 0.035185
0 0.025781 0.662963 0.014063 0.029630
0 0.025781 0.325463 0.015104 0.023148
0 0.043750 0.247685 0.013542 0.023148
0 0.044271 0.700926 0.014583 0.025926
0 0.025521 0.636111 0.016667 0.024074
0 0.983073 0.081481 0.025521 0.062963
0 0.026042 0.727315 0.015625 0.021296
0 0.316667 0.146296 0.016667 0.024074
0 0.132812 0.147685 0.014583 0.025000
0 0.627344 0.980556 0.016146 0.027778
0 0.007552 0.194907 0.015104 0.025000
0 0.097396 0.147222 0.017708 0.025926
0 0.116667 0.636574 0.015625 0.025000
0 0.117188 0.584722 0.015625 0.021296
0 0.659115 0.089352 0.013021 0.021296
0 0.008333 0.298148 0.015625 0.027778
0 0.465885 0.977778 0.017188 0.025926
0 0.098958 0.609722 0.015625 0.025000
0 0.098958 0.636111 0.015625 0.025926
0 0.061719 0.583796 0.015104 0.021296
0 0.327083 0.978241 0.020833 0.025000
0 0.080469 0.221759 0.013021 0.023148
0 0.008333 0.273148 0.014583 0.024074
0 0.025521 0.352315 0.014583 0.026852
0 0.650000 0.980556 0.016667 0.029630
0 0.008073 0.700463 0.016146 0.026852
0 0.025781 0.584259 0.016146 0.024074
0 0.044010 0.222222 0.013021 0.022222
0 0.298698 0.146296 0.015104 0.025926
0 0.114844 0.147685 0.014063 0.025000
0 0.676562 0.088426 0.012500 0.021296
0 0.117188 0.701389 0.014583 0.023148
