0 0.316406 0.146296 0.016146 0.024074
0 0.098958 0.636111 0.015625 0.025926
0 0.061719 0.583796 0.015104 0.021296
0 0.615885 0.980093 0.020313 0.030556
0 0.080469 0.221759 0.013021 0.023148
0 0.025781 0.584259 0.016146 0.024074
0 0.298438 0.146296 0.015625 0.025926
0 0.025521 0.352315 0.014583 0.025000
0 0.044010 0.222222 0.013021 0.022222
0 0.008594 0.635648 0.014063 0.025000
0 0.114844 0.147685 0.014063 0.025000
0 0.008073 0.351852 0.015104 0.024074
0 0.676562 0.088426 0.012500 0.021296
0 0.117188 0.701389 0.014583 0.023148
0 0.477865 0.977778 0.017188 0.027778
0 0.100000 0.194907 0.018750 0.025000
0 0.894271 0.034259 0.013542 0.022222
0 0.008333 0.727778 0.016667 0.020370
0 0.026042 0.700926 0.014583 0.025926
0 0.098698 0.325463 0.013021 0.025000
0 0.909896 0.034259 0.013542 0.025926
0 0.227344 0.146296 0.019271 0.025926
0 0.967708 0.146296 0.019792 0.022222
0 0.062500 0.221759 0.013542 0.023148
0 0.592187 0.980093 0.018750 0.030556
0 0.026042 0.273148 0.015625 0.025926
0 0.007812 0.325463 0.015625 0.023148
0 0.846875 0.199537 0.035417 0.028704
0 0.117969 0.326389 0.017188 0.023148
0 0.263021 0.146759 0.014583 0.026852
0 0.501042 0.977315 0.016667 0.025000
0 0.546615 0.977778 0.017188 0.025926
0 0.729948 0.088889 0.015104 0.024074
0 0.711979 0.088889 0.013542 0.022222
0 0.117188 0.248148 0.013542 0.025926
0 0.694792 0.089352 0.014583 0.021296
0 0.973698 0.033333 0.050521 0.025926
0 0.043750 0.584259 0.015625 0.022222
0 0.946354 0.146759 0.013542 0.021296
0 0.747656 0.088889 0.014063 0.022222
0 0.062500 0.299074 0.013542 0.024074
0 0.025781 0.299537 0.014063 0.025000
0 0.044271 0.353241 0.015625 0.026852
0 0.570052 0.978704 0.018229 0.027778
0 0.441927 0.064815 0.015104 0.024074
0 0.080729 0.700926 0.012500 0.024074
0 0.988021 0.010648 0.013542 0.021296
0 0.080469 0.325926 0.015104 0.025926
0 0.523958 0.977315 0.016667 0.025000
0 0.063021 0.727315 0.015625 0.021296
0 0.063281 0.700463 0.017188 0.025000
0 0.280469 0.146296 0.018229 0.025926
0 0.062240 0.325463 0.013021 0.025000
0 0.070312 0.904630 0.140625 0.025926
0 0.044010 0.610648 0.015104 0.023148
0 0.008073 0.663426 0.016146 0.030556
0 0.099219 0.701389 0.014063 0.023148
0 0.025000 0.248148 0.015625 0.024074
0 0.008073 0.247222 0.013021 0.024074
0 0.245312 0.145833 0.014583 0.026852
0 0.080729 0.247222 0.014583 0.024074
0 0.008594 0.221759 0.014063 0.025000
0 0.983073 0.081481 0.025521 0.062963
0 0.063281 0.247222 0.015104 0.024074
0 0.080469 0.610185 0.015104 0.022222
0 0.044271 0.700926 0.014583 0.025926
0 0.043750 0.247685 0.013542 0.023148
0 0.025521 0.636111 0.016667 0.024074
0 0.080729 0.299074 0.014583 0.024074
0 0.025781 0.609259 0.017188 0.020370
0 0.025781 0.325463 0.015104 0.023148
0 0.025781 0.662963 0.014063 0.029630
0 0.132812 0.147685 0.014583 0.025000
0 0.099479 0.300000 0.013542 0.024074
0 0.040885 0.083333 0.021354 0.061111
0 0.062500 0.662500 0.015625 0.028704
0 0.088542 0.082407 0.023958 0.061111
0 0.044271 0.298611 0.014583 0.025000
0 0.062240 0.610648 0.015104 0.021296
0 0.098437 0.247685 0.012500 0.025000
0 0.478385 0.146759 0.015104 0.021296
0 0.044010 0.273148 0.015104 0.024074
0 0.118229 0.300463 0.017708 0.025000
0 0.044531 0.727315 0.015104 0.021296
0 0.044010 0.325463 0.014063 0.025000
0 0.026042 0.727315 0.015625 0.021296
0 0.098958 0.609722 0.015625 0.025000
0 0.044271 0.662500 0.014583 0.028704
0 0.044010 0.636111 0.015104 0.025926
0 0.408333 0.976389 0.116667 0.034259
0 0.080469 0.636111 0.015104 0.025926
0 0.062500 0.272685 0.014583 0.025000
0 0.146615 0.193519 0.011979 0.022222
0 0.080469 0.727315 0.014063 0.023148
0 0.065104 0.082870 0.021875 0.060185
0 0.116927 0.274074 0.014063 0.022222
0 0.080469 0.272685 0.015104 0.025000
0 0.684115 0.062500 0.061979 0.026852
0 0.062240 0.636111 0.016146 0.025926
0 0.016667 0.081944 0.026042 0.062037
0 0.098698 0.273611 0.013021 0.025000
0 0.070573 0.831019 0.141146 0.026852
0 0.070573 0.804630 0.141146 0.027778
0 0.124479 0.560648 0.007292 0.017593
0 0.111198 0.089815 0.016146 0.027778
0 0.135156 0.560185 0.007812 0.016667
0 0.097396 0.147222 0.017708 0.025926
0 0.918750 0.063426 0.036458 0.025000
0 0.007552 0.194907 0.015104 0.025000
0 0.134635 0.172222 0.009896 0.020370
0 0.193750 0.212963 0.087500 0.018519
0 0.974219 0.172222 0.008854 0.014815
0 0.124740 0.172685 0.008854 0.017593
0 0.116667 0.636574 0.015625 0.025000
0 0.117188 0.584722 0.015625 0.021296
0 0.008333 0.298148 0.015625 0.027778
0 0.115104 0.173611 0.010417 0.017593
0 0.939323 0.008333 0.010937 0.016667
0 0.079948 0.194907 0.013021 0.023148
0 0.008333 0.273148 0.014583 0.024074
0 0.847656 0.373148 0.035937 0.016667
0 0.116406 0.609722 0.015104 0.023148
0 0.152083 0.146296 0.019792 0.024074
0 0.025260 0.222222 0.015104 0.024074
0 0.988802 0.145833 0.019271 0.023148
0 0.207813 0.145370 0.014583 0.025926
0 0.984375 0.171296 0.009375 0.016667
0 0.917708 0.200463 0.036458 0.025000
0 0.638542 0.980556 0.015625 0.027778
0 0.661458 0.980093 0.017708 0.026852
0 0.899740 0.976852 0.020313 0.025926
0 0.237240 0.033333 0.017188 0.020370
0 0.851302 0.320833 0.042188 0.015741
0 0.025521 0.257870 0.015625 0.043519
0 0.918750 0.976852 0.013542 0.025926
0 0.008333 0.584722 0.016667 0.025000
0 0.008073 0.610185 0.016146 0.022222
0 0.099219 0.221296 0.014063 0.022222
0 0.818750 0.174537 0.013542 0.021296
0 0.170833 0.145833 0.017708 0.025000
0 0.116927 0.221759 0.013021 0.023148
0 0.080469 0.662500 0.013021 0.028704
0 0.062500 0.195370 0.013542 0.024074
0 0.080469 0.584722 0.015104 0.021296
0 0.185938 0.172685 0.011458 0.019444
0 0.160938 0.172685 0.035417 0.019444
0 0.961458 0.010185 0.013542 0.020370
0 0.642188 0.089352 0.015625 0.025000
0 0.124740 0.756481 0.007812 0.016667
0 0.116406 0.194907 0.010937 0.023148
0 0.060677 0.146296 0.016146 0.025926
0 0.098958 0.584722 0.016667 0.021296
0 0.881250 0.199537 0.032292 0.028704
0 0.994792 0.172222 0.009375 0.016667
0 0.115104 0.561111 0.009375 0.018519
0 0.134896 0.757407 0.007292 0.016667
0 0.078646 0.146759 0.014583 0.025000
0 0.105990 0.756481 0.009896 0.018519
0 0.608594 0.076852 0.034896 0.055556
0 0.338542 0.977778 0.019792 0.027778
0 0.026042 0.145370 0.050000 0.027778
0 0.190104 0.145370 0.017708 0.025926
0 0.115365 0.756481 0.006771 0.016667
0 0.879687 0.976852 0.016667 0.027778
0 0.070052 0.857870 0.140104 0.026852
0 0.863021 0.978241 0.014583 0.028704
0 0.197396 0.173611 0.008333 0.019444
0 0.659115 0.089352 0.013021 0.021296
0 0.008073 0.700463 0.016146 0.026852
0 0.976990 0.977759 0.038833 0.028111
0 0.009172 0.032648 0.015104 0.020370
0 0.945792 0.977093 0.013542 0.025000
0 0.788802 0.064259 0.015104 0.019259
0 0.069635 0.926574 0.139271 0.012222
0 0.821615 0.065093 0.013021 0.020926
0 0.929151 0.091083 0.016667 0.028704
0 0.836693 0.064583 0.018281 0.021759
0 0.872135 0.637037 0.067187 0.014815
0 0.910271 0.091111 0.017708 0.027778
0 0.026547 0.033259 0.013781 0.018519
0 0.914844 0.917593 0.170313 0.024074
0 0.181688 0.862426 0.046458 0.074074
0 0.027385 0.196407 0.017417 0.025926
0 0.965609 0.171759 0.008198 0.015741
0 0.043841 0.194222 0.015443 0.025000
0 0.643250 0.063463 0.019792 0.023148
0 0.733573 0.062278 0.035417 0.025926
0 0.397474 0.144907 0.144635 0.025000
0 0.111510 0.063426 0.019896 0.021296
0 0.509974 0.088426 0.152240 0.025000
0 0.272969 0.089815 0.020938 0.024074
0 0.788719 0.088537 0.016146 0.021630
0 0.953906 0.078611 0.021354 0.055370
0 0.772396 0.065694 0.016667 0.020278
0 0.858958 0.081481 0.024792 0.050000
0 0.883708 0.082537 0.023958 0.054630
0 0.820792 0.089014 0.013542 0.023454
0 0.517813 0.064722 0.135625 0.022407
0 0.189648 0.088718 0.135495 0.025898
0 0.805990 0.065648 0.017188 0.022037
0 0.932161 0.034259 0.019531 0.024074
0 0.356596 0.089903 0.143786 0.027417
0 0.189935 0.063144 0.133464 0.023509
0 0.272865 0.065278 0.020729 0.025000
0 0.355797 0.062495 0.143406 0.025731
0 0.914701 0.550352 0.168859 0.016889
0 0.914120 0.568245 0.168865 0.016880
0 0.914508 0.583727 0.168859 0.016880
0 0.914701 0.601625 0.168859 0.016880
0 0.848883 0.619949 0.034484 0.013546
0 0.837888 0.659269 0.014495 0.021111
0 0.838763 0.680375 0.015245 0.018880
0 0.839143 0.724921 0.022026 0.023028
0 0.925807 0.654625 0.148385 0.016880
0 0.925430 0.672481 0.149141 0.016889
0 0.925375 0.690917 0.149250 0.016889
0 0.925591 0.707810 0.148818 0.016880
0 0.931818 0.976940 0.010625 0.019102
0 0.915042 0.496315 0.168865 0.016889
0 0.915328 0.513741 0.168865 0.016889
0 0.914703 0.531968 0.168865 0.016880
0 0.046833 0.034296 0.015063 0.016981
0 0.070297 0.033681 0.021823 0.018472
0 0.096758 0.033060 0.020922 0.015250
0 0.120000 0.033421 0.016125 0.016324
0 0.139932 0.032625 0.017021 0.021102
0 0.160984 0.031630 0.019260 0.019907
0 0.186516 0.034218 0.025979 0.023491
0 0.214172 0.033222 0.022615 0.019111
0 0.771875 0.088454 0.013875 0.020796
0 0.804872 0.089894 0.014036 0.022528
0 0.914687 0.250968 0.168865 0.016880
0 0.914544 0.267931 0.168859 0.016880
0 0.914010 0.286120 0.168865 0.016889
0 0.914734 0.304370 0.168865 0.016889
0 0.920130 0.337333 0.159740 0.016889
0 0.920070 0.390991 0.159859 0.016889
0 0.919820 0.408097 0.160359 0.016880
0 0.919695 0.425199 0.160609 0.016880
0 0.919805 0.443671 0.160391 0.016880
0 0.919732 0.461153 0.160536 0.016880
