0 0.919010 0.976852 0.013021 0.025926
0 0.040885 0.083333 0.021354 0.061111
0 0.099479 0.300000 0.013542 0.024074
0 0.044271 0.298611 0.014583 0.025000
0 0.062500 0.662500 0.015625 0.028704
0 0.166901 0.172222 0.047344 0.020370
0 0.080469 0.584722 0.015104 0.021296
0 0.044531 0.727315 0.015104 0.021296
0 0.642188 0.089352 0.015625 0.025000
0 0.118229 0.300463 0.017708 0.025000
0 0.116406 0.194907 0.010937 0.023148
0 0.994792 0.172222 0.009375 0.016667
0 0.062240 0.610648 0.015104 0.021296
0 0.134896 0.756944 0.007292 0.017593
0 0.044010 0.636111 0.015104 0.025926
0 0.098437 0.247685 0.012500 0.025000
0 0.044010 0.273148 0.015104 0.024074
0 0.881250 0.199537 0.032292 0.028704
0 0.105990 0.756481 0.009896 0.018519
0 0.044271 0.662500 0.014583 0.028704
0 0.044010 0.325000 0.014063 0.024074
0 0.065104 0.083333 0.021875 0.061111
0 0.080469 0.636111 0.015104 0.025926
0 0.080469 0.727315 0.014063 0.023148
0 0.098958 0.585185 0.016667 0.022222
0 0.115104 0.561111 0.009375 0.018519
0 0.078646 0.146759 0.014583 0.025000
0 0.965625 0.172222 0.011458 0.016667
0 0.190104 0.145833 0.017708 0.026852
0 0.338542 0.977778 0.019792 0.027778
0 0.879687 0.976852 0.016667 0.027778
0 0.115365 0.756481 0.006771 0.016667
0 0.025781 0.609259 0.017188 0.020370
0 0.863021 0.977778 0.014583 0.029630
0 0.115104 0.173148 0.010417 0.018519
0 0.070052 0.857870 0.140104 0.026852
0 0.984375 0.171296 0.009375 0.016667
0 0.608594 0.077315 0.034896 0.054630
0 0.026042 0.145370 0.050000 0.027778
0 0.124740 0.756481 0.007812 0.016667
0 0.961719 0.010185 0.014063 0.020370
0 0.818750 0.174537 0.013542 0.021296
0 0.197396 0.173611 0.008333 0.019444
0 0.124479 0.560648 0.007292 0.017593
0 0.060677 0.146296 0.016146 0.025926
0 0.134635 0.172222 0.009896 0.020370
0 0.135156 0.560185 0.007812 0.016667
0 0.124740 0.172685 0.008854 0.017593
0 0.193750 0.212963 0.087500 0.018519
0 0.939323 0.008333 0.010937 0.016667
0 0.847917 0.373148 0.036458 0.016667
0 0.899479 0.976852 0.019792 0.025926
0 0.009896 0.805093 0.010417 0.019444
0 0.008594 0.805556 0.014063 0.022222
0 0.008333 0.584722 0.016667 0.025000
0 0.237240 0.033333 0.017188 0.020370
0 0.080469 0.272685 0.015104 0.025000
0 0.116927 0.274074 0.014063 0.022222
0 0.062240 0.636111 0.016146 0.025926
0 0.070312 0.804630 0.140625 0.027778
0 0.070312 0.831019 0.140625 0.026852
0 0.098698 0.273611 0.013021 0.025000
0 0.016667 0.081944 0.026042 0.062037
0 0.477865 0.977315 0.017188 0.026852
0 0.694792 0.088889 0.014583 0.020370
0 0.007812 0.325463 0.015625 0.023148
0 0.846875 0.199537 0.035417 0.028704
0 0.062500 0.221759 0.013542 0.023148
0 0.909896 0.034259 0.013542 0.025926
0 0.227344 0.146296 0.019271 0.025926
0 0.967708 0.146296 0.019792 0.022222
0 0.098698 0.325463 0.013021 0.025000
0 0.026042 0.700463 0.014583 0.026852
0 0.008333 0.727778 0.016667 0.020370
0 0.100000 0.194907 0.018750 0.025000
0 0.894271 0.034259 0.013542 0.022222
0 0.117188 0.701389 0.014583 0.023148
0 0.008073 0.351852 0.015104 0.024074
0 0.263021 0.146759 0.014583 0.026852
0 0.114844 0.147685 0.014063 0.025000
0 0.676562 0.088426 0.012500 0.021296
0 0.044010 0.222222 0.013021 0.022222
0 0.946354 0.146296 0.013542 0.022222
0 0.616146 0.980093 0.019792 0.030556
0 0.729948 0.088426 0.015104 0.023148
0 0.117969 0.326389 0.017188 0.023148
0 0.025521 0.352315 0.014583 0.025000
0 0.080469 0.221759 0.013021 0.023148
0 0.026042 0.273148 0.015625 0.025926
0 0.711979 0.088889 0.013542 0.022222
0 0.592448 0.979630 0.018229 0.031481
0 0.298438 0.146296 0.015625 0.025926
0 0.043750 0.584259 0.015625 0.022222
0 0.659115 0.089352 0.013021 0.021296
0 0.008073 0.700463 0.016146 0.026852
0 0.117188 0.248148 0.013542 0.025926
0 0.061719 0.584259 0.015104 0.022222
0 0.747656 0.088889 0.014063 0.022222
0 0.441927 0.064815 0.015104 0.024074
0 0.025781 0.584259 0.016146 0.024074
0 0.025781 0.299537 0.014063 0.025000
0 0.098958 0.636111 0.015625 0.025926
0 0.008594 0.635648 0.014063 0.025000
0 0.116406 0.636574 0.015104 0.025000
0 0.132812 0.147685 0.014583 0.025000
0 0.062500 0.299074 0.013542 0.024074
0 0.080729 0.700926 0.012500 0.024074
0 0.026042 0.727315 0.015625 0.021296
0 0.044271 0.352778 0.015625 0.025926
0 0.988021 0.010648 0.013542 0.021296
0 0.098958 0.609722 0.015625 0.025000
0 0.097396 0.147222 0.017708 0.025926
0 0.973698 0.033333 0.050521 0.025926
0 0.316406 0.146296 0.016146 0.024074
0 0.501042 0.976852 0.016667 0.024074
0 0.546875 0.977778 0.016667 0.025926
0 0.007552 0.194907 0.015104 0.025000
0 0.063021 0.727315 0.015625 0.021296
0 0.008333 0.298148 0.015625 0.027778
0 0.079948 0.194907 0.013021 0.023148
0 0.117188 0.584722 0.015625 0.021296
0 0.008333 0.273148 0.014583 0.024074
0 0.025260 0.222222 0.015104 0.024074
0 0.080469 0.325926 0.015104 0.025926
0 0.008073 0.663426 0.016146 0.030556
0 0.063281 0.700463 0.017188 0.025000
0 0.570052 0.978704 0.018229 0.027778
0 0.280469 0.145833 0.018229 0.026852
0 0.044010 0.610648 0.015104 0.023148
0 0.099219 0.701389 0.014063 0.023148
0 0.116406 0.609722 0.015104 0.023148
0 0.638542 0.980556 0.015625 0.025926
0 0.988802 0.145833 0.019271 0.023148
0 0.062240 0.325463 0.013021 0.025000
0 0.152083 0.146296 0.019792 0.024074
0 0.245833 0.145833 0.014583 0.026852
0 0.008594 0.221759 0.014063 0.025000
0 0.523958 0.977315 0.016667 0.025000
0 0.661198 0.980093 0.017188 0.026852
0 0.080729 0.247222 0.014583 0.024074
0 0.099219 0.221296 0.014063 0.022222
0 0.207813 0.145370 0.014583 0.025926
0 0.080469 0.610185 0.015104 0.022222
0 0.025521 0.636111 0.016667 0.024074
0 0.044271 0.700926 0.014583 0.025926
0 0.917708 0.200463 0.036458 0.025000
0 0.983073 0.081481 0.025521 0.062963
0 0.008073 0.610185 0.016146 0.022222
0 0.080729 0.299074 0.014583 0.024074
0 0.025521 0.325463 0.015625 0.023148
0 0.043750 0.247685 0.013542 0.023148
0 0.170833 0.145833 0.017708 0.025000
0 0.116927 0.221759 0.013021 0.023148
0 0.408333 0.976389 0.116667 0.034259
0 0.088542 0.082407 0.023958 0.061111
0 0.025781 0.662963 0.014063 0.029630
0 0.062500 0.195370 0.013542 0.024074
0 0.080469 0.662500 0.013021 0.028704
0 0.063008 0.274542 0.013182 0.020713
0 0.356568 0.062981 0.144896 0.023333
0 0.684187 0.063722 0.060052 0.023796
0 0.273047 0.065278 0.021094 0.025000
0 0.356865 0.088755 0.145750 0.024917
0 0.189753 0.064444 0.135078 0.022963
0 0.932969 0.034259 0.021146 0.024074
0 0.805990 0.065185 0.017188 0.021111
0 0.064062 0.248148 0.016667 0.025926
0 0.189927 0.087963 0.137500 0.025926
0 0.821354 0.089606 0.013542 0.024676
0 0.027422 0.247222 0.015625 0.024074
0 0.009375 0.247685 0.016667 0.025000
0 0.520297 0.061954 0.137500 0.026852
0 0.884448 0.079694 0.023958 0.054630
0 0.772396 0.065648 0.016667 0.022037
0 0.838117 0.682287 0.015016 0.022278
0 0.858844 0.078861 0.026562 0.050926
0 0.954167 0.079815 0.021875 0.057778
0 0.789188 0.089681 0.016146 0.026194
0 0.510286 0.088426 0.152865 0.025000
0 0.274036 0.089815 0.023073 0.024074
0 0.111974 0.061583 0.018750 0.021296
0 0.398385 0.144907 0.142813 0.025000
0 0.046549 0.033551 0.016859 0.021583
0 0.731250 0.063426 0.036458 0.025000
0 0.045734 0.195213 0.017188 0.025000
0 0.643880 0.062972 0.019792 0.023148
0 0.026823 0.195370 0.018229 0.025926
0 0.180870 0.863282 0.044635 0.076380
0 0.915104 0.917593 0.169792 0.024074
0 0.070312 0.905500 0.140625 0.026852
0 0.111641 0.090111 0.015313 0.029074
0 0.010169 0.033361 0.013620 0.017593
0 0.910411 0.089796 0.017708 0.027778
0 0.837958 0.659366 0.015104 0.019880
0 0.840263 0.725611 0.018432 0.016037
0 0.871786 0.636630 0.065000 0.014815
0 0.944714 0.976852 0.012656 0.025926
0 0.928771 0.090722 0.017188 0.028704
0 0.821615 0.064074 0.013021 0.018889
0 0.975594 0.171426 0.008333 0.014815
0 0.918620 0.064120 0.035156 0.022685
0 0.788802 0.064537 0.015104 0.019815
0 0.837500 0.064769 0.016667 0.023981
0 0.027828 0.033370 0.015104 0.020370
0 0.975430 0.976843 0.037995 0.028500
0 0.932839 0.977639 0.010990 0.024444
0 0.913672 0.250000 0.171094 0.018519
0 0.478385 0.146759 0.015104 0.021296
0 0.070297 0.034801 0.024031 0.022435
0 0.097872 0.034491 0.023859 0.021815
0 0.120260 0.033417 0.016427 0.019667
0 0.141008 0.033722 0.019536 0.021519
0 0.161234 0.033417 0.016427 0.017833
0 0.186995 0.032954 0.027490 0.019981
0 0.214456 0.033644 0.021047 0.018602
0 0.771802 0.089287 0.016396 0.022463
0 0.805711 0.089884 0.015339 0.023324
0 0.914516 0.267648 0.170969 0.018519
0 0.912703 0.286213 0.171094 0.018519
0 0.913505 0.303352 0.171094 0.018519
0 0.920005 0.338111 0.159990 0.018519
0 0.850747 0.320403 0.043203 0.014935
0 0.918766 0.390620 0.162469 0.018519
0 0.918466 0.409472 0.163068 0.018519
0 0.918966 0.425472 0.162068 0.018519
0 0.919167 0.443250 0.161667 0.018519
0 0.919266 0.461389 0.161469 0.018519
0 0.914628 0.497009 0.169505 0.017167
0 0.913151 0.514657 0.169510 0.017167
0 0.913685 0.532269 0.169505 0.017167
0 0.914758 0.549407 0.169505 0.017167
0 0.913930 0.567019 0.167318 0.017167
0 0.913932 0.584634 0.165177 0.017176
0 0.914466 0.602722 0.168391 0.017167
0 0.847794 0.619940 0.037724 0.014398
0 0.925281 0.655981 0.149438 0.017167
0 0.924982 0.673051 0.150036 0.017176
0 0.925182 0.689769 0.149635 0.017167
0 0.924583 0.706481 0.150833 0.017167
0 0.070406 0.927083 0.140813 0.015222
