0 0.117188 0.584722 0.015625 0.021296
0 0.079948 0.194907 0.013021 0.023148
0 0.152083 0.146296 0.019792 0.024074
0 0.114844 0.147685 0.014063 0.025000
0 0.615885 0.980093 0.020313 0.030556
0 0.988802 0.145833 0.019271 0.023148
0 0.116406 0.609722 0.015104 0.023148
0 0.008333 0.273148 0.014583 0.024074
0 0.025260 0.222222 0.015104 0.024074
0 0.638542 0.980093 0.015625 0.026852
0 0.661198 0.980093 0.017188 0.026852
0 0.207813 0.145370 0.014583 0.025926
0 0.298438 0.146296 0.015625 0.025926
0 0.917708 0.200463 0.036458 0.025000
0 0.008073 0.610185 0.016146 0.022222
0 0.008333 0.584722 0.016667 0.025000
0 0.098958 0.221296 0.014583 0.022222
0 0.170833 0.145833 0.017708 0.025000
0 0.116927 0.221759 0.013021 0.023148
0 0.080469 0.584722 0.015104 0.021296
0 0.062500 0.195370 0.013542 0.024074
0 0.116406 0.194907 0.010937 0.023148
0 0.080469 0.662500 0.013021 0.028704
0 0.117188 0.701389 0.014583 0.023148
0 0.642188 0.088426 0.015625 0.026852
0 0.881250 0.199537 0.032292 0.028704
0 0.994792 0.172222 0.009375 0.016667
0 0.608594 0.076852 0.034896 0.055556
0 0.134896 0.757407 0.007292 0.016667
0 0.008073 0.352315 0.015104 0.023148
0 0.098958 0.585185 0.016667 0.022222
0 0.115104 0.561111 0.009375 0.018519
0 0.078646 0.146759 0.014583 0.025000
0 0.190104 0.146296 0.017708 0.025926
0 0.676562 0.088426 0.012500 0.021296
0 0.894271 0.034259 0.013542 0.022222
0 0.105990 0.756481 0.009896 0.018519
0 0.338542 0.977778 0.019792 0.027778
0 0.879687 0.976852 0.016667 0.027778
0 0.115365 0.756481 0.006771 0.016667
0 0.026042 0.700926 0.014583 0.025926
0 0.863021 0.977778 0.014583 0.029630
0 0.070312 0.905556 0.140625 0.027778
0 0.070052 0.857870 0.140104 0.026852
0 0.025781 0.609259 0.017188 0.020370
0 0.115104 0.173611 0.010417 0.017593
0 0.984375 0.171296 0.009375 0.016667
0 0.008333 0.727778 0.016667 0.020370
0 0.026042 0.273148 0.015625 0.025926
0 0.993229 0.444444 0.012500 0.020370
0 0.477865 0.977778 0.017188 0.027778
0 0.818750 0.174074 0.013542 0.022222
0 0.197396 0.173611 0.008333 0.019444
0 0.961458 0.010185 0.014583 0.020370
0 0.007812 0.325463 0.015625 0.023148
0 0.124740 0.756481 0.007812 0.016667
0 0.026042 0.145370 0.050000 0.027778
0 0.909896 0.034259 0.013542 0.025926
0 0.967708 0.146296 0.019792 0.022222
0 0.060677 0.146296 0.016146 0.025926
0 0.062500 0.221759 0.013542 0.023148
0 0.227344 0.146296 0.019271 0.025926
0 0.080469 0.325926 0.015104 0.025926
0 0.044271 0.353241 0.015625 0.026852
0 0.846875 0.199537 0.035417 0.028704
0 0.124479 0.560648 0.007292 0.017593
0 0.135156 0.560185 0.007812 0.016667
0 0.134635 0.172222 0.009896 0.020370
0 0.993490 0.407870 0.010937 0.019444
0 0.117969 0.326389 0.017188 0.023148
0 0.694792 0.089352 0.014583 0.021296
0 0.711979 0.088889 0.013542 0.022222
0 0.263021 0.146759 0.014583 0.026852
0 0.062500 0.299074 0.013542 0.024074
0 0.124740 0.172685 0.008854 0.017593
0 0.847656 0.373148 0.035937 0.016667
0 0.729948 0.088889 0.015104 0.024074
0 0.973698 0.033333 0.050521 0.025926
0 0.117448 0.248148 0.014063 0.025926
0 0.043750 0.584259 0.015625 0.022222
0 0.939323 0.008333 0.010937 0.016667
0 0.899740 0.976852 0.020313 0.025926
0 0.747656 0.088889 0.014063 0.022222
0 0.237240 0.033333 0.017188 0.020370
0 0.025521 0.257407 0.015625 0.044444
0 0.946354 0.146759 0.013542 0.021296
0 0.441927 0.064815 0.015104 0.024074
0 0.025781 0.299537 0.014063 0.025000
0 0.501042 0.976852 0.016667 0.024074
0 0.592448 0.979630 0.018229 0.031481
0 0.062240 0.325463 0.013021 0.025000
0 0.988281 0.010648 0.014063 0.021296
0 0.063021 0.727315 0.015625 0.021296
0 0.080729 0.700926 0.012500 0.024074
0 0.546615 0.977778 0.017188 0.025926
0 0.008073 0.663426 0.016146 0.030556
0 0.883333 0.082870 0.023958 0.054630
0 0.570052 0.978704 0.018229 0.027778
0 0.063281 0.700463 0.017188 0.025000
0 0.025000 0.248148 0.015625 0.024074
0 0.280469 0.145833 0.018229 0.026852
0 0.099219 0.701389 0.014063 0.023148
0 0.098437 0.247685 0.012500 0.025000
0 0.044010 0.610648 0.015104 0.023148
0 0.008073 0.247222 0.013021 0.024074
0 0.008594 0.221759 0.014063 0.025000
0 0.523958 0.977315 0.016667 0.025000
0 0.245573 0.145833 0.014063 0.026852
0 0.189062 0.087963 0.137500 0.025926
0 0.080729 0.247222 0.014583 0.024074
0 0.983073 0.081944 0.025521 0.063889
0 0.063281 0.247222 0.015104 0.024074
0 0.080729 0.299074 0.014583 0.024074
0 0.080469 0.610648 0.015104 0.023148
0 0.043750 0.247685 0.013542 0.023148
0 0.044271 0.700926 0.014583 0.025926
0 0.025781 0.662963 0.014063 0.029630
0 0.025781 0.325463 0.015104 0.023148
0 0.025521 0.636111 0.016667 0.024074
0 0.408333 0.976389 0.116667 0.034259
0 0.099479 0.300000 0.013542 0.024074
0 0.062500 0.662500 0.015625 0.028704
0 0.040885 0.083333 0.021354 0.061111
0 0.088542 0.082407 0.023958 0.061111
0 0.044531 0.727315 0.015104 0.021296
0 0.044010 0.273148 0.015104 0.024074
0 0.044271 0.298611 0.014583 0.025000
0 0.118229 0.300463 0.017708 0.025000
0 0.166563 0.172685 0.046667 0.019444
0 0.070573 0.804630 0.141146 0.027778
0 0.070573 0.831019 0.141146 0.026852
0 0.098698 0.273611 0.013021 0.025000
0 0.016667 0.081944 0.026042 0.062037
0 0.062240 0.636111 0.016146 0.025926
0 0.080469 0.272685 0.015104 0.025000
0 0.116927 0.274074 0.014063 0.022222
0 0.062500 0.272685 0.014583 0.025000
0 0.065104 0.082870 0.021875 0.060185
0 0.080469 0.727315 0.014063 0.023148
0 0.080469 0.636111 0.015104 0.025926
0 0.044010 0.636111 0.015104 0.025926
0 0.189062 0.062500 0.137500 0.026852
0 0.478385 0.146759 0.015104 0.021296
0 0.044010 0.325463 0.014063 0.025000
0 0.062500 0.610648 0.014583 0.021296
0 0.044010 0.662500 0.014063 0.028704
0 0.061719 0.583796 0.015104 0.021296
0 0.659115 0.089352 0.013021 0.021296
0 0.316406 0.146296 0.016146 0.024074
0 0.008594 0.635648 0.014063 0.025000
0 0.116667 0.636574 0.015625 0.025000
0 0.008073 0.700463 0.016146 0.026852
0 0.110937 0.063426 0.018750 0.021296
0 0.025521 0.352315 0.014583 0.026852
0 0.026042 0.727315 0.015625 0.021296
0 0.097396 0.147222 0.017708 0.025926
0 0.098958 0.609722 0.015625 0.025000
0 0.080469 0.221759 0.013021 0.023148
0 0.025781 0.584259 0.016146 0.024074
0 0.111198 0.089815 0.016146 0.027778
0 0.132812 0.147685 0.014583 0.025000
0 0.098698 0.325463 0.013021 0.025000
0 0.098958 0.636111 0.015625 0.025926
0 0.918490 0.063426 0.036979 0.025000
0 0.007552 0.194907 0.015104 0.025000
0 0.044010 0.222222 0.013021 0.022222
0 0.008333 0.298148 0.015625 0.027778
0 0.859271 0.081481 0.024167 0.050000
0 0.355672 0.063801 0.145948 0.023528
0 0.683297 0.062500 0.061979 0.026852
0 0.272917 0.065278 0.018229 0.025000
0 0.934375 0.034259 0.023958 0.024074
0 0.355328 0.089051 0.146948 0.027083
0 0.805990 0.065787 0.017188 0.022315
0 0.820922 0.090329 0.013542 0.023787
0 0.518651 0.064444 0.134052 0.022963
0 0.772396 0.068611 0.016667 0.026111
0 0.954115 0.079444 0.021771 0.057037
0 0.788802 0.064907 0.016146 0.020556
0 0.099740 0.196287 0.019271 0.025000
0 0.508724 0.088426 0.149740 0.025000
0 0.271927 0.089815 0.018854 0.024074
0 0.399323 0.144907 0.140938 0.025000
0 0.643536 0.063009 0.019792 0.023148
0 0.732430 0.061731 0.034443 0.025926
0 0.044906 0.194907 0.017188 0.025000
0 0.964625 0.172426 0.010500 0.015741
0 0.026797 0.195370 0.018177 0.025926
0 0.181167 0.864657 0.044271 0.070685
0 0.010214 0.033648 0.015406 0.018519
0 0.847940 0.620583 0.036724 0.014815
0 0.914661 0.917593 0.170677 0.024074
0 0.910620 0.091565 0.017708 0.027778
0 0.928849 0.091000 0.016667 0.028704
0 0.821615 0.064491 0.013021 0.019722
0 0.975094 0.172000 0.008854 0.014815
0 0.194974 0.212694 0.085677 0.016667
0 0.837656 0.065139 0.016354 0.022870
0 0.975237 0.976574 0.037964 0.028333
0 0.919453 0.976852 0.014948 0.027778
0 0.916484 0.338426 0.165260 0.017593
0 0.027792 0.034870 0.015104 0.020370
0 0.047438 0.033157 0.015615 0.015167
0 0.071237 0.033620 0.025016 0.016704
0 0.097622 0.032981 0.024005 0.017481
0 0.119961 0.032722 0.016630 0.017481
0 0.140867 0.033213 0.017495 0.017481
0 0.161036 0.033093 0.014750 0.016685
0 0.186773 0.033981 0.027182 0.019019
0 0.214164 0.032208 0.022620 0.019991
0 0.771797 0.091616 0.013177 0.018620
0 0.787458 0.091523 0.017281 0.019583
0 0.804573 0.089602 0.016740 0.020352
0 0.914669 0.251190 0.168859 0.016880
0 0.914089 0.268394 0.168865 0.016880
0 0.913508 0.286287 0.168859 0.016889
0 0.914089 0.303148 0.168865 0.016889
0 0.851906 0.320472 0.042073 0.014648
0 0.919857 0.390310 0.160286 0.016880
0 0.919669 0.407866 0.160661 0.016880
0 0.919919 0.424745 0.160161 0.016880
0 0.919669 0.442963 0.160661 0.016889
0 0.919607 0.460514 0.160786 0.016880
0 0.914570 0.496417 0.168859 0.016889
0 0.914737 0.514264 0.168859 0.016880
0 0.915070 0.530917 0.168859 0.016889
0 0.914737 0.548759 0.168859 0.016889
0 0.914068 0.567199 0.168865 0.016880
0 0.914404 0.584148 0.168859 0.016889
0 0.914404 0.601995 0.168859 0.016880
0 0.871948 0.637852 0.065229 0.013333
0 0.838167 0.659222 0.011510 0.020889
0 0.838799 0.680773 0.014995 0.019546
0 0.840167 0.714764 0.018510 0.031546
0 0.925786 0.655171 0.148427 0.016880
0 0.925677 0.672069 0.148646 0.016880
0 0.925570 0.689731 0.148859 0.016889
0 0.925786 0.707588 0.148427 0.016880
0 0.944888 0.975704 0.012422 0.019778
0 0.932253 0.976370 0.009182 0.019963
0 0.070221 0.925815 0.139516 0.011296
