0 0.953906 0.080417 0.021354 0.058981
0 0.772396 0.067593 0.016667 0.025926
0 0.859531 0.081944 0.023646 0.050926
0 0.272734 0.089815 0.020469 0.024074
0 0.442276 0.062343 0.015104 0.024074
0 0.884005 0.082870 0.023958 0.054630
0 0.081984 0.247222 0.014583 0.024074
0 0.821578 0.090278 0.013542 0.025741
0 0.064036 0.247546 0.016615 0.024722
0 0.190318 0.087296 0.137500 0.025926
0 0.805990 0.065787 0.017188 0.022315
0 0.356089 0.087481 0.145844 0.026259
0 0.933542 0.033796 0.022292 0.025000
0 0.190818 0.062056 0.137500 0.026852
0 0.273177 0.065278 0.021354 0.025000
0 0.356768 0.063426 0.143026 0.026852
0 0.070495 0.925940 0.140990 0.015343
0 0.974667 0.172222 0.008854 0.014815
0 0.788802 0.064907 0.015104 0.020556
0 0.916667 0.338426 0.166667 0.017593
0 0.026786 0.032639 0.015104 0.020370
0 0.978346 0.977981 0.039453 0.031148
0 0.913568 0.250000 0.170885 0.018519
0 0.805049 0.090620 0.014609 0.022778
0 0.772310 0.090894 0.014797 0.017843
0 0.913943 0.303685 0.172115 0.017167
0 0.913943 0.286972 0.172115 0.017167
0 0.913336 0.269028 0.169505 0.017167
0 0.919414 0.461093 0.161172 0.017167
0 0.919414 0.444620 0.161172 0.017167
0 0.919617 0.426713 0.160766 0.017167
0 0.920018 0.409528 0.159964 0.017167
0 0.919818 0.391620 0.160365 0.017167
0 0.913568 0.531815 0.169510 0.017167
0 0.913268 0.514157 0.169505 0.017167
0 0.915310 0.496505 0.169380 0.017176
0 0.915461 0.601889 0.169078 0.017167
0 0.916063 0.583167 0.167875 0.017167
0 0.915310 0.566583 0.169380 0.017167
0 0.915310 0.548398 0.169380 0.017167
0 0.924938 0.706542 0.150125 0.017176
0 0.924938 0.688972 0.150125 0.017167
0 0.924547 0.672324 0.150906 0.017167
0 0.924938 0.655685 0.150125 0.017167
0 0.840346 0.716458 0.019505 0.033750
0 0.838526 0.680167 0.016385 0.017574
0 0.838005 0.659593 0.014302 0.018037
0 0.847500 0.620523 0.036927 0.012954
0 0.931693 0.975657 0.009521 0.021759
0 0.214383 0.033116 0.018432 0.021176
0 0.187073 0.032917 0.027646 0.021574
0 0.160888 0.032116 0.018432 0.019176
0 0.140362 0.031574 0.020151 0.020296
0 0.119289 0.032468 0.014609 0.020898
0 0.097630 0.031870 0.023344 0.017907
0 0.070682 0.033213 0.023167 0.021185
0 0.046672 0.033662 0.017125 0.020898
0 0.944786 0.976389 0.014063 0.026852
0 0.928385 0.091898 0.017188 0.030556
0 0.166042 0.172222 0.045625 0.020370
0 0.837839 0.064167 0.017344 0.022778
0 0.821615 0.064769 0.013021 0.020278
0 0.910120 0.091157 0.017708 0.027778
0 0.871458 0.637037 0.065833 0.014815
0 0.009115 0.032398 0.013958 0.018519
0 0.070161 0.905704 0.140323 0.025926
0 0.026797 0.195509 0.018177 0.026204
0 0.914479 0.918056 0.171042 0.023148
0 0.964766 0.171944 0.009740 0.015370
0 0.181177 0.863861 0.045885 0.076574
0 0.044841 0.194907 0.015422 0.025000
0 0.110948 0.091380 0.016146 0.027778
0 0.111823 0.063426 0.020521 0.021296
0 0.397526 0.144907 0.144531 0.025000
0 0.511693 0.087963 0.152656 0.027778
0 0.789026 0.089750 0.016146 0.020685
0 0.207813 0.145370 0.015625 0.025926
0 0.070573 0.831019 0.141146 0.026852
0 0.070573 0.804630 0.141146 0.027778
0 0.098698 0.273611 0.013021 0.025000
0 0.016667 0.081944 0.026042 0.062037
0 0.080469 0.272685 0.015104 0.025000
0 0.917708 0.200463 0.036458 0.025000
0 0.062240 0.636111 0.016146 0.025926
0 0.879948 0.977315 0.014063 0.026852
0 0.684115 0.062500 0.061979 0.026852
0 0.080469 0.325926 0.015104 0.025926
0 0.062240 0.325463 0.013021 0.025000
0 0.116927 0.274074 0.014063 0.022222
0 0.065104 0.082870 0.021875 0.060185
0 0.062500 0.272685 0.014583 0.025000
0 0.080469 0.727315 0.014063 0.023148
0 0.080469 0.636111 0.015104 0.025926
0 0.088542 0.082407 0.023958 0.061111
0 0.118229 0.300463 0.017708 0.025000
0 0.063021 0.727315 0.015625 0.021296
0 0.008333 0.584259 0.016667 0.025926
0 0.044010 0.325463 0.014063 0.025000
0 0.099219 0.221296 0.014063 0.022222
0 0.170833 0.145833 0.017708 0.025000
0 0.988281 0.010648 0.014063 0.021296
0 0.044010 0.636111 0.015104 0.025926
0 0.396615 0.976389 0.117188 0.034259
0 0.478385 0.146759 0.015104 0.021296
0 0.008073 0.609722 0.016146 0.023148
0 0.044010 0.662500 0.014063 0.028704
0 0.116927 0.221759 0.013021 0.023148
0 0.731250 0.062963 0.035417 0.025926
0 0.062500 0.610648 0.014583 0.021296
0 0.080729 0.700926 0.012500 0.024074
0 0.946354 0.146759 0.013542 0.023148
0 0.846354 0.977778 0.014583 0.025926
0 0.080469 0.584722 0.015104 0.021296
0 0.062500 0.195370 0.013542 0.024074
0 0.643750 0.064352 0.019792 0.023148
0 0.116406 0.194907 0.010937 0.023148
0 0.642188 0.088889 0.015625 0.025926
0 0.080469 0.662500 0.013021 0.028704
0 0.044010 0.273148 0.015104 0.024074
0 0.134896 0.756944 0.007292 0.017593
0 0.608594 0.076852 0.034896 0.055556
0 0.994792 0.172222 0.009375 0.016667
0 0.881250 0.199537 0.032292 0.028704
0 0.115104 0.561111 0.009375 0.018519
0 0.098958 0.585185 0.016667 0.022222
0 0.105990 0.756481 0.009896 0.018519
0 0.044531 0.727315 0.015104 0.021296
0 0.098437 0.247685 0.012500 0.025000
0 0.863021 0.977315 0.015625 0.026852
0 0.044271 0.298611 0.014583 0.025000
0 0.078646 0.146759 0.014583 0.025000
0 0.040885 0.083333 0.021354 0.061111
0 0.580729 0.979167 0.018750 0.030556
0 0.099479 0.300000 0.013542 0.024074
0 0.190104 0.145833 0.017708 0.026852
0 0.025781 0.299537 0.014063 0.025000
0 0.519010 0.062500 0.138021 0.026852
0 0.115365 0.756481 0.006771 0.016667
0 0.070052 0.857870 0.140104 0.026852
0 0.025781 0.609259 0.017188 0.020370
0 0.114844 0.173611 0.010937 0.017593
0 0.117448 0.248148 0.014063 0.025926
0 0.984375 0.171296 0.009375 0.016667
0 0.044271 0.352778 0.015625 0.025926
0 0.747656 0.088889 0.014063 0.022222
0 0.062500 0.299074 0.013542 0.024074
0 0.062500 0.662500 0.015625 0.028704
0 0.818750 0.174537 0.013542 0.021296
0 0.729948 0.088889 0.015104 0.024074
0 0.694792 0.089352 0.014583 0.021296
0 0.973698 0.033333 0.050521 0.025926
0 0.080729 0.299074 0.014583 0.024074
0 0.043750 0.584259 0.015625 0.022222
0 0.711979 0.088889 0.013542 0.022222
0 0.117969 0.326389 0.017188 0.023148
0 0.604167 0.979630 0.020833 0.031481
0 0.124740 0.756481 0.007812 0.016667
0 0.025781 0.662963 0.014063 0.029630
0 0.909896 0.034259 0.013542 0.025926
0 0.026042 0.145370 0.050000 0.027778
0 0.961458 0.010185 0.013542 0.020370
0 0.025781 0.325463 0.015104 0.023148
0 0.263021 0.146759 0.014583 0.026852
0 0.197396 0.173148 0.008333 0.020370
0 0.060677 0.146296 0.016146 0.025926
0 0.846875 0.199537 0.035417 0.028704
0 0.062500 0.221759 0.013542 0.023148
0 0.534896 0.977778 0.017708 0.025926
0 0.227344 0.146296 0.019271 0.025926
0 0.007812 0.325463 0.015625 0.023148
0 0.967708 0.145833 0.019792 0.023148
0 0.098698 0.325463 0.013021 0.025000
0 0.026042 0.273148 0.015625 0.025926
0 0.489844 0.976852 0.018229 0.024074
0 0.026042 0.700463 0.014583 0.026852
0 0.894271 0.034259 0.013542 0.022222
0 0.025521 0.636111 0.016667 0.024074
0 0.008333 0.727778 0.016667 0.020370
0 0.043750 0.247685 0.013542 0.023148
0 0.124479 0.560648 0.007292 0.017593
0 0.672917 0.981019 0.016667 0.028704
0 0.135156 0.560185 0.007812 0.016667
0 0.044271 0.700926 0.014583 0.025926
0 0.983073 0.081481 0.025521 0.062963
0 0.099740 0.194907 0.019271 0.025000
0 0.134635 0.172222 0.009896 0.020370
0 0.189583 0.212500 0.077083 0.019444
0 0.080469 0.610185 0.015104 0.022222
0 0.008073 0.351852 0.015104 0.024074
0 0.124740 0.172685 0.008854 0.017593
0 0.008594 0.221759 0.014063 0.025000
0 0.676562 0.088426 0.012500 0.021296
0 0.847656 0.373148 0.035937 0.016667
0 0.114844 0.147685 0.014063 0.025000
0 0.007812 0.247222 0.013542 0.024074
0 0.298698 0.146296 0.015104 0.025926
0 0.650000 0.981019 0.016667 0.028704
0 0.044010 0.222222 0.013021 0.022222
0 0.008594 0.635648 0.014063 0.025000
0 0.608594 0.087500 0.034896 0.032407
0 0.939323 0.008333 0.010937 0.016667
0 0.512760 0.977315 0.017188 0.025000
0 0.008073 0.700463 0.016146 0.026852
0 0.899740 0.976852 0.021354 0.025926
0 0.919010 0.976852 0.013021 0.025926
0 0.025521 0.352315 0.014583 0.026852
0 0.025781 0.584259 0.016146 0.024074
0 0.080469 0.221759 0.013021 0.023148
0 0.466146 0.978241 0.017708 0.026852
0 0.237240 0.032870 0.017188 0.021296
0 0.061719 0.583796 0.015104 0.021296
0 0.659115 0.089352 0.013021 0.021296
0 0.245573 0.145833 0.015104 0.026852
0 0.316667 0.146296 0.016667 0.024074
0 0.116667 0.636574 0.015625 0.025000
0 0.097396 0.147222 0.017708 0.025926
0 0.327083 0.978241 0.020833 0.025000
0 0.025000 0.248148 0.015625 0.024074
0 0.026042 0.727315 0.015625 0.021296
0 0.099219 0.701389 0.014063 0.023148
0 0.098958 0.609722 0.015625 0.025000
0 0.280469 0.146296 0.018229 0.025926
0 0.627344 0.980556 0.016146 0.027778
0 0.132812 0.147685 0.014583 0.025000
0 0.098958 0.636111 0.015625 0.025926
0 0.063281 0.700463 0.017188 0.025000
0 0.044010 0.610648 0.015104 0.023148
0 0.008073 0.663426 0.016146 0.030556
0 0.007552 0.194907 0.015104 0.025000
0 0.008333 0.298148 0.015625 0.027778
0 0.558594 0.978241 0.019271 0.028704
0 0.117188 0.584722 0.015625 0.021296
0 0.079948 0.194907 0.013021 0.023148
0 0.008333 0.273148 0.014583 0.024074
0 0.918490 0.063426 0.036979 0.025000
0 0.151823 0.146296 0.019271 0.024074
0 0.643750 0.072222 0.018750 0.040741
0 0.116406 0.609722 0.015104 0.023148
0 0.988802 0.145833 0.019271 0.023148
0 0.025260 0.222222 0.015104 0.024074
