0 0.166615 0.172685 0.046771 0.019444
0 0.928234 0.090148 0.016667 0.028704
0 0.821615 0.065000 0.013021 0.020741
0 0.070964 0.926657 0.141927 0.016685
0 0.925729 0.707847 0.148542 0.016880
0 0.931695 0.976671 0.009339 0.020157
0 0.027187 0.032194 0.015104 0.020370
0 0.356036 0.062935 0.144385 0.024759
0 0.925648 0.672560 0.148703 0.016880
0 0.925648 0.654472 0.148703 0.016889
0 0.835307 0.715856 0.008677 0.032028
0 0.838734 0.680866 0.015531 0.018380
0 0.838245 0.659519 0.012844 0.021352
0 0.848484 0.620079 0.035698 0.014231
0 0.913898 0.602458 0.168859 0.016880
0 0.914284 0.584278 0.168859 0.016889
0 0.914284 0.566440 0.168859 0.016880
0 0.914669 0.549282 0.168859 0.016880
0 0.914477 0.531782 0.168859 0.016880
0 0.914669 0.513944 0.168859 0.016889
0 0.914669 0.496449 0.168859 0.016880
0 0.920003 0.461551 0.159995 0.016880
0 0.920003 0.444319 0.159995 0.016880
0 0.920057 0.426708 0.159885 0.016880
0 0.920003 0.408718 0.159995 0.016880
0 0.920219 0.390722 0.159562 0.016889
0 0.919987 0.337681 0.160026 0.016880
0 0.914570 0.303949 0.168859 0.016880
0 0.914427 0.285241 0.168865 0.016889
0 0.914570 0.268069 0.168859 0.016880
0 0.914859 0.249875 0.168865 0.016880
0 0.880984 0.198486 0.031135 0.026398
0 0.804750 0.090259 0.015948 0.023704
0 0.771549 0.089375 0.016318 0.020602
0 0.214982 0.033005 0.020057 0.015509
0 0.186451 0.034111 0.027286 0.016833
0 0.161719 0.032338 0.015198 0.015954
0 0.140599 0.032704 0.018896 0.015389
0 0.119669 0.032949 0.012380 0.014565
0 0.097424 0.032949 0.020755 0.017213
0 0.070344 0.033528 0.023729 0.018704
0 0.046521 0.032782 0.015729 0.016880
0 0.925479 0.690352 0.149042 0.016889
0 0.918927 0.976241 0.014542 0.027148
0 0.195312 0.213759 0.087500 0.018519
0 0.789052 0.067079 0.015104 0.021750
0 0.975875 0.977741 0.039062 0.027778
0 0.684401 0.062500 0.061979 0.026852
0 0.272969 0.064815 0.020938 0.025926
0 0.190052 0.064491 0.135000 0.022870
0 0.356130 0.089218 0.145969 0.026380
0 0.933464 0.033796 0.022135 0.025000
0 0.805990 0.066019 0.017188 0.022778
0 0.189820 0.088639 0.134526 0.025500
0 0.064026 0.247444 0.015104 0.024074
0 0.009427 0.248370 0.016771 0.024074
0 0.820854 0.089130 0.013542 0.022481
0 0.026401 0.248148 0.015625 0.024074
0 0.858932 0.081944 0.024844 0.050926
0 0.772396 0.066481 0.016667 0.023704
0 0.953906 0.077361 0.021354 0.052870
0 0.788677 0.090273 0.016146 0.021676
0 0.509974 0.088426 0.152240 0.025000
0 0.272422 0.089815 0.019844 0.024074
0 0.111562 0.063426 0.020000 0.021296
0 0.398802 0.144907 0.141979 0.025000
0 0.919781 0.064000 0.036979 0.025000
0 0.643464 0.062046 0.019792 0.023148
0 0.732005 0.063157 0.035417 0.025926
0 0.044693 0.194907 0.017188 0.025000
0 0.180307 0.864875 0.042344 0.076676
0 0.964859 0.171759 0.009198 0.015741
0 0.027497 0.196139 0.016766 0.025926
0 0.914297 0.917593 0.171406 0.024074
0 0.009568 0.033269 0.013365 0.015907
0 0.871380 0.637037 0.065677 0.014815
0 0.909896 0.090454 0.017708 0.027778
0 0.837812 0.065324 0.016042 0.025093
0 0.044271 0.298611 0.014583 0.025000
0 0.070573 0.804630 0.141146 0.027778
0 0.070573 0.831019 0.141146 0.026852
0 0.098698 0.273611 0.013021 0.025000
0 0.016667 0.081944 0.026042 0.062037
0 0.062240 0.636111 0.016146 0.025926
0 0.080469 0.272685 0.015104 0.025000
0 0.116927 0.273611 0.014063 0.023148
0 0.065104 0.082870 0.021875 0.060185
0 0.080469 0.727315 0.014063 0.023148
0 0.062500 0.272685 0.014583 0.025000
0 0.080469 0.636111 0.015104 0.025926
0 0.408333 0.976389 0.116667 0.034259
0 0.044010 0.636111 0.015104 0.025926
0 0.044010 0.325463 0.014063 0.025000
0 0.118229 0.300463 0.017708 0.025000
0 0.478385 0.146759 0.015104 0.021296
0 0.044010 0.662500 0.014063 0.028704
0 0.088542 0.082407 0.023958 0.061111
0 0.062500 0.610648 0.014583 0.021296
0 0.098437 0.247685 0.012500 0.025000
0 0.044010 0.273148 0.015104 0.024074
0 0.044531 0.727315 0.015104 0.021296
0 0.040885 0.082870 0.021354 0.062037
0 0.099479 0.300000 0.013542 0.024074
0 0.062500 0.662500 0.015625 0.028704
0 0.025781 0.662963 0.014063 0.029630
0 0.025781 0.325463 0.015104 0.023148
0 0.025521 0.636111 0.016667 0.024074
0 0.080729 0.299074 0.014583 0.024074
0 0.043750 0.247685 0.013542 0.023148
0 0.044271 0.700926 0.014583 0.025926
0 0.519010 0.062500 0.138021 0.026852
0 0.983073 0.081481 0.025521 0.062963
0 0.080469 0.610185 0.015104 0.022222
0 0.245573 0.145833 0.014063 0.026852
0 0.008594 0.221759 0.014063 0.025000
0 0.080729 0.247222 0.014583 0.024074
0 0.280469 0.146296 0.018229 0.025926
0 0.099219 0.701389 0.014063 0.023148
0 0.044010 0.610648 0.015104 0.023148
0 0.063281 0.700463 0.017188 0.025000
0 0.523958 0.977778 0.017708 0.025926
0 0.008073 0.663426 0.016146 0.030556
0 0.883333 0.082870 0.023958 0.054630
0 0.063021 0.727315 0.015625 0.021296
0 0.570052 0.978704 0.018229 0.027778
0 0.062240 0.325463 0.013021 0.025000
0 0.080729 0.700926 0.012500 0.024074
0 0.973698 0.033333 0.050521 0.025926
0 0.988281 0.010648 0.014063 0.021296
0 0.080469 0.325926 0.015104 0.025926
0 0.441927 0.064815 0.015104 0.024074
0 0.946354 0.146759 0.013542 0.023148
0 0.025781 0.299537 0.014063 0.025000
0 0.546615 0.977778 0.017188 0.025926
0 0.117448 0.248148 0.014063 0.025926
0 0.044271 0.352778 0.015625 0.025926
0 0.747656 0.088889 0.014063 0.022222
0 0.043750 0.583796 0.015625 0.023148
0 0.263021 0.146759 0.014583 0.026852
0 0.062500 0.299074 0.013542 0.024074
0 0.729948 0.088889 0.015104 0.024074
0 0.711979 0.088889 0.013542 0.022222
0 0.694792 0.089352 0.014583 0.021296
0 0.117969 0.326389 0.017188 0.023148
0 0.846875 0.199537 0.035417 0.028704
0 0.592187 0.979630 0.018750 0.031481
0 0.227344 0.146296 0.019271 0.025926
0 0.501042 0.977315 0.017708 0.025000
0 0.909896 0.034259 0.013542 0.025926
0 0.026042 0.273148 0.015625 0.025926
0 0.062500 0.221759 0.013542 0.023148
0 0.967708 0.146296 0.019792 0.022222
0 0.007812 0.325463 0.015625 0.023148
0 0.008333 0.727778 0.016667 0.020370
0 0.098698 0.325463 0.013021 0.025000
0 0.026042 0.700463 0.014583 0.026852
0 0.894271 0.034259 0.013542 0.022222
0 0.477604 0.977778 0.017708 0.027778
0 0.100000 0.194907 0.018750 0.025000
0 0.117188 0.701389 0.014583 0.023148
0 0.008073 0.351852 0.015104 0.024074
0 0.114844 0.147685 0.014063 0.025000
0 0.298438 0.146296 0.015625 0.025926
0 0.676562 0.088426 0.012500 0.021296
0 0.044010 0.222222 0.013021 0.022222
0 0.008594 0.635648 0.014063 0.025000
0 0.615885 0.980093 0.020313 0.030556
0 0.025781 0.584259 0.016146 0.024074
0 0.025521 0.352315 0.014583 0.026852
0 0.080469 0.221759 0.013021 0.023148
0 0.008073 0.700463 0.016146 0.026852
0 0.061719 0.583796 0.015104 0.021296
0 0.316406 0.146296 0.016146 0.024074
0 0.659115 0.089352 0.013021 0.021296
0 0.116667 0.636574 0.015625 0.025000
0 0.097396 0.147222 0.017708 0.025926
0 0.132812 0.147685 0.014583 0.025000
0 0.098958 0.609722 0.015625 0.025000
0 0.026042 0.727315 0.015625 0.021296
0 0.111198 0.089815 0.016146 0.027778
0 0.098958 0.636111 0.015625 0.025926
0 0.007552 0.194907 0.015104 0.025000
0 0.008333 0.298148 0.015625 0.027778
0 0.117188 0.584722 0.015625 0.021296
0 0.079948 0.194907 0.013021 0.023148
0 0.008333 0.273148 0.014583 0.024074
0 0.151823 0.146296 0.019271 0.024074
0 0.116406 0.609722 0.015104 0.023148
0 0.025260 0.222222 0.015104 0.024074
0 0.988802 0.145833 0.019271 0.023148
0 0.638542 0.980556 0.015625 0.027778
0 0.661458 0.980093 0.017708 0.026852
0 0.207813 0.145370 0.014583 0.025926
0 0.917708 0.200463 0.036458 0.025000
0 0.008333 0.584259 0.016667 0.025926
0 0.170833 0.145833 0.017708 0.025000
0 0.099219 0.221296 0.014063 0.022222
0 0.008073 0.610185 0.016146 0.022222
0 0.116927 0.221759 0.013021 0.023148
0 0.062500 0.195370 0.013542 0.024074
0 0.080469 0.584722 0.015104 0.021296
0 0.134896 0.756944 0.007292 0.017593
0 0.080469 0.662500 0.013021 0.028704
0 0.116406 0.194907 0.010937 0.023148
0 0.642188 0.088889 0.015625 0.025926
0 0.338281 0.978241 0.020313 0.026852
0 0.994792 0.172222 0.009375 0.016667
0 0.115104 0.561111 0.009375 0.018519
0 0.098958 0.585185 0.016667 0.022222
0 0.608594 0.076852 0.034896 0.055556
0 0.078646 0.146759 0.014583 0.025000
0 0.190104 0.145833 0.017708 0.026852
0 0.105990 0.756481 0.009896 0.018519
0 0.115365 0.756481 0.006771 0.016667
0 0.879687 0.976852 0.016667 0.027778
0 0.070052 0.904630 0.140104 0.027778
0 0.863021 0.977778 0.014583 0.029630
0 0.070052 0.857870 0.140104 0.026852
0 0.025781 0.609259 0.017188 0.020370
0 0.114844 0.173611 0.010937 0.017593
0 0.984375 0.171296 0.009375 0.016667
0 0.818750 0.174074 0.013542 0.022222
0 0.124740 0.756481 0.007812 0.016667
0 0.961719 0.010185 0.014063 0.020370
0 0.026042 0.145370 0.050000 0.027778
0 0.197396 0.173611 0.008333 0.019444
0 0.060677 0.146296 0.016146 0.025926
0 0.124479 0.560648 0.007292 0.017593
0 0.135156 0.560185 0.007812 0.016667
0 0.134635 0.172222 0.009896 0.020370
0 0.376563 0.563426 0.080208 0.075000
0 0.124740 0.172685 0.008854 0.017593
0 0.974219 0.172222 0.008854 0.014815
0 0.847656 0.373148 0.035937 0.016667
0 0.939323 0.008333 0.010937 0.016667
0 0.944792 0.977778 0.013542 0.025926
0 0.377083 0.454167 0.081250 0.156481
0 0.899740 0.977315 0.020313 0.026852
0 0.237240 0.033333 0.017188 0.020370
0 0.851302 0.320833 0.042188 0.015741
