0 0.771966 0.090259 0.015380 0.021926
0 0.880878 0.201384 0.030984 0.025991
0 0.847107 0.201412 0.032380 0.024694
0 0.046151 0.032273 0.016427 0.020380
0 0.069753 0.033074 0.028526 0.023574
0 0.097961 0.032472 0.024255 0.019981
0 0.118979 0.031079 0.016833 0.021972
0 0.140208 0.033875 0.017083 0.018787
0 0.161237 0.032079 0.016880 0.022380
0 0.186398 0.033671 0.026297 0.018380
0 0.214294 0.031421 0.022339 0.017620
0 0.805435 0.090583 0.014182 0.020722
0 0.973654 0.976389 0.040089 0.026852
0 0.930703 0.977222 0.011510 0.025185
0 0.027109 0.030963 0.015104 0.020370
0 0.919245 0.976852 0.013490 0.025926
0 0.788802 0.067491 0.015104 0.022574
0 0.070500 0.925606 0.140875 0.013787
0 0.821615 0.064861 0.013021 0.020463
0 0.928385 0.091991 0.017188 0.030556
0 0.944234 0.976454 0.014063 0.025926
0 0.836719 0.065560 0.015104 0.022046
0 0.909703 0.090380 0.017708 0.027778
0 0.872266 0.637037 0.067448 0.014815
0 0.009336 0.031241 0.015078 0.018519
0 0.914297 0.917593 0.171406 0.022222
0 0.027057 0.195787 0.018698 0.026759
0 0.180604 0.862676 0.044792 0.076296
0 0.044299 0.194509 0.016714 0.025000
0 0.643167 0.062620 0.019792 0.023148
0 0.919464 0.062731 0.036979 0.025000
0 0.111839 0.062630 0.018750 0.021296
0 0.510000 0.088426 0.152292 0.025000
0 0.788802 0.090949 0.016146 0.023102
0 0.953906 0.078241 0.021354 0.054630
0 0.772062 0.066912 0.016667 0.024009
0 0.847906 0.619194 0.036823 0.015778
0 0.858266 0.080565 0.026562 0.050926
0 0.273177 0.089815 0.021354 0.024074
0 0.081891 0.248250 0.014583 0.024074
0 0.820385 0.090444 0.013542 0.021889
0 0.064062 0.247546 0.016667 0.024722
0 0.190859 0.088361 0.137500 0.025926
0 0.805990 0.067361 0.017188 0.025463
0 0.517427 0.062963 0.134521 0.025926
0 0.355596 0.090046 0.145057 0.024537
0 0.933177 0.033796 0.021563 0.025000
0 0.190411 0.062500 0.137500 0.026852
0 0.272917 0.065278 0.020833 0.025000
0 0.069810 0.803375 0.139620 0.025583
0 0.925089 0.707370 0.149823 0.017167
0 0.924409 0.688028 0.151182 0.017167
0 0.924799 0.671454 0.150401 0.017167
0 0.355076 0.063426 0.144536 0.025926
0 0.925219 0.654639 0.149563 0.017167
0 0.839607 0.715560 0.018068 0.032472
0 0.838638 0.681370 0.017286 0.020722
0 0.837570 0.659093 0.013599 0.021074
0 0.914742 0.602046 0.169505 0.017167
0 0.915190 0.584463 0.169505 0.017167
0 0.915331 0.566481 0.169339 0.017167
0 0.915781 0.550097 0.168438 0.017176
0 0.915190 0.532514 0.169505 0.017176
0 0.914292 0.514931 0.169510 0.017176
0 0.914734 0.496602 0.169510 0.017167
0 0.918997 0.462194 0.162005 0.017167
0 0.919258 0.445088 0.161484 0.017176
0 0.919388 0.427056 0.161224 0.017167
0 0.919518 0.409491 0.160964 0.017167
0 0.918867 0.390528 0.162266 0.017167
0 0.846146 0.373444 0.031469 0.016648
0 0.851747 0.320111 0.042234 0.015185
0 0.920521 0.337685 0.158958 0.017167
0 0.915133 0.303009 0.169505 0.017167
0 0.914352 0.284977 0.169505 0.017176
0 0.913831 0.267870 0.169505 0.017167
0 0.914872 0.249838 0.169505 0.017176
0 0.099479 0.300000 0.013542 0.024074
0 0.040885 0.083333 0.021354 0.061111
0 0.044271 0.298611 0.014583 0.025000
0 0.098437 0.247685 0.012500 0.025000
0 0.044531 0.727315 0.015104 0.021296
0 0.062240 0.325463 0.013021 0.025000
0 0.062500 0.610648 0.014583 0.021296
0 0.478385 0.146759 0.015104 0.021296
0 0.063281 0.700463 0.017188 0.025000
0 0.044010 0.273148 0.015104 0.024074
0 0.558594 0.978241 0.019271 0.028704
0 0.063021 0.727315 0.015625 0.021296
0 0.988281 0.010648 0.014063 0.021296
0 0.080729 0.700926 0.012500 0.024074
0 0.441927 0.064815 0.015104 0.024074
0 0.946354 0.146759 0.013542 0.023148
0 0.044271 0.352778 0.015625 0.025926
0 0.580729 0.979167 0.018750 0.030556
0 0.025781 0.299537 0.014063 0.025000
0 0.062500 0.299074 0.013542 0.024074
0 0.117188 0.248148 0.013542 0.025926
0 0.747656 0.088889 0.014063 0.022222
0 0.043750 0.584259 0.015625 0.022222
0 0.711979 0.088889 0.013542 0.022222
0 0.729948 0.088889 0.015104 0.024074
0 0.694792 0.089352 0.014583 0.021296
0 0.973698 0.033333 0.050521 0.025926
0 0.044010 0.662500 0.014063 0.028704
0 0.117969 0.326389 0.017188 0.023148
0 0.263021 0.146759 0.014583 0.026852
0 0.118229 0.300463 0.017708 0.025000
0 0.909896 0.034259 0.013542 0.025926
0 0.044010 0.636111 0.015104 0.025926
0 0.044010 0.325463 0.014063 0.025000
0 0.604167 0.979630 0.020833 0.031481
0 0.088542 0.082407 0.023958 0.061111
0 0.396615 0.976389 0.117188 0.034259
0 0.007812 0.325463 0.015625 0.023148
0 0.227344 0.146296 0.019271 0.025926
0 0.062500 0.221759 0.013542 0.023148
0 0.026042 0.273148 0.015625 0.025926
0 0.098698 0.325463 0.013021 0.025000
0 0.967708 0.146296 0.019792 0.022222
0 0.534896 0.977778 0.017708 0.025926
0 0.489844 0.976852 0.018229 0.024074
0 0.026042 0.700463 0.014583 0.026852
0 0.894271 0.034259 0.013542 0.022222
0 0.399453 0.144907 0.140677 0.025000
0 0.080469 0.636111 0.015104 0.025926
0 0.008333 0.727778 0.016667 0.020370
0 0.099740 0.194907 0.019271 0.025000
0 0.166432 0.172222 0.046406 0.020370
0 0.672917 0.981019 0.016667 0.028704
0 0.008073 0.351852 0.015104 0.024074
0 0.676562 0.088426 0.012500 0.021296
0 0.298438 0.146296 0.015625 0.025926
0 0.974219 0.172222 0.008854 0.014815
0 0.114844 0.147685 0.014063 0.025000
0 0.078646 0.146759 0.014583 0.025000
0 0.117188 0.701389 0.014583 0.023148
0 0.044010 0.222222 0.013021 0.022222
0 0.008594 0.635648 0.014063 0.025000
0 0.650260 0.980556 0.017188 0.029630
0 0.025781 0.584259 0.016146 0.024074
0 0.080469 0.727315 0.014063 0.023148
0 0.025521 0.352315 0.014583 0.025000
0 0.008073 0.700463 0.016146 0.026852
0 0.994792 0.172222 0.009375 0.016667
0 0.080469 0.221759 0.013021 0.023148
0 0.061719 0.583796 0.015104 0.021296
0 0.008333 0.584259 0.016667 0.025926
0 0.466146 0.978241 0.017708 0.026852
0 0.190104 0.145833 0.017708 0.026852
0 0.659115 0.089352 0.013021 0.021296
0 0.062500 0.272685 0.014583 0.025000
0 0.879948 0.977315 0.014063 0.026852
0 0.098958 0.636111 0.015625 0.025926
0 0.099219 0.221296 0.014063 0.022222
0 0.008073 0.609722 0.016146 0.023148
0 0.863021 0.977315 0.015625 0.026852
0 0.170833 0.145833 0.017708 0.025000
0 0.608594 0.076852 0.034896 0.055556
0 0.065104 0.082870 0.021875 0.060185
0 0.116927 0.274074 0.014063 0.022222
0 0.965885 0.171759 0.011979 0.015741
0 0.684115 0.062500 0.061979 0.026852
0 0.098958 0.609722 0.015625 0.025000
0 0.846354 0.978241 0.014583 0.025000
0 0.116406 0.636574 0.015104 0.025000
0 0.115104 0.561111 0.009375 0.018519
0 0.062240 0.636111 0.016146 0.025926
0 0.097396 0.147222 0.017708 0.025926
0 0.316667 0.146296 0.016667 0.024074
0 0.080469 0.584722 0.015104 0.021296
0 0.080469 0.272685 0.015104 0.025000
0 0.016667 0.081944 0.026042 0.062037
0 0.327083 0.978241 0.020833 0.025000
0 0.026042 0.727315 0.015625 0.021296
0 0.111198 0.089815 0.016146 0.027778
0 0.132812 0.147685 0.014583 0.025000
0 0.627083 0.980556 0.016667 0.027778
0 0.062500 0.195370 0.013542 0.024074
0 0.007552 0.194907 0.015104 0.025000
0 0.124740 0.172685 0.008854 0.017593
0 0.117188 0.584722 0.015625 0.021296
0 0.098698 0.273611 0.013021 0.025000
0 0.105990 0.756481 0.009896 0.018519
0 0.008333 0.298148 0.015625 0.027778
0 0.115365 0.756481 0.006771 0.016667
0 0.070573 0.831019 0.141146 0.026852
0 0.070312 0.904630 0.140625 0.025926
0 0.207813 0.145370 0.015625 0.025926
0 0.197396 0.173611 0.008333 0.019444
0 0.060677 0.146296 0.016146 0.025926
0 0.070052 0.857870 0.140104 0.026852
0 0.189583 0.212500 0.077083 0.019444
0 0.025781 0.609259 0.017188 0.020370
0 0.939323 0.008333 0.010937 0.016667
0 0.731250 0.062963 0.035417 0.025926
0 0.079948 0.194907 0.013021 0.023148
0 0.979948 0.033796 0.036979 0.025000
0 0.116406 0.609722 0.015104 0.023148
0 0.008333 0.273148 0.014583 0.024074
0 0.114844 0.173611 0.010937 0.017593
0 0.152083 0.146296 0.019792 0.024074
0 0.984375 0.171296 0.009375 0.016667
0 0.025260 0.222222 0.015104 0.024074
0 0.899740 0.976852 0.021354 0.025926
0 0.988802 0.145833 0.019271 0.023148
0 0.080469 0.662500 0.013021 0.028704
0 0.116927 0.221759 0.013021 0.023148
0 0.116406 0.194907 0.010937 0.023148
0 0.818750 0.174537 0.013542 0.021296
0 0.124740 0.756481 0.007812 0.016667
0 0.642188 0.088889 0.015625 0.025926
0 0.026042 0.145370 0.050000 0.027778
0 0.917708 0.200463 0.036458 0.025000
0 0.134896 0.756944 0.007292 0.017593
0 0.124479 0.560648 0.007292 0.017593
0 0.237240 0.033333 0.017188 0.020370
0 0.135156 0.560185 0.007812 0.016667
0 0.961458 0.010185 0.013542 0.020370
0 0.098958 0.585185 0.016667 0.022222
0 0.134635 0.172222 0.009896 0.020370
0 0.099219 0.701389 0.014063 0.023148
0 0.008073 0.663426 0.016146 0.030556
0 0.883333 0.082870 0.023958 0.054630
0 0.512760 0.977315 0.017188 0.025000
0 0.280469 0.146296 0.018229 0.025926
0 0.080469 0.325926 0.015104 0.025926
0 0.245573 0.145833 0.015104 0.026852
0 0.025000 0.248148 0.015625 0.024074
0 0.007812 0.247222 0.013542 0.024074
0 0.008594 0.221759 0.014063 0.025000
0 0.080469 0.610648 0.015104 0.023148
0 0.983073 0.081481 0.025521 0.062963
0 0.044271 0.700926 0.014583 0.025926
0 0.043750 0.247685 0.013542 0.023148
0 0.025521 0.636111 0.016667 0.024074
0 0.025781 0.325463 0.015104 0.023148
0 0.025781 0.662963 0.014063 0.029630
0 0.080729 0.299074 0.014583 0.024074
0 0.044010 0.610648 0.015104 0.023148
0 0.062500 0.662500 0.015625 0.028704
