0 0.994792 0.172222 0.009375 0.016667
0 0.080469 0.610648 0.015104 0.023148
0 0.044271 0.700926 0.014583 0.025926
0 0.008594 0.221759 0.014063 0.025000
0 0.080729 0.247222 0.014583 0.024074
0 0.983073 0.081481 0.025521 0.062963
0 0.280469 0.146296 0.018229 0.025926
0 0.245573 0.145833 0.015104 0.026852
0 0.512760 0.977315 0.017188 0.025000
0 0.043750 0.247685 0.013542 0.023148
0 0.025521 0.636111 0.016667 0.024074
0 0.025781 0.325463 0.015104 0.023148
0 0.080729 0.299074 0.014583 0.024074
0 0.025781 0.662963 0.014063 0.029630
0 0.062500 0.662500 0.015625 0.028704
0 0.099479 0.300000 0.013542 0.024074
0 0.040885 0.082870 0.021354 0.062037
0 0.044271 0.298611 0.014583 0.025000
0 0.558594 0.978241 0.019271 0.028704
0 0.098437 0.247685 0.012500 0.025000
0 0.008073 0.663426 0.016146 0.030556
0 0.044010 0.610648 0.015104 0.023148
0 0.044531 0.727315 0.015104 0.021296
0 0.044010 0.273148 0.015104 0.024074
0 0.396615 0.976389 0.117188 0.034259
0 0.062500 0.610648 0.014583 0.021296
0 0.044010 0.662500 0.014063 0.028704
0 0.118229 0.300463 0.017708 0.025000
0 0.044010 0.636111 0.015104 0.025926
0 0.099219 0.701389 0.014063 0.023148
0 0.478385 0.146759 0.015104 0.021296
0 0.044010 0.325463 0.014063 0.025000
0 0.063281 0.700463 0.017188 0.025000
0 0.088542 0.082407 0.023958 0.061111
0 0.080469 0.636111 0.015104 0.025926
0 0.080469 0.727315 0.014063 0.023148
0 0.062500 0.272685 0.014583 0.025000
0 0.065104 0.082870 0.021875 0.060185
0 0.116927 0.274074 0.014063 0.022222
0 0.062240 0.636111 0.016146 0.025926
0 0.080469 0.272685 0.015104 0.025000
0 0.016667 0.081944 0.026042 0.062037
0 0.098698 0.273611 0.013021 0.025000
0 0.070573 0.831019 0.141146 0.026852
0 0.070573 0.804630 0.141146 0.027778
0 0.939323 0.008333 0.010937 0.016667
0 0.818750 0.174537 0.013542 0.021296
0 0.899479 0.977315 0.021875 0.026852
0 0.070312 0.904630 0.140625 0.025926
0 0.135156 0.560185 0.007812 0.016667
0 0.060677 0.146296 0.016146 0.025926
0 0.236979 0.033333 0.016667 0.020370
0 0.080469 0.325926 0.015104 0.025926
0 0.062240 0.325463 0.013021 0.025000
0 0.063021 0.727315 0.015625 0.021296
0 0.946354 0.146759 0.013542 0.023148
0 0.080729 0.700926 0.012500 0.024074
0 0.580729 0.979167 0.018750 0.030556
0 0.124740 0.756481 0.007812 0.016667
0 0.025781 0.299537 0.014063 0.025000
0 0.098958 0.585185 0.016667 0.022222
0 0.044271 0.352778 0.015625 0.025926
0 0.973698 0.033333 0.050521 0.025926
0 0.747656 0.088889 0.014063 0.022222
0 0.729948 0.088889 0.015104 0.024074
0 0.711979 0.088889 0.013542 0.022222
0 0.062500 0.299074 0.013542 0.024074
0 0.117448 0.248148 0.014063 0.025926
0 0.694792 0.089352 0.014583 0.021296
0 0.909896 0.034259 0.013542 0.025926
0 0.043750 0.583796 0.015625 0.023148
0 0.117969 0.326389 0.017188 0.023148
0 0.604167 0.979630 0.020833 0.031481
0 0.851302 0.320833 0.042188 0.015741
0 0.263021 0.146759 0.014583 0.026852
0 0.227344 0.146296 0.019271 0.025926
0 0.534896 0.977778 0.017708 0.025926
0 0.116927 0.221759 0.013021 0.023148
0 0.124479 0.560648 0.007292 0.017593
0 0.967708 0.146296 0.019792 0.022222
0 0.062500 0.221759 0.013542 0.023148
0 0.881250 0.199537 0.032292 0.028704
0 0.026042 0.273148 0.015625 0.025926
0 0.846875 0.199537 0.035417 0.028704
0 0.007812 0.325463 0.015625 0.023148
0 0.134635 0.172222 0.009896 0.020370
0 0.098698 0.325463 0.013021 0.025000
0 0.489844 0.976852 0.018229 0.024074
0 0.894271 0.034259 0.013542 0.022222
0 0.008333 0.727778 0.016667 0.020370
0 0.026042 0.700463 0.014583 0.026852
0 0.298438 0.146296 0.015625 0.025926
0 0.846354 0.977778 0.014583 0.025926
0 0.008073 0.351852 0.015104 0.024074
0 0.676562 0.088426 0.012500 0.021296
0 0.114844 0.147685 0.014063 0.025000
0 0.115104 0.561111 0.009375 0.018519
0 0.117188 0.701389 0.014583 0.023148
0 0.672917 0.981019 0.016667 0.028704
0 0.080469 0.584722 0.015104 0.021296
0 0.062500 0.195370 0.013542 0.024074
0 0.070052 0.857870 0.140104 0.026852
0 0.116406 0.194907 0.010937 0.023148
0 0.044010 0.222222 0.013021 0.022222
0 0.008594 0.635648 0.014063 0.025000
0 0.650260 0.980556 0.017188 0.029630
0 0.025521 0.352315 0.014583 0.026852
0 0.008073 0.700463 0.016146 0.026852
0 0.025781 0.584259 0.016146 0.024074
0 0.080469 0.221759 0.013021 0.023148
0 0.863021 0.977315 0.015625 0.026852
0 0.025781 0.609259 0.017188 0.020370
0 0.466146 0.978241 0.017708 0.026852
0 0.061719 0.583796 0.015104 0.021296
0 0.078646 0.146759 0.014583 0.025000
0 0.659115 0.089352 0.013021 0.021296
0 0.116667 0.636574 0.015625 0.025000
0 0.080469 0.662500 0.013021 0.028704
0 0.316667 0.146296 0.016667 0.024074
0 0.984375 0.171296 0.009375 0.016667
0 0.097396 0.147222 0.017708 0.025926
0 0.026042 0.727315 0.015625 0.021296
0 0.098958 0.609722 0.015625 0.025000
0 0.327083 0.978241 0.020833 0.025000
0 0.111198 0.089815 0.016146 0.027778
0 0.190104 0.145833 0.017708 0.026852
0 0.189583 0.212500 0.077083 0.019444
0 0.098958 0.636111 0.015625 0.025926
0 0.124740 0.172685 0.008854 0.017593
0 0.132812 0.147685 0.014583 0.025000
0 0.627083 0.980556 0.016667 0.027778
0 0.007552 0.194907 0.015104 0.025000
0 0.008333 0.298148 0.015625 0.027778
0 0.026042 0.145370 0.050000 0.027778
0 0.117188 0.584722 0.015625 0.021296
0 0.079948 0.194907 0.013021 0.023148
0 0.642188 0.088889 0.015625 0.025926
0 0.197396 0.173148 0.008333 0.020370
0 0.008333 0.273148 0.014583 0.024074
0 0.116406 0.609722 0.015104 0.023148
0 0.152083 0.146296 0.019792 0.024074
0 0.847656 0.373148 0.035937 0.016667
0 0.988802 0.145833 0.019271 0.023148
0 0.025260 0.222222 0.015104 0.024074
0 0.207813 0.145370 0.015625 0.025926
0 0.917708 0.200463 0.036458 0.025000
0 0.098958 0.221296 0.014583 0.022222
0 0.105990 0.756481 0.009896 0.018519
0 0.879948 0.977315 0.014063 0.026852
0 0.608594 0.076852 0.034896 0.055556
0 0.170833 0.145833 0.017708 0.025000
0 0.008073 0.609722 0.016146 0.023148
0 0.115365 0.756481 0.006771 0.016667
0 0.008333 0.584259 0.016667 0.025926
0 0.134896 0.756944 0.007292 0.017593
0 0.114844 0.173611 0.010937 0.017593
0 0.047036 0.033176 0.015208 0.015000
0 0.914823 0.530556 0.168125 0.017296
0 0.914969 0.549060 0.168125 0.017306
0 0.914677 0.566278 0.168125 0.017296
0 0.914391 0.584787 0.168125 0.017296
0 0.914391 0.602523 0.168125 0.017306
0 0.848341 0.619551 0.035099 0.014009
0 0.838107 0.658227 0.010807 0.020954
0 0.838529 0.681282 0.015130 0.022435
0 0.835286 0.715495 0.009760 0.030620
0 0.925503 0.655759 0.148995 0.017296
0 0.925435 0.673481 0.149130 0.017296
0 0.925573 0.690833 0.148854 0.017296
0 0.925643 0.708806 0.148714 0.017296
0 0.919411 0.977352 0.010052 0.020185
0 0.932331 0.977074 0.010786 0.019630
0 0.944935 0.977352 0.010995 0.019444
0 0.111771 0.062963 0.020417 0.022222
0 0.398620 0.144907 0.142344 0.025000
0 0.510104 0.088426 0.152500 0.025000
0 0.100734 0.196639 0.017927 0.025000
0 0.788562 0.089810 0.015875 0.023898
0 0.953906 0.079306 0.021354 0.056759
0 0.772630 0.065111 0.013021 0.022963
0 0.858552 0.081806 0.024635 0.050926
0 0.272786 0.089815 0.020573 0.024074
0 0.441927 0.064370 0.015104 0.024074
0 0.988000 0.009319 0.014063 0.018639
0 0.883547 0.082870 0.023958 0.054630
0 0.026115 0.248519 0.015625 0.024074
0 0.009349 0.247824 0.016615 0.025278
0 0.821039 0.089338 0.011932 0.022620
0 0.063984 0.247870 0.016510 0.025370
0 0.190401 0.087676 0.134823 0.025944
0 0.805526 0.065167 0.013073 0.022407
0 0.518271 0.063398 0.136042 0.024167
0 0.356693 0.089417 0.144219 0.026167
0 0.932240 0.033796 0.019687 0.025000
0 0.189734 0.063537 0.134490 0.023000
0 0.272734 0.064352 0.020469 0.025000
0 0.684219 0.063639 0.060677 0.023426
0 0.355917 0.063583 0.144625 0.024759
0 0.915547 0.495343 0.168125 0.017296
0 0.914969 0.513074 0.168125 0.017296
0 0.070682 0.033546 0.022500 0.017778
0 0.097896 0.033083 0.022135 0.014444
0 0.119115 0.033222 0.014604 0.016704
0 0.141018 0.033218 0.018214 0.018250
0 0.161547 0.033352 0.014750 0.019019
0 0.186417 0.032579 0.028625 0.020565
0 0.214753 0.032963 0.021109 0.019278
0 0.772633 0.089407 0.013536 0.021741
0 0.805674 0.089241 0.013724 0.022074
0 0.915146 0.250269 0.168125 0.017296
0 0.914609 0.267741 0.168125 0.017296
0 0.914714 0.285981 0.168125 0.017296
0 0.914823 0.303833 0.168125 0.017296
0 0.919635 0.338204 0.160729 0.017296
0 0.919885 0.391556 0.160229 0.017296
0 0.919721 0.409134 0.160557 0.017306
0 0.919659 0.426019 0.160682 0.017296
0 0.919721 0.443787 0.160557 0.017296
0 0.919659 0.462231 0.160682 0.017296
0 0.919245 0.063046 0.036979 0.025000
0 0.731417 0.064023 0.034667 0.023417
0 0.643750 0.063778 0.019792 0.023148
0 0.045781 0.195481 0.014740 0.024815
0 0.964427 0.172491 0.009063 0.015352
0 0.181182 0.863574 0.043802 0.075833
0 0.026771 0.195694 0.018125 0.026574
0 0.914479 0.918565 0.171042 0.020278
0 0.010232 0.033329 0.014120 0.016213
0 0.872031 0.637037 0.066979 0.014815
0 0.910979 0.088231 0.017271 0.024093
0 0.963677 0.008528 0.014063 0.017056
0 0.166953 0.172222 0.047448 0.020370
0 0.838021 0.065556 0.013542 0.013889
0 0.928831 0.088264 0.016516 0.024398
0 0.070755 0.925644 0.140677 0.013157
0 0.821615 0.064630 0.013021 0.020000
0 0.974760 0.171074 0.008854 0.014815
0 0.789141 0.065028 0.013125 0.020463
0 0.027852 0.032843 0.015005 0.014907
0 0.976151 0.977773 0.037281 0.027398
