0 0.984375 0.171296 0.009375 0.016667
0 0.818750 0.174074 0.013542 0.022222
0 0.124740 0.756481 0.007812 0.016667
0 0.026042 0.145370 0.050000 0.027778
0 0.197396 0.173611 0.008333 0.019444
0 0.245573 0.145833 0.014063 0.026852
0 0.060677 0.146296 0.016146 0.025926
0 0.080469 0.610185 0.015104 0.022222
0 0.983073 0.081481 0.025521 0.062963
0 0.124479 0.560648 0.007292 0.017593
0 0.136458 0.758333 0.006250 0.022222
0 0.135156 0.560185 0.007812 0.016667
0 0.134635 0.172222 0.009896 0.020370
0 0.044271 0.700926 0.014583 0.025926
0 0.043750 0.247685 0.013542 0.023148
0 0.080729 0.299074 0.014583 0.024074
0 0.025521 0.636111 0.016667 0.024074
0 0.025781 0.325463 0.015104 0.023148
0 0.025781 0.662963 0.014063 0.029630
0 0.062500 0.662500 0.015625 0.028704
0 0.099479 0.300000 0.013542 0.024074
0 0.040885 0.082870 0.021354 0.062037
0 0.044271 0.298611 0.014583 0.025000
0 0.044531 0.727315 0.015104 0.021296
0 0.044010 0.273148 0.015104 0.024074
0 0.098437 0.247685 0.012500 0.025000
0 0.062500 0.610648 0.014583 0.021296
0 0.088542 0.082407 0.023958 0.061111
0 0.044010 0.662500 0.014063 0.028704
0 0.478385 0.146759 0.015104 0.021296
0 0.118229 0.300463 0.017708 0.025000
0 0.189062 0.062500 0.137500 0.026852
0 0.044010 0.325463 0.014063 0.025000
0 0.193750 0.212963 0.087500 0.018519
0 0.124740 0.172685 0.008854 0.017593
0 0.044010 0.636111 0.015104 0.025926
0 0.408333 0.976389 0.116667 0.034259
0 0.080469 0.636111 0.015104 0.025926
0 0.062500 0.272685 0.014583 0.025000
0 0.080469 0.727315 0.014063 0.023148
0 0.065104 0.082870 0.021875 0.060185
0 0.974219 0.172222 0.008854 0.014815
0 0.939323 0.008333 0.010937 0.016667
0 0.944792 0.977778 0.013542 0.025926
0 0.116927 0.273611 0.014063 0.023148
0 0.080469 0.272685 0.015104 0.025000
0 0.062240 0.636111 0.016146 0.025926
0 0.899740 0.977315 0.020313 0.026852
0 0.016667 0.081944 0.026042 0.062037
0 0.098698 0.273611 0.013021 0.025000
0 0.070573 0.831019 0.141146 0.026852
0 0.070573 0.804630 0.141146 0.027778
0 0.237240 0.033333 0.017188 0.020370
0 0.851302 0.320833 0.042188 0.015741
0 0.025521 0.258333 0.015625 0.044444
0 0.711979 0.088889 0.013542 0.022222
0 0.917708 0.200463 0.036458 0.025000
0 0.729948 0.088889 0.015104 0.024074
0 0.008333 0.584259 0.016667 0.025926
0 0.062500 0.299074 0.013542 0.024074
0 0.263021 0.146759 0.014583 0.026852
0 0.043750 0.583796 0.015625 0.023148
0 0.747656 0.088889 0.014063 0.022222
0 0.044271 0.352778 0.015625 0.025926
0 0.338281 0.978241 0.020313 0.026852
0 0.117448 0.248148 0.014063 0.025926
0 0.994792 0.172222 0.009375 0.016667
0 0.546615 0.977778 0.017188 0.025926
0 0.115104 0.561111 0.009375 0.018519
0 0.025781 0.299537 0.014063 0.025000
0 0.008073 0.351852 0.015104 0.024074
0 0.114844 0.147685 0.014063 0.025000
0 0.170833 0.145833 0.017708 0.025000
0 0.098958 0.585185 0.016667 0.022222
0 0.099219 0.221296 0.014063 0.022222
0 0.008073 0.610185 0.016146 0.022222
0 0.298438 0.146296 0.015625 0.025926
0 0.676562 0.088426 0.012500 0.021296
0 0.044010 0.222222 0.013021 0.022222
0 0.008594 0.635648 0.014063 0.025000
0 0.615885 0.980093 0.020313 0.030556
0 0.834375 0.714352 0.010417 0.030556
0 0.116927 0.221759 0.013021 0.023148
0 0.025781 0.584259 0.016146 0.024074
0 0.025521 0.352315 0.014583 0.026852
0 0.080729 0.700926 0.012500 0.024074
0 0.062240 0.325463 0.013021 0.025000
0 0.570052 0.978704 0.018229 0.027778
0 0.080469 0.221759 0.013021 0.023148
0 0.477604 0.977778 0.017708 0.027778
0 0.946354 0.146759 0.013542 0.023148
0 0.008073 0.700463 0.016146 0.026852
0 0.063021 0.727315 0.015625 0.021296
0 0.061719 0.583796 0.015104 0.021296
0 0.883333 0.082870 0.023958 0.054630
0 0.316406 0.146296 0.016146 0.024074
0 0.659115 0.089352 0.013021 0.021296
0 0.116667 0.636574 0.015625 0.025000
0 0.110937 0.063426 0.018750 0.021296
0 0.008073 0.663426 0.016146 0.030556
0 0.097396 0.147222 0.017708 0.025926
0 0.062500 0.195370 0.013542 0.024074
0 0.132812 0.147685 0.014583 0.025000
0 0.098958 0.609722 0.015625 0.025000
0 0.026042 0.727315 0.015625 0.021296
0 0.111198 0.089815 0.016146 0.027778
0 0.080469 0.584722 0.015104 0.021296
0 0.080469 0.662500 0.013021 0.028704
0 0.098958 0.636111 0.015625 0.025926
0 0.116406 0.194907 0.010937 0.023148
0 0.642188 0.088889 0.015625 0.025926
0 0.007552 0.194907 0.015104 0.025000
0 0.008333 0.298148 0.015625 0.027778
0 0.117188 0.584722 0.015625 0.021296
0 0.079948 0.194907 0.013021 0.023148
0 0.008333 0.273148 0.014583 0.024074
0 0.151823 0.146296 0.019271 0.024074
0 0.116406 0.609722 0.015104 0.023148
0 0.523958 0.977778 0.017708 0.025926
0 0.025260 0.222222 0.015104 0.024074
0 0.881250 0.199537 0.032292 0.028704
0 0.441927 0.064815 0.015104 0.024074
0 0.988802 0.145833 0.019271 0.023148
0 0.638542 0.980556 0.015625 0.027778
0 0.661458 0.980093 0.017708 0.026852
0 0.080469 0.325926 0.015104 0.025926
0 0.988281 0.010648 0.014063 0.021296
0 0.894271 0.034259 0.013542 0.022222
0 0.207813 0.145370 0.014583 0.025926
0 0.026042 0.700463 0.014583 0.026852
0 0.098698 0.325463 0.013021 0.025000
0 0.008333 0.727778 0.016667 0.020370
0 0.007812 0.325463 0.015625 0.023148
0 0.967708 0.146296 0.019792 0.022222
0 0.062500 0.221759 0.013542 0.023148
0 0.026042 0.273148 0.015625 0.025926
0 0.909896 0.034259 0.013542 0.025926
0 0.501042 0.977315 0.017708 0.025000
0 0.117188 0.701389 0.014583 0.023148
0 0.227344 0.146296 0.019271 0.025926
0 0.592187 0.979630 0.018750 0.031481
0 0.846875 0.199537 0.035417 0.028704
0 0.973698 0.033333 0.050521 0.025926
0 0.117969 0.326389 0.017188 0.023148
0 0.694792 0.089352 0.014583 0.021296
0 0.078646 0.146759 0.014583 0.025000
0 0.063281 0.700463 0.017188 0.025000
0 0.044010 0.610648 0.015104 0.023148
0 0.099219 0.701389 0.014063 0.023148
0 0.190104 0.145833 0.017708 0.026852
0 0.280469 0.146296 0.018229 0.025926
0 0.105990 0.756481 0.009896 0.018519
0 0.115365 0.756481 0.006771 0.016667
0 0.025000 0.248148 0.015625 0.024074
0 0.070052 0.904630 0.140104 0.027778
0 0.007812 0.247222 0.013542 0.024074
0 0.863021 0.977778 0.014583 0.029630
0 0.008594 0.221759 0.014063 0.025000
0 0.189062 0.087963 0.137500 0.025926
0 0.070052 0.857870 0.140104 0.026852
0 0.025781 0.609259 0.017188 0.020370
0 0.114844 0.173611 0.010937 0.017593
0 0.928271 0.091241 0.016667 0.028704
0 0.820969 0.088491 0.013021 0.020241
0 0.070169 0.924731 0.139245 0.012204
0 0.976313 0.976829 0.038937 0.031250
0 0.788802 0.064213 0.015104 0.019167
0 0.046568 0.032181 0.015937 0.016861
0 0.070688 0.033704 0.023906 0.019519
0 0.097716 0.031889 0.021109 0.015889
0 0.119844 0.032269 0.014104 0.018185
0 0.140896 0.032843 0.018302 0.017037
0 0.161354 0.032088 0.014427 0.016676
0 0.187253 0.033259 0.028432 0.017037
0 0.214927 0.033171 0.019594 0.018380
0 0.771625 0.088972 0.015615 0.019907
0 0.805276 0.089639 0.015292 0.025463
0 0.914742 0.249699 0.168859 0.016880
0 0.914742 0.268306 0.168859 0.016889
0 0.914617 0.285361 0.168859 0.016889
0 0.914151 0.304069 0.168865 0.016880
0 0.919792 0.338634 0.160417 0.016880
0 0.844674 0.372347 0.032380 0.019046
0 0.919357 0.390940 0.161286 0.016880
0 0.919607 0.408727 0.160786 0.016880
0 0.919357 0.426519 0.161286 0.016889
0 0.919607 0.443718 0.160786 0.016880
0 0.919607 0.460917 0.160786 0.016889
0 0.915482 0.497593 0.168859 0.016889
0 0.914904 0.515431 0.168859 0.016880
0 0.915289 0.532245 0.168859 0.016880
0 0.915289 0.549056 0.168859 0.016889
0 0.914711 0.567579 0.168859 0.016880
0 0.914711 0.584736 0.168859 0.016880
0 0.914362 0.602491 0.168859 0.016889
0 0.925701 0.656088 0.148599 0.016880
0 0.925534 0.672694 0.148932 0.016889
0 0.925201 0.689597 0.149599 0.016880
0 0.925201 0.707093 0.149599 0.016889
0 0.919049 0.976352 0.011964 0.021611
0 0.932081 0.976500 0.011255 0.025019
0 0.356693 0.063556 0.147396 0.025259
0 0.684305 0.063176 0.060484 0.026167
0 0.272422 0.064815 0.019844 0.025926
0 0.357531 0.088426 0.148958 0.026852
0 0.932422 0.033796 0.020052 0.025000
0 0.805990 0.064769 0.017188 0.020278
0 0.518661 0.063685 0.135990 0.026852
0 0.063750 0.247407 0.016042 0.024444
0 0.081380 0.247722 0.014583 0.024074
0 0.821354 0.064444 0.013542 0.019630
0 0.858828 0.081944 0.025052 0.050926
0 0.847607 0.619944 0.036766 0.011963
0 0.772396 0.065417 0.016667 0.021574
0 0.953906 0.078889 0.021354 0.055926
0 0.788589 0.088806 0.016146 0.022019
0 0.099750 0.196676 0.018750 0.025000
0 0.273047 0.089815 0.021094 0.024074
0 0.510466 0.089958 0.152922 0.023787
0 0.608594 0.073148 0.034896 0.061111
0 0.398828 0.144907 0.141927 0.025000
0 0.919786 0.063167 0.036979 0.025000
0 0.643005 0.062861 0.019792 0.023148
0 0.732089 0.062306 0.035417 0.025926
0 0.045667 0.195074 0.017188 0.025000
0 0.181479 0.862546 0.044687 0.075833
0 0.964380 0.171500 0.009802 0.015741
0 0.027036 0.196361 0.018281 0.025926
0 0.914505 0.917593 0.170990 0.024074
0 0.880458 0.975481 0.016667 0.027778
0 0.009682 0.033000 0.013760 0.018519
0 0.838260 0.660093 0.015104 0.017593
0 0.872292 0.637037 0.067500 0.014815
0 0.910328 0.090778 0.017708 0.027778
0 0.962729 0.009801 0.014063 0.019602
0 0.166615 0.172685 0.046771 0.019444
0 0.838010 0.681704 0.015104 0.022222
0 0.837823 0.066792 0.016667 0.021546
0 0.026719 0.030667 0.015104 0.020370
