0 0.913857 0.601769 0.168130 0.017296
0 0.913857 0.584440 0.168130 0.017306
0 0.914359 0.566667 0.168125 0.017296
0 0.914482 0.548676 0.168130 0.017296
0 0.975638 0.977315 0.036849 0.030370
0 0.027802 0.033699 0.015104 0.015194
0 0.845286 0.373148 0.032240 0.016667
0 0.788901 0.066685 0.014844 0.023148
0 0.821484 0.065509 0.011615 0.020278
0 0.070365 0.925884 0.140729 0.014157
0 0.927891 0.088625 0.016198 0.022194
0 0.837422 0.064907 0.015052 0.019815
0 0.167630 0.172222 0.048802 0.020370
0 0.963167 0.009412 0.014063 0.018824
0 0.914359 0.530241 0.168125 0.017296
0 0.914531 0.267653 0.168125 0.017306
0 0.910294 0.089093 0.014495 0.023722
0 0.872500 0.637037 0.067917 0.014815
0 0.009987 0.033602 0.013193 0.014926
0 0.914766 0.917130 0.170469 0.023148
0 0.026719 0.195833 0.018021 0.026852
0 0.180479 0.862847 0.040729 0.075194
0 0.964445 0.172829 0.009557 0.015157
0 0.044719 0.193574 0.016188 0.025000
0 0.609135 0.076852 0.034896 0.055556
0 0.643427 0.062917 0.019792 0.023148
0 0.730885 0.063519 0.033750 0.024444
0 0.918974 0.063773 0.036010 0.024028
0 0.112268 0.062963 0.020255 0.022222
0 0.398359 0.144907 0.142865 0.025000
0 0.509401 0.088426 0.151094 0.025000
0 0.788229 0.091111 0.015104 0.020741
0 0.955000 0.078935 0.019167 0.056019
0 0.772594 0.065926 0.014740 0.024074
0 0.858672 0.081806 0.025521 0.050926
0 0.272708 0.089815 0.020417 0.024074
0 0.442177 0.064593 0.015104 0.024074
0 0.988427 0.009361 0.014063 0.018722
0 0.883573 0.082296 0.023958 0.054630
0 0.821563 0.089769 0.011875 0.021574
0 0.063932 0.247963 0.016406 0.025556
0 0.189930 0.089264 0.135766 0.026472
0 0.983385 0.080556 0.024896 0.061111
0 0.806276 0.065694 0.014531 0.021759
0 0.914531 0.250231 0.168125 0.017296
0 0.806156 0.090111 0.013437 0.021111
0 0.772672 0.090773 0.012896 0.021565
0 0.214648 0.033204 0.020255 0.017593
0 0.186320 0.032954 0.026141 0.017093
0 0.161771 0.032708 0.014562 0.015269
0 0.141003 0.033616 0.018016 0.014435
0 0.119896 0.032139 0.013552 0.016352
0 0.097471 0.032856 0.021297 0.017787
0 0.070565 0.033718 0.023318 0.019509
0 0.046443 0.033000 0.016052 0.016630
0 0.355961 0.063269 0.144849 0.024870
0 0.684070 0.063884 0.060922 0.023509
0 0.062688 0.272685 0.014583 0.025000
0 0.272578 0.064352 0.020156 0.025000
0 0.189339 0.063935 0.133719 0.023981
0 0.932552 0.033796 0.020313 0.025000
0 0.356208 0.088898 0.144875 0.027019
0 0.914482 0.513352 0.168130 0.017296
0 0.914857 0.495583 0.168130 0.017296
0 0.919698 0.461713 0.160604 0.017296
0 0.919680 0.444056 0.160641 0.017296
0 0.919680 0.426139 0.160641 0.017296
0 0.919865 0.408546 0.160271 0.017296
0 0.517880 0.063843 0.134760 0.024167
0 0.920099 0.390792 0.159802 0.017306
0 0.919638 0.337898 0.160724 0.017296
0 0.914531 0.302833 0.168125 0.017296
0 0.914531 0.284574 0.168125 0.017296
0 0.944492 0.976662 0.010911 0.020991
0 0.932018 0.976282 0.010307 0.019176
0 0.919633 0.976394 0.011328 0.022824
0 0.925185 0.708176 0.149630 0.017296
0 0.925380 0.690056 0.149240 0.017296
0 0.925542 0.672843 0.148917 0.017296
0 0.925635 0.655370 0.148729 0.017296
0 0.835292 0.715843 0.008146 0.030981
0 0.838646 0.681431 0.014781 0.019583
0 0.838263 0.658625 0.011089 0.019343
0 0.848482 0.619912 0.034068 0.015269
0 0.063281 0.700463 0.017188 0.025000
0 0.851302 0.320833 0.042188 0.015741
0 0.236979 0.033333 0.016667 0.020370
0 0.899479 0.977315 0.021875 0.026852
0 0.939323 0.008333 0.010937 0.016667
0 0.124740 0.172685 0.008854 0.017593
0 0.974219 0.172222 0.008854 0.014815
0 0.189583 0.212500 0.077083 0.019444
0 0.134635 0.172222 0.009896 0.020370
0 0.135156 0.560185 0.007812 0.016667
0 0.124479 0.560648 0.007292 0.017593
0 0.060677 0.146296 0.016146 0.025926
0 0.197396 0.173148 0.008333 0.020370
0 0.026042 0.145370 0.050000 0.027778
0 0.124740 0.756481 0.007812 0.016667
0 0.818750 0.174537 0.013542 0.021296
0 0.984375 0.171296 0.009375 0.016667
0 0.114844 0.173611 0.010937 0.017593
0 0.025781 0.609259 0.017188 0.020370
0 0.070052 0.857870 0.140104 0.026852
0 0.070312 0.904630 0.140625 0.025926
0 0.115365 0.756481 0.006771 0.016667
0 0.105990 0.756481 0.009896 0.018519
0 0.190104 0.145833 0.017708 0.026852
0 0.078646 0.146759 0.014583 0.025000
0 0.863021 0.977315 0.015625 0.026852
0 0.115104 0.561111 0.009375 0.018519
0 0.881250 0.199537 0.032292 0.028704
0 0.098958 0.585185 0.016667 0.022222
0 0.994792 0.172222 0.009375 0.016667
0 0.134896 0.756944 0.007292 0.017593
0 0.642188 0.088889 0.015625 0.025926
0 0.080469 0.662500 0.013021 0.028704
0 0.116406 0.194907 0.010937 0.023148
0 0.062500 0.195370 0.013542 0.024074
0 0.080469 0.584722 0.015104 0.021296
0 0.846354 0.977778 0.014583 0.025926
0 0.116927 0.221759 0.013021 0.023148
0 0.008333 0.584259 0.016667 0.025926
0 0.008073 0.609722 0.016146 0.023148
0 0.170833 0.145833 0.017708 0.025000
0 0.879948 0.977315 0.014063 0.026852
0 0.098958 0.221296 0.014583 0.022222
0 0.917708 0.200463 0.036458 0.025000
0 0.207813 0.145370 0.015625 0.025926
0 0.025260 0.222222 0.015104 0.024074
0 0.988802 0.145833 0.019271 0.023148
0 0.152083 0.146296 0.019792 0.024074
0 0.116406 0.609722 0.015104 0.023148
0 0.008333 0.273148 0.014583 0.024074
0 0.079948 0.194907 0.013021 0.023148
0 0.117188 0.584722 0.015625 0.021296
0 0.008333 0.298148 0.015625 0.027778
0 0.007552 0.194907 0.015104 0.025000
0 0.627083 0.980556 0.016667 0.027778
0 0.132812 0.147685 0.014583 0.025000
0 0.098958 0.636111 0.015625 0.025926
0 0.111198 0.089815 0.016146 0.027778
0 0.327083 0.978241 0.020833 0.025000
0 0.098958 0.609722 0.015625 0.025000
0 0.026042 0.727315 0.015625 0.021296
0 0.097396 0.147222 0.017708 0.025926
0 0.316667 0.146296 0.016667 0.024074
0 0.116667 0.636574 0.015625 0.025000
0 0.659115 0.089352 0.013021 0.021296
0 0.061719 0.583796 0.015104 0.021296
0 0.466146 0.978241 0.017708 0.026852
0 0.080469 0.221759 0.013021 0.023148
0 0.025781 0.584259 0.016146 0.024074
0 0.008073 0.700463 0.016146 0.026852
0 0.025521 0.352315 0.014583 0.026852
0 0.650260 0.980556 0.017188 0.029630
0 0.008594 0.635648 0.014063 0.025000
0 0.044010 0.222222 0.013021 0.022222
0 0.672917 0.981019 0.016667 0.028704
0 0.117188 0.701389 0.014583 0.023148
0 0.114844 0.147685 0.014063 0.025000
0 0.676562 0.088426 0.012500 0.021296
0 0.008073 0.351852 0.015104 0.024074
0 0.298438 0.146296 0.015625 0.025926
0 0.099740 0.194907 0.019271 0.025000
0 0.026042 0.700463 0.014583 0.026852
0 0.008333 0.727778 0.016667 0.020370
0 0.894271 0.034259 0.013542 0.022222
0 0.489844 0.976852 0.018229 0.024074
0 0.098698 0.325463 0.013021 0.025000
0 0.007812 0.325463 0.015625 0.023148
0 0.846875 0.199537 0.035417 0.028704
0 0.026042 0.273148 0.015625 0.025926
0 0.062500 0.221759 0.013542 0.023148
0 0.967708 0.146296 0.019792 0.022222
0 0.534896 0.977778 0.017708 0.025926
0 0.227344 0.146296 0.019271 0.025926
0 0.263021 0.146759 0.014583 0.026852
0 0.604167 0.979630 0.020833 0.031481
0 0.117969 0.326389 0.017188 0.023148
0 0.043750 0.583796 0.015625 0.023148
0 0.909896 0.034259 0.013542 0.025926
0 0.694792 0.089352 0.014583 0.021296
0 0.117448 0.248148 0.014063 0.025926
0 0.062500 0.299074 0.013542 0.024074
0 0.711979 0.088889 0.013542 0.022222
0 0.729948 0.088889 0.015104 0.024074
0 0.747656 0.088889 0.014063 0.022222
0 0.973698 0.033333 0.050521 0.025926
0 0.044271 0.352778 0.015625 0.025926
0 0.025781 0.299537 0.014063 0.025000
0 0.580729 0.979167 0.018750 0.030556
0 0.080729 0.700926 0.012500 0.024074
0 0.946354 0.146759 0.013542 0.023148
0 0.063021 0.727315 0.015625 0.021296
0 0.062240 0.325463 0.013021 0.025000
0 0.080469 0.325926 0.015104 0.025926
0 0.099219 0.701389 0.014063 0.023148
0 0.044010 0.610648 0.015104 0.023148
0 0.008073 0.663426 0.016146 0.030556
0 0.558594 0.978241 0.019271 0.028704
0 0.512760 0.977315 0.017188 0.025000
0 0.245573 0.145833 0.015104 0.026852
0 0.280469 0.146296 0.018229 0.025926
0 0.025000 0.248148 0.015625 0.024074
0 0.007812 0.247222 0.013542 0.024074
0 0.080729 0.247222 0.014583 0.024074
0 0.008594 0.221759 0.014063 0.025000
0 0.080469 0.610648 0.015104 0.023148
0 0.044271 0.700926 0.014583 0.025926
0 0.043750 0.247685 0.013542 0.023148
0 0.025521 0.636111 0.016667 0.024074
0 0.025781 0.325463 0.015104 0.023148
0 0.080729 0.299074 0.014583 0.024074
0 0.025781 0.662963 0.014063 0.029630
0 0.062500 0.662500 0.015625 0.028704
0 0.099479 0.300000 0.013542 0.024074
0 0.040885 0.082870 0.021354 0.062037
0 0.044271 0.298611 0.014583 0.025000
0 0.098437 0.247685 0.012500 0.025000
0 0.044531 0.727315 0.015104 0.021296
0 0.044010 0.273148 0.015104 0.024074
0 0.396615 0.976389 0.117188 0.034259
0 0.062500 0.610648 0.014583 0.021296
0 0.044010 0.662500 0.014063 0.028704
0 0.118229 0.300463 0.017708 0.025000
0 0.044010 0.636111 0.015104 0.025926
0 0.478385 0.146759 0.015104 0.021296
0 0.044010 0.325463 0.014063 0.025000
0 0.088542 0.082407 0.023958 0.061111
0 0.080469 0.636111 0.015104 0.025926
0 0.080469 0.727315 0.014063 0.023148
0 0.065104 0.082870 0.021875 0.060185
0 0.116927 0.274074 0.014063 0.022222
0 0.062240 0.636111 0.016146 0.025926
0 0.080469 0.272685 0.015104 0.025000
0 0.016667 0.081944 0.026042 0.062037
0 0.098698 0.273611 0.013021 0.025000
0 0.070573 0.831019 0.141146 0.026852
0 0.070573 0.804630 0.141146 0.027778
