0 0.025000 0.248148 0.015625 0.024074
0 0.063281 0.700463 0.017188 0.025000
0 0.170833 0.145833 0.017708 0.025000
0 0.044010 0.610648 0.015104 0.023148
0 0.280469 0.146296 0.018229 0.025926
0 0.080469 0.325926 0.015104 0.025926
0 0.558594 0.978241 0.019271 0.028704
0 0.062240 0.325463 0.013021 0.025000
0 0.063021 0.727315 0.015625 0.021296
0 0.512760 0.977315 0.017188 0.025000
0 0.988281 0.010648 0.014063 0.021296
0 0.946354 0.146759 0.013542 0.023148
0 0.080729 0.700926 0.012500 0.024074
0 0.580729 0.979167 0.018750 0.030556
0 0.044271 0.353241 0.015625 0.026852
0 0.025781 0.299537 0.014063 0.025000
0 0.008333 0.584259 0.016667 0.025926
0 0.711979 0.088889 0.013542 0.022222
0 0.747656 0.088889 0.014063 0.022222
0 0.694792 0.089352 0.014583 0.021296
0 0.729948 0.088889 0.015104 0.024074
0 0.043750 0.583796 0.015625 0.023148
0 0.062500 0.299074 0.013542 0.024074
0 0.117188 0.248148 0.013542 0.025926
0 0.917708 0.200463 0.036458 0.025000
0 0.117969 0.326389 0.017188 0.023148
0 0.909896 0.034259 0.013542 0.025926
0 0.604167 0.979630 0.020833 0.031481
0 0.879948 0.977315 0.014063 0.026852
0 0.263021 0.146759 0.014583 0.026852
0 0.207813 0.145370 0.015625 0.025926
0 0.025260 0.222222 0.015104 0.024074
0 0.846875 0.199537 0.035417 0.028704
0 0.007812 0.325463 0.015625 0.023148
0 0.098698 0.325463 0.013021 0.025000
0 0.062500 0.221759 0.013542 0.023148
0 0.967708 0.145833 0.019792 0.023148
0 0.227344 0.146296 0.019271 0.025926
0 0.026042 0.700463 0.014583 0.026852
0 0.534896 0.977778 0.017708 0.025926
0 0.988802 0.145833 0.019271 0.023148
0 0.152083 0.146296 0.019792 0.024074
0 0.026042 0.273148 0.015625 0.025926
0 0.008333 0.727778 0.016667 0.020370
0 0.894271 0.034259 0.013542 0.022222
0 0.918490 0.063426 0.036979 0.025000
0 0.489844 0.976852 0.018229 0.024074
0 0.116406 0.609722 0.015104 0.023148
0 0.079948 0.194907 0.013021 0.023148
0 0.117188 0.701389 0.014583 0.023148
0 0.008073 0.352315 0.015104 0.025000
0 0.672917 0.981019 0.016667 0.028704
0 0.008594 0.635648 0.014063 0.025000
0 0.676562 0.088426 0.012500 0.021296
0 0.114844 0.147685 0.014063 0.025000
0 0.298698 0.146296 0.015104 0.025926
0 0.044010 0.222222 0.013021 0.022222
0 0.008333 0.273148 0.014583 0.024074
0 0.650260 0.980556 0.017188 0.029630
0 0.008073 0.700463 0.016146 0.026852
0 0.025521 0.352778 0.014583 0.025926
0 0.117188 0.584722 0.015625 0.021296
0 0.025781 0.584259 0.016146 0.024074
0 0.008333 0.298148 0.015625 0.027778
0 0.327083 0.978241 0.020833 0.025000
0 0.080469 0.221759 0.013021 0.023148
0 0.061719 0.583796 0.015104 0.021296
0 0.146875 0.193519 0.012500 0.022222
0 0.007552 0.194907 0.015104 0.025000
0 0.465885 0.977778 0.017188 0.025926
0 0.627083 0.980556 0.016667 0.027778
0 0.098958 0.609722 0.015625 0.025000
0 0.116667 0.636574 0.015625 0.025000
0 0.659115 0.089352 0.013021 0.021296
0 0.026042 0.727315 0.015625 0.021296
0 0.097396 0.147222 0.017708 0.025926
0 0.098958 0.636111 0.015625 0.025926
0 0.316667 0.146296 0.016667 0.024074
0 0.132812 0.147685 0.014583 0.025000
0 0.167422 0.172222 0.048385 0.020370
0 0.851302 0.320833 0.042188 0.015741
0 0.003646 0.781481 0.007292 0.016667
0 0.237240 0.032870 0.017188 0.021296
0 0.899740 0.977315 0.021354 0.026852
0 0.008594 0.805556 0.014063 0.022222
0 0.009896 0.805093 0.010417 0.019444
0 0.944792 0.976852 0.013542 0.025926
0 0.847656 0.373148 0.035937 0.016667
0 0.124740 0.172685 0.008854 0.017593
0 0.974219 0.172222 0.008854 0.014815
0 0.189583 0.212500 0.077083 0.019444
0 0.134635 0.172222 0.009896 0.020370
0 0.135156 0.560185 0.007812 0.016667
0 0.928385 0.087500 0.017188 0.030556
0 0.124479 0.560648 0.007292 0.017593
0 0.060677 0.146296 0.016146 0.025926
0 0.145833 0.559722 0.009375 0.019444
0 0.197396 0.173148 0.008333 0.020370
0 0.909896 0.087963 0.017708 0.027778
0 0.961458 0.010185 0.013542 0.020370
0 0.026042 0.145370 0.050000 0.027778
0 0.124740 0.756481 0.007812 0.016667
0 0.818750 0.174074 0.013542 0.022222
0 0.984375 0.171296 0.009375 0.016667
0 0.114844 0.173611 0.010937 0.017593
0 0.025781 0.609259 0.017188 0.020370
0 0.070312 0.904630 0.140625 0.025926
0 0.115365 0.756481 0.006771 0.016667
0 0.105990 0.756481 0.009896 0.018519
0 0.078646 0.146759 0.014583 0.025000
0 0.190104 0.145833 0.017708 0.026852
0 0.881250 0.199537 0.032292 0.028704
0 0.115104 0.561111 0.009375 0.018519
0 0.863021 0.977315 0.015625 0.026852
0 0.098958 0.585185 0.016667 0.022222
0 0.994792 0.172222 0.009375 0.016667
0 0.642188 0.088426 0.015625 0.026852
0 0.608594 0.076852 0.034896 0.055556
0 0.116406 0.194907 0.010937 0.023148
0 0.062500 0.195370 0.013542 0.024074
0 0.134896 0.756944 0.007292 0.017593
0 0.080469 0.584722 0.015104 0.021296
0 0.116927 0.221759 0.013021 0.023148
0 0.080469 0.662500 0.013021 0.028704
0 0.070573 0.804630 0.141146 0.027778
0 0.070573 0.831019 0.141146 0.026852
0 0.099219 0.221296 0.014063 0.022222
0 0.098698 0.273611 0.013021 0.025000
0 0.016667 0.081944 0.026042 0.062037
0 0.062240 0.636111 0.016146 0.025926
0 0.080469 0.272685 0.015104 0.025000
0 0.065104 0.082870 0.021875 0.060185
0 0.116927 0.274074 0.014063 0.022222
0 0.080469 0.727315 0.014063 0.023148
0 0.062500 0.272685 0.014583 0.025000
0 0.080469 0.636111 0.015104 0.025926
0 0.088542 0.082407 0.023958 0.061111
0 0.044010 0.636111 0.015104 0.025926
0 0.044010 0.325463 0.014063 0.025000
0 0.118229 0.300463 0.017708 0.025000
0 0.044010 0.662500 0.014063 0.028704
0 0.478385 0.146759 0.015104 0.021296
0 0.062500 0.610648 0.014583 0.021296
0 0.044531 0.727315 0.015104 0.021296
0 0.044010 0.273148 0.015104 0.024074
0 0.040885 0.083333 0.021354 0.061111
0 0.044271 0.298611 0.014583 0.025000
0 0.098437 0.247685 0.012500 0.025000
0 0.099479 0.300000 0.013542 0.024074
0 0.062500 0.662500 0.015625 0.028704
0 0.396875 0.976389 0.117708 0.034259
0 0.025781 0.662963 0.014063 0.029630
0 0.080729 0.299074 0.014583 0.024074
0 0.025521 0.636111 0.016667 0.024074
0 0.044271 0.700926 0.014583 0.025926
0 0.025781 0.325463 0.015104 0.023148
0 0.043750 0.247685 0.013542 0.023148
0 0.080469 0.610648 0.015104 0.023148
0 0.983073 0.081481 0.025521 0.062963
0 0.846615 0.977778 0.014063 0.025926
0 0.008594 0.221759 0.014063 0.025000
0 0.008073 0.609722 0.016146 0.023148
0 0.063281 0.247222 0.015104 0.024074
0 0.007812 0.247222 0.013542 0.024074
0 0.080729 0.247222 0.014583 0.024074
0 0.008073 0.663426 0.016146 0.030556
0 0.245573 0.145833 0.015104 0.026852
0 0.099219 0.701389 0.014063 0.023148
0 0.186867 0.032940 0.027245 0.021250
0 0.214648 0.031120 0.022286 0.020296
0 0.771286 0.089245 0.015438 0.021139
0 0.070052 0.857870 0.140104 0.026852
0 0.046604 0.033505 0.017615 0.021880
0 0.070815 0.033505 0.022120 0.023880
0 0.097036 0.032069 0.021156 0.018731
0 0.119510 0.033130 0.014646 0.017426
0 0.140724 0.033324 0.019167 0.020481
0 0.111901 0.062963 0.020677 0.022222
0 0.805557 0.090296 0.015573 0.022500
0 0.820229 0.088380 0.012375 0.021130
0 0.914195 0.250838 0.170099 0.018194
0 0.914089 0.268306 0.170135 0.015315
0 0.914195 0.285153 0.170568 0.017991
0 0.914141 0.303343 0.170458 0.017611
0 0.919096 0.337764 0.160443 0.016139
0 0.919937 0.391278 0.160125 0.016148
0 0.919776 0.976389 0.011906 0.022778
0 0.919596 0.408181 0.160443 0.016139
0 0.919096 0.426269 0.160443 0.016148
0 0.919596 0.443463 0.160443 0.016148
0 0.919096 0.460662 0.160443 0.016139
0 0.914747 0.497162 0.170505 0.019269
0 0.914062 0.515273 0.170500 0.017231
0 0.914823 0.532583 0.170354 0.016870
0 0.915182 0.549940 0.169635 0.016861
0 0.915182 0.566597 0.169635 0.016861
0 0.915112 0.584023 0.169776 0.016861
0 0.914891 0.602241 0.170219 0.016870
0 0.848672 0.620065 0.035646 0.013778
0 0.838357 0.659056 0.011411 0.022019
0 0.839109 0.680968 0.016365 0.019898
0 0.835234 0.715907 0.009042 0.033519
0 0.925693 0.655574 0.148615 0.015852
0 0.925344 0.671810 0.148615 0.015843
0 0.925706 0.689528 0.148589 0.015852
0 0.925831 0.707250 0.148339 0.015852
0 0.931451 0.976602 0.009839 0.021685
0 0.070336 0.925736 0.140661 0.013954
0 0.161185 0.032079 0.017016 0.020287
0 0.356318 0.063454 0.143875 0.026352
0 0.684638 0.064037 0.061349 0.023444
0 0.273229 0.064352 0.021458 0.025000
0 0.190779 0.063139 0.135609 0.023537
0 0.356487 0.089537 0.144359 0.026852
0 0.933359 0.033796 0.021927 0.025000
0 0.518021 0.062963 0.136042 0.025926
0 0.805990 0.065046 0.017188 0.020833
0 0.189117 0.087981 0.135620 0.025519
0 0.821354 0.064722 0.013542 0.020185
0 0.883870 0.081370 0.023958 0.054630
0 0.441927 0.063630 0.015104 0.024074
0 0.973698 0.033593 0.050521 0.025926
0 0.272969 0.089815 0.020938 0.024074
0 0.859047 0.080463 0.026562 0.050926
0 0.398307 0.144907 0.142969 0.025000
0 0.772396 0.065324 0.016667 0.021389
0 0.953906 0.079028 0.021354 0.056204
0 0.788318 0.090199 0.016146 0.022194
0 0.100073 0.197278 0.019271 0.025000
0 0.509974 0.088426 0.152240 0.025000
0 0.112068 0.089815 0.016146 0.027778
0 0.731419 0.063894 0.033828 0.024639
0 0.643380 0.063361 0.019792 0.023148
0 0.044305 0.194630 0.015557 0.025556
0 0.964375 0.172454 0.008958 0.016204
0 0.179849 0.863037 0.044115 0.076389
0 0.026797 0.195741 0.018177 0.026667
0 0.914479 0.917130 0.171042 0.023148
0 0.010521 0.032565 0.013958 0.018519
0 0.872604 0.637037 0.068125 0.014815
0 0.837500 0.064074 0.016667 0.022593
0 0.976349 0.976269 0.039583 0.029630
0 0.788802 0.064815 0.015104 0.020370
0 0.938458 0.009102 0.010937 0.016667
0 0.028062 0.032352 0.015104 0.020370
