0 0.846875 0.199537 0.035417 0.028704
0 0.851042 0.320370 0.041667 0.016667
0 0.919010 0.976852 0.013021 0.025926
0 0.237240 0.032870 0.017188 0.021296
0 0.899479 0.976852 0.019792 0.025926
0 0.939323 0.008333 0.010937 0.016667
0 0.193750 0.212963 0.087500 0.018519
0 0.847656 0.373148 0.035937 0.016667
0 0.124740 0.172685 0.008854 0.017593
0 0.974219 0.172222 0.008854 0.014815
0 0.134896 0.172222 0.009375 0.018519
0 0.135156 0.560185 0.007812 0.016667
0 0.124479 0.560648 0.007292 0.017593
0 0.060677 0.146296 0.016146 0.025926
0 0.197396 0.173611 0.008333 0.019444
0 0.944271 0.977315 0.013542 0.025000
0 0.026042 0.145370 0.050000 0.027778
0 0.961458 0.010185 0.013542 0.020370
0 0.124740 0.756481 0.007812 0.016667
0 0.818750 0.174074 0.013542 0.022222
0 0.984375 0.171759 0.009375 0.015741
0 0.070312 0.904630 0.140625 0.025926
0 0.115104 0.173611 0.010417 0.017593
0 0.025781 0.609259 0.017188 0.020370
0 0.862760 0.978241 0.014063 0.028704
0 0.070052 0.857870 0.140104 0.026852
0 0.879687 0.977315 0.016667 0.026852
0 0.115365 0.756481 0.006771 0.016667
0 0.190104 0.145833 0.017708 0.026852
0 0.965885 0.171759 0.011979 0.015741
0 0.608594 0.076852 0.034896 0.055556
0 0.078646 0.146759 0.014583 0.025000
0 0.105990 0.756481 0.009896 0.018519
0 0.994792 0.172222 0.009375 0.016667
0 0.338542 0.977778 0.019792 0.027778
0 0.115104 0.561111 0.009375 0.018519
0 0.098958 0.584722 0.016667 0.021296
0 0.116406 0.194907 0.010937 0.023148
0 0.881250 0.199537 0.032292 0.028704
0 0.731250 0.062963 0.035417 0.025926
0 0.080469 0.584259 0.015104 0.020370
0 0.643750 0.064352 0.019792 0.023148
0 0.062500 0.195370 0.013542 0.024074
0 0.080469 0.662500 0.013021 0.028704
0 0.098958 0.221296 0.013542 0.022222
0 0.116927 0.221759 0.013021 0.023148
0 0.170833 0.145833 0.017708 0.025000
0 0.008073 0.609722 0.016146 0.023148
0 0.207813 0.145370 0.014583 0.025926
0 0.988802 0.145833 0.019271 0.023148
0 0.661458 0.980093 0.017708 0.026852
0 0.025260 0.222222 0.015104 0.024074
0 0.008333 0.584259 0.016667 0.025926
0 0.638542 0.980093 0.015625 0.026852
0 0.116406 0.609722 0.015104 0.023148
0 0.151823 0.146296 0.019271 0.024074
0 0.917708 0.200463 0.036458 0.025000
0 0.079948 0.194907 0.013021 0.023148
0 0.008333 0.298148 0.015625 0.027778
0 0.008333 0.273148 0.014583 0.024074
0 0.007552 0.194907 0.015104 0.025000
0 0.117188 0.584722 0.015625 0.021296
0 0.098958 0.636111 0.015625 0.025926
0 0.026042 0.727315 0.015625 0.021296
0 0.116667 0.636574 0.015625 0.025000
0 0.316406 0.146296 0.016146 0.024074
0 0.111198 0.089815 0.016146 0.027778
0 0.098958 0.609722 0.015625 0.025000
0 0.097396 0.147222 0.017708 0.025926
0 0.132812 0.147685 0.014583 0.025000
0 0.659115 0.089352 0.013021 0.021296
0 0.080469 0.221759 0.013021 0.023148
0 0.061719 0.583796 0.015104 0.021296
0 0.298698 0.146296 0.015104 0.025926
0 0.008073 0.700463 0.016146 0.026852
0 0.615885 0.980093 0.019271 0.030556
0 0.044010 0.222222 0.013021 0.022222
0 0.026042 0.584259 0.016667 0.024074
0 0.025521 0.352315 0.014583 0.025000
0 0.114844 0.147685 0.014063 0.025000
0 0.117188 0.701389 0.014583 0.023148
0 0.676562 0.088426 0.012500 0.021296
0 0.008073 0.352315 0.015104 0.025000
0 0.477865 0.977778 0.017188 0.027778
0 0.008594 0.635648 0.014063 0.025000
0 0.008333 0.727778 0.016667 0.020370
0 0.894271 0.034259 0.013542 0.022222
0 0.026042 0.273148 0.015625 0.025926
0 0.227344 0.146296 0.019271 0.025926
0 0.967708 0.146296 0.019792 0.022222
0 0.909896 0.034259 0.013542 0.025926
0 0.026042 0.700926 0.014583 0.025926
0 0.062500 0.221759 0.013542 0.023148
0 0.263021 0.146759 0.014583 0.026852
0 0.098698 0.325926 0.013021 0.025926
0 0.501302 0.977315 0.017188 0.025000
0 0.117969 0.326852 0.017188 0.024074
0 0.007812 0.325463 0.015625 0.023148
0 0.592708 0.979630 0.018750 0.031481
0 0.546615 0.977778 0.017188 0.025926
0 0.729948 0.088889 0.015104 0.024074
0 0.973698 0.033333 0.050521 0.025926
0 0.747656 0.088889 0.014063 0.022222
0 0.711979 0.088889 0.013542 0.022222
0 0.117448 0.248148 0.014063 0.025926
0 0.043750 0.583796 0.015625 0.023148
0 0.694792 0.089352 0.014583 0.021296
0 0.062500 0.299074 0.013542 0.024074
0 0.025781 0.299537 0.014063 0.025000
0 0.946354 0.146296 0.013542 0.022222
0 0.044271 0.353241 0.015625 0.026852
0 0.988281 0.010648 0.014063 0.021296
0 0.570052 0.978704 0.018229 0.027778
0 0.280469 0.146296 0.018229 0.025926
0 0.080469 0.325926 0.015104 0.025926
0 0.063021 0.727315 0.015625 0.021296
0 0.523958 0.977778 0.017708 0.025926
0 0.080729 0.700926 0.012500 0.024074
0 0.062240 0.325463 0.013021 0.025000
0 0.025000 0.248148 0.015625 0.024074
0 0.044010 0.610648 0.015104 0.023148
0 0.099219 0.701389 0.014063 0.023148
0 0.008073 0.663426 0.016146 0.030556
0 0.080729 0.247222 0.014583 0.024074
0 0.063281 0.700463 0.017188 0.025000
0 0.245573 0.145833 0.014063 0.026852
0 0.008073 0.247222 0.013021 0.024074
0 0.518750 0.062500 0.137500 0.026852
0 0.008594 0.221759 0.014063 0.025000
0 0.983073 0.081481 0.025521 0.062963
0 0.080469 0.610185 0.015104 0.022222
0 0.025781 0.662963 0.014063 0.029630
0 0.043750 0.247685 0.013542 0.023148
0 0.025521 0.636111 0.016667 0.024074
0 0.025781 0.325463 0.015104 0.023148
0 0.044271 0.700926 0.014583 0.025926
0 0.080729 0.299074 0.014583 0.024074
0 0.062500 0.662500 0.015625 0.028704
0 0.040885 0.083333 0.021354 0.061111
0 0.099479 0.300000 0.013542 0.024074
0 0.044271 0.298611 0.014583 0.025000
0 0.478385 0.146759 0.015104 0.021296
0 0.062500 0.610648 0.014583 0.021296
0 0.098437 0.247685 0.012500 0.025000
0 0.044010 0.273148 0.015104 0.024074
0 0.044531 0.727315 0.015104 0.021296
0 0.044010 0.662500 0.014063 0.028704
0 0.044010 0.325000 0.014063 0.024074
0 0.118229 0.300463 0.017708 0.025000
0 0.044010 0.636111 0.015104 0.025926
0 0.088281 0.082407 0.023438 0.061111
0 0.408333 0.976389 0.116667 0.034259
0 0.080469 0.636111 0.015104 0.025926
0 0.062500 0.272685 0.014583 0.025000
0 0.080469 0.727315 0.014063 0.023148
0 0.684115 0.062500 0.061979 0.026852
0 0.116927 0.273611 0.014063 0.023148
0 0.065104 0.082870 0.021875 0.060185
0 0.080469 0.272685 0.015104 0.025000
0 0.062240 0.636111 0.016146 0.025926
0 0.016667 0.081944 0.026042 0.062037
0 0.098698 0.273611 0.013021 0.025000
0 0.070573 0.831019 0.141146 0.026852
0 0.070573 0.804630 0.141146 0.027778
0 0.885740 0.082870 0.023958 0.054630
0 0.356643 0.063843 0.144005 0.026019
0 0.273281 0.065278 0.021562 0.025000
0 0.189159 0.064120 0.134495 0.023611
0 0.357328 0.089769 0.145656 0.024167
0 0.932604 0.034259 0.020417 0.024074
0 0.805990 0.065741 0.017188 0.022222
0 0.063880 0.249009 0.016927 0.024074
0 0.821229 0.088759 0.013542 0.023593
0 0.190370 0.088222 0.137500 0.025926
0 0.442276 0.061722 0.015104 0.024074
0 0.858438 0.081481 0.025833 0.050000
0 0.772396 0.066204 0.016667 0.021296
0 0.273464 0.089815 0.021927 0.024074
0 0.953906 0.079167 0.021354 0.056481
0 0.100000 0.196472 0.018750 0.025000
0 0.787672 0.089611 0.016146 0.024037
0 0.513016 0.087963 0.154885 0.027778
0 0.398081 0.145898 0.143526 0.022222
0 0.112099 0.063426 0.018750 0.021296
0 0.919505 0.063426 0.036979 0.025000
0 0.642000 0.090657 0.018750 0.026500
0 0.135568 0.756944 0.011458 0.023148
0 0.044943 0.195519 0.015115 0.022704
0 0.180299 0.862185 0.045234 0.081389
0 0.914479 0.917593 0.171042 0.024074
0 0.026953 0.195370 0.018490 0.025926
0 0.027680 0.033435 0.014953 0.018519
0 0.871927 0.637037 0.066771 0.014815
0 0.909750 0.091630 0.017708 0.026852
0 0.836839 0.064852 0.016094 0.018241
0 0.929109 0.091889 0.017188 0.030556
0 0.165625 0.172685 0.044792 0.019444
0 0.821615 0.062917 0.013021 0.016574
0 0.068932 0.928000 0.137865 0.015111
0 0.788802 0.064444 0.015104 0.019630
0 0.008328 0.033667 0.015104 0.020370
0 0.976117 0.977778 0.039328 0.027778
0 0.931667 0.976722 0.010312 0.024259
0 0.924625 0.707616 0.150750 0.017176
0 0.924326 0.689426 0.151349 0.017167
0 0.924625 0.672306 0.150750 0.017167
0 0.925078 0.654120 0.149844 0.017167
0 0.838635 0.716074 0.018844 0.032463
0 0.838734 0.683269 0.014760 0.024870
0 0.837956 0.659611 0.012432 0.021759
0 0.848414 0.619676 0.036411 0.013907
0 0.914362 0.603463 0.169505 0.017167
0 0.914711 0.585509 0.169505 0.017167
0 0.915326 0.568176 0.169349 0.017167
0 0.915674 0.550852 0.168651 0.017167
0 0.915326 0.533519 0.169349 0.017167
0 0.914016 0.514949 0.169510 0.017176
0 0.914016 0.496380 0.169510 0.017167
0 0.919396 0.461574 0.161208 0.017167
0 0.919846 0.444454 0.160307 0.017167
0 0.919997 0.425731 0.160005 0.017167
0 0.919846 0.409148 0.160307 0.017167
0 0.919846 0.391491 0.160307 0.017167
0 0.920266 0.339009 0.159469 0.017167
0 0.914820 0.304264 0.169505 0.017176
0 0.913260 0.284843 0.169510 0.017167
0 0.913521 0.269125 0.169510 0.017176
0 0.913745 0.251167 0.169510 0.017167
0 0.804896 0.090583 0.015802 0.024074
0 0.771156 0.089245 0.015052 0.022750
0 0.214453 0.033259 0.024375 0.020333
0 0.186016 0.032454 0.026479 0.018722
0 0.161039 0.032190 0.015651 0.019250
0 0.140919 0.033181 0.020401 0.018306
0 0.119646 0.032319 0.015156 0.017269
0 0.097401 0.032319 0.024281 0.017954
0 0.070982 0.034046 0.023120 0.018648
0 0.046211 0.033181 0.018651 0.017620
