0 0.197396 0.173148 0.008333 0.020370
0 0.060677 0.146296 0.016146 0.025926
0 0.124479 0.560648 0.007292 0.017593
0 0.134896 0.560185 0.007292 0.016667
0 0.134635 0.172222 0.009896 0.020370
0 0.974219 0.172222 0.008854 0.014815
0 0.124740 0.172685 0.008854 0.017593
0 0.847656 0.373148 0.035937 0.016667
0 0.939323 0.008333 0.010937 0.016667
0 0.919010 0.976389 0.013021 0.026852
0 0.236979 0.032870 0.016667 0.021296
0 0.851302 0.320833 0.042188 0.015741
0 0.899740 0.976852 0.021354 0.025926
0 0.065104 0.082870 0.021875 0.060185
0 0.398099 0.144907 0.143385 0.025000
0 0.116927 0.274074 0.014063 0.022222
0 0.080469 0.272685 0.015104 0.025000
0 0.062240 0.636111 0.016146 0.025926
0 0.016667 0.081944 0.026042 0.062037
0 0.098698 0.273611 0.013021 0.025000
0 0.070573 0.831019 0.141146 0.026852
0 0.070573 0.804630 0.141146 0.027778
0 0.026042 0.145370 0.050000 0.027778
0 0.961719 0.010185 0.014063 0.020370
0 0.124740 0.756481 0.007812 0.016667
0 0.008073 0.700463 0.016146 0.026852
0 0.025521 0.352315 0.014583 0.026852
0 0.025781 0.584259 0.016146 0.024074
0 0.080469 0.221759 0.013021 0.023148
0 0.061719 0.583796 0.015104 0.021296
0 0.465885 0.977315 0.017188 0.026852
0 0.116667 0.636574 0.015625 0.025000
0 0.098958 0.609722 0.015625 0.025000
0 0.097396 0.147222 0.017708 0.025926
0 0.098958 0.636111 0.015625 0.025926
0 0.316667 0.146296 0.016667 0.024074
0 0.659115 0.089352 0.013021 0.021296
0 0.026042 0.727315 0.015625 0.021296
0 0.132812 0.147685 0.014583 0.025000
0 0.650000 0.980556 0.016667 0.029630
0 0.627083 0.980556 0.016667 0.027778
0 0.442188 0.088426 0.016667 0.025000
0 0.007552 0.194907 0.015104 0.025000
0 0.044010 0.222222 0.013021 0.022222
0 0.117188 0.584722 0.015625 0.021296
0 0.008594 0.635648 0.014063 0.025000
0 0.008333 0.298148 0.015625 0.027778
0 0.676562 0.088426 0.012500 0.021296
0 0.327083 0.978241 0.020833 0.025000
0 0.114844 0.147685 0.014063 0.025000
0 0.008333 0.273148 0.014583 0.024074
0 0.298438 0.146296 0.015625 0.025926
0 0.079948 0.194907 0.013021 0.023148
0 0.672917 0.981019 0.016667 0.028704
0 0.117188 0.701389 0.014583 0.023148
0 0.116406 0.609722 0.015104 0.023148
0 0.152083 0.146296 0.019792 0.024074
0 0.008073 0.351852 0.015104 0.024074
0 0.988802 0.145833 0.019271 0.023148
0 0.025260 0.222222 0.015104 0.024074
0 0.490104 0.976852 0.018750 0.024074
0 0.894271 0.034259 0.013542 0.022222
0 0.008333 0.727778 0.016667 0.020370
0 0.207813 0.145370 0.015625 0.025926
0 0.917708 0.200463 0.036458 0.025000
0 0.879948 0.977315 0.014063 0.026852
0 0.170833 0.145833 0.017708 0.025000
0 0.026042 0.700463 0.014583 0.026852
0 0.534896 0.977778 0.017708 0.025926
0 0.099219 0.221296 0.014063 0.022222
0 0.008333 0.584259 0.016667 0.025926
0 0.008073 0.609722 0.016146 0.023148
0 0.098698 0.325463 0.013021 0.025000
0 0.116927 0.221759 0.013021 0.023148
0 0.080469 0.584722 0.015104 0.021296
0 0.967708 0.145833 0.019792 0.023148
0 0.026042 0.273148 0.015625 0.025926
0 0.062500 0.221759 0.013542 0.023148
0 0.007812 0.325000 0.015625 0.024074
0 0.227344 0.146296 0.019271 0.025926
0 0.846875 0.199537 0.035417 0.028704
0 0.909896 0.034259 0.013542 0.025926
0 0.846354 0.977778 0.014583 0.025926
0 0.062500 0.195370 0.013542 0.024074
0 0.263021 0.146759 0.014583 0.026852
0 0.604167 0.979630 0.020833 0.031481
0 0.117969 0.326389 0.017188 0.023148
0 0.694792 0.089352 0.014583 0.021296
0 0.116406 0.194907 0.010937 0.023148
0 0.080469 0.662500 0.013021 0.028704
0 0.642188 0.088889 0.015625 0.025926
0 0.134896 0.756944 0.007292 0.017593
0 0.608594 0.076852 0.034896 0.055556
0 0.098958 0.585185 0.016667 0.022222
0 0.711979 0.088889 0.013542 0.022222
0 0.994792 0.172222 0.009375 0.016667
0 0.115104 0.561111 0.009375 0.018519
0 0.729948 0.088889 0.015104 0.024074
0 0.881250 0.199537 0.032292 0.028704
0 0.043750 0.583796 0.015625 0.023148
0 0.973698 0.033333 0.050521 0.025926
0 0.190104 0.145833 0.017708 0.026852
0 0.117448 0.248148 0.014063 0.025926
0 0.062500 0.299074 0.013542 0.024074
0 0.747656 0.088889 0.014063 0.022222
0 0.105990 0.756481 0.009896 0.018519
0 0.863021 0.977315 0.015625 0.026852
0 0.044271 0.353241 0.015625 0.026852
0 0.025781 0.299537 0.014063 0.025000
0 0.580729 0.979167 0.018750 0.030556
0 0.080729 0.700926 0.012500 0.024074
0 0.946354 0.146759 0.013542 0.023148
0 0.988281 0.010648 0.014063 0.021296
0 0.063021 0.727315 0.015625 0.021296
0 0.078646 0.146759 0.014583 0.025000
0 0.512760 0.977315 0.017188 0.025000
0 0.062240 0.325463 0.013021 0.025000
0 0.080469 0.325926 0.015104 0.025926
0 0.558594 0.978241 0.019271 0.028704
0 0.063281 0.700463 0.017188 0.025000
0 0.115365 0.756481 0.006771 0.016667
0 0.044010 0.610648 0.015104 0.023148
0 0.883333 0.082870 0.023958 0.054630
0 0.008073 0.663426 0.016146 0.030556
0 0.099219 0.701389 0.014063 0.023148
0 0.070312 0.905556 0.140625 0.027778
0 0.070052 0.857870 0.140104 0.026852
0 0.280469 0.146296 0.018229 0.025926
0 0.025781 0.609259 0.017188 0.020370
0 0.025000 0.248148 0.015625 0.024074
0 0.245573 0.145833 0.015104 0.026852
0 0.080729 0.247222 0.014583 0.024074
0 0.114844 0.173611 0.010937 0.017593
0 0.007812 0.247222 0.013542 0.024074
0 0.008594 0.221759 0.014063 0.025000
0 0.080469 0.610648 0.015104 0.023148
0 0.044271 0.700926 0.014583 0.025926
0 0.043750 0.247685 0.013542 0.023148
0 0.025521 0.636111 0.016667 0.024074
0 0.396875 0.976389 0.117708 0.034259
0 0.025781 0.325463 0.015104 0.023148
0 0.080729 0.299074 0.014583 0.024074
0 0.025781 0.662963 0.014063 0.029630
0 0.062500 0.662500 0.015625 0.028704
0 0.099479 0.300000 0.013542 0.024074
0 0.040885 0.083333 0.021354 0.061111
0 0.044271 0.298611 0.014583 0.025000
0 0.098437 0.247685 0.012500 0.025000
0 0.984375 0.171296 0.009375 0.016667
0 0.044531 0.727315 0.015104 0.021296
0 0.044010 0.273148 0.015104 0.024074
0 0.062500 0.610648 0.014583 0.021296
0 0.044010 0.662500 0.014063 0.028704
0 0.478385 0.146759 0.015104 0.021296
0 0.818750 0.174537 0.013542 0.021296
0 0.118229 0.300463 0.017708 0.025000
0 0.044010 0.636111 0.015104 0.025926
0 0.044010 0.325463 0.014063 0.025000
0 0.088542 0.082407 0.023958 0.061111
0 0.080469 0.636111 0.015104 0.025926
0 0.080469 0.727315 0.014063 0.023148
0 0.062500 0.272685 0.014583 0.025000
0 0.161104 0.031889 0.016167 0.017019
0 0.356268 0.062880 0.143297 0.027426
0 0.684096 0.063194 0.061078 0.024537
0 0.272760 0.064352 0.020521 0.025000
0 0.190224 0.063042 0.134865 0.024231
0 0.932578 0.033796 0.020365 0.025000
0 0.518224 0.063310 0.135010 0.024213
0 0.805990 0.065185 0.017188 0.021111
0 0.356474 0.088685 0.144344 0.024296
0 0.190135 0.088662 0.135771 0.026565
0 0.983792 0.081481 0.025521 0.062963
0 0.821354 0.065694 0.013542 0.022130
0 0.063724 0.248009 0.015990 0.025648
0 0.443510 0.064306 0.015104 0.024074
0 0.272943 0.089815 0.020885 0.024074
0 0.858443 0.080620 0.026562 0.050926
0 0.772396 0.066389 0.016667 0.023519
0 0.953906 0.078750 0.021354 0.055648
0 0.518568 0.088426 0.135469 0.028704
0 0.788615 0.091741 0.016146 0.019296
0 0.100000 0.197278 0.018750 0.025000
0 0.111745 0.062963 0.020365 0.022222
0 0.110552 0.089815 0.016146 0.027778
0 0.919349 0.064194 0.036979 0.025000
0 0.731120 0.063750 0.035156 0.024352
0 0.643859 0.062824 0.019792 0.023148
0 0.044711 0.194926 0.015682 0.024593
0 0.178667 0.862426 0.044062 0.072778
0 0.965177 0.172681 0.009729 0.014991
0 0.914714 0.917130 0.170573 0.023148
0 0.026797 0.195370 0.018177 0.025926
0 0.009055 0.032741 0.013245 0.018519
0 0.872292 0.637037 0.067500 0.014815
0 0.910005 0.090259 0.017708 0.027778
0 0.165964 0.172222 0.045469 0.020370
0 0.837135 0.063472 0.015937 0.021389
0 0.929031 0.092019 0.017188 0.031481
0 0.069792 0.927106 0.139479 0.015046
0 0.190161 0.212843 0.077083 0.019444
0 0.975461 0.976815 0.036682 0.027333
0 0.788990 0.066157 0.015104 0.023426
0 0.945417 0.976185 0.013542 0.025926
0 0.026182 0.031444 0.015104 0.020370
0 0.931880 0.976194 0.011344 0.025944
0 0.046021 0.031356 0.016823 0.020398
0 0.070214 0.032718 0.023500 0.019157
0 0.097398 0.031787 0.021411 0.017556
0 0.119117 0.031074 0.015745 0.017944
0 0.140328 0.031819 0.018500 0.016880
0 0.186039 0.031241 0.026786 0.020019
0 0.214531 0.031972 0.021594 0.017537
0 0.772260 0.089500 0.014052 0.018204
0 0.805344 0.090824 0.015635 0.024815
0 0.820841 0.089167 0.012193 0.024815
0 0.914773 0.250468 0.168859 0.016880
0 0.913776 0.267963 0.168865 0.016889
0 0.913154 0.285019 0.168859 0.016889
0 0.914273 0.303625 0.168859 0.016880
0 0.919984 0.337588 0.160031 0.016880
0 0.920122 0.391338 0.159755 0.016880
0 0.919617 0.408764 0.160766 0.016880
0 0.919690 0.426444 0.160620 0.016889
0 0.919690 0.443616 0.160620 0.016880
0 0.920299 0.462088 0.159401 0.016880
0 0.914302 0.496722 0.168865 0.016889
0 0.913143 0.514565 0.168859 0.016889
0 0.913721 0.531718 0.168859 0.016880
0 0.914482 0.548792 0.168859 0.016880
0 0.915055 0.566477 0.168859 0.016880
0 0.915055 0.584671 0.168859 0.016880
0 0.914914 0.602356 0.168859 0.016880
0 0.848779 0.620157 0.034995 0.013019
0 0.838258 0.658699 0.013693 0.023324
0 0.838401 0.680481 0.015427 0.019222
0 0.834508 0.714181 0.011964 0.035880
0 0.925284 0.654875 0.149432 0.016880
0 0.924974 0.671931 0.150052 0.016880
0 0.924786 0.689431 0.150427 0.016880
0 0.924661 0.706931 0.150677 0.016880
