0 0.117188 0.248148 0.013542 0.025926
0 0.177344 0.871759 0.031771 0.056481
0 0.879687 0.976852 0.016667 0.025926
0 0.190104 0.145833 0.017708 0.025000
0 0.338542 0.977778 0.019792 0.027778
0 0.608594 0.076852 0.034896 0.055556
0 0.115104 0.561111 0.009375 0.018519
0 0.105990 0.756481 0.009896 0.018519
0 0.965885 0.171759 0.011979 0.015741
0 0.098958 0.585185 0.016667 0.022222
0 0.078646 0.146759 0.014583 0.025000
0 0.134896 0.756481 0.007292 0.016667
0 0.994792 0.172222 0.009375 0.016667
0 0.881250 0.199537 0.032292 0.028704
0 0.116406 0.194907 0.010937 0.023148
0 0.080469 0.662500 0.013021 0.028704
0 0.062500 0.195370 0.013542 0.024074
0 0.642188 0.088889 0.015625 0.025926
0 0.080469 0.584722 0.015104 0.021296
0 0.116927 0.221759 0.013021 0.023148
0 0.170833 0.145833 0.017708 0.025000
0 0.099219 0.221296 0.014063 0.022222
0 0.008333 0.584722 0.016667 0.025000
0 0.008073 0.610185 0.016146 0.022222
0 0.917708 0.200463 0.036458 0.025000
0 0.008333 0.273148 0.014583 0.024074
0 0.207813 0.145370 0.014583 0.025926
0 0.025260 0.222222 0.015104 0.024074
0 0.988802 0.145833 0.019271 0.023148
0 0.151823 0.146296 0.019271 0.024074
0 0.116406 0.609722 0.015104 0.023148
0 0.661198 0.980093 0.017188 0.026852
0 0.079948 0.194907 0.013021 0.023148
0 0.117188 0.584722 0.015625 0.021296
0 0.007552 0.194907 0.015104 0.025000
0 0.008333 0.298148 0.015625 0.027778
0 0.638542 0.980556 0.015625 0.025926
0 0.098958 0.636111 0.015625 0.025926
0 0.132812 0.147685 0.014583 0.025000
0 0.098958 0.609722 0.015625 0.025000
0 0.111198 0.089815 0.016146 0.027778
0 0.097396 0.147222 0.017708 0.025926
0 0.026042 0.727315 0.015625 0.021296
0 0.518229 0.088426 0.139583 0.026852
0 0.116667 0.636574 0.014583 0.025000
0 0.061719 0.583796 0.015104 0.021296
0 0.316406 0.146296 0.016146 0.024074
0 0.008594 0.635648 0.014063 0.025000
0 0.918750 0.063426 0.036458 0.025000
0 0.659115 0.089352 0.013021 0.021296
0 0.008073 0.700463 0.016146 0.026852
0 0.025521 0.352315 0.014583 0.026852
0 0.025781 0.584259 0.016146 0.024074
0 0.098698 0.325926 0.013021 0.025926
0 0.080469 0.221759 0.013021 0.023148
0 0.114844 0.147685 0.014063 0.025000
0 0.044010 0.222222 0.013021 0.022222
0 0.298438 0.146296 0.015625 0.025926
0 0.117188 0.701389 0.014583 0.023148
0 0.008073 0.352315 0.015104 0.023148
0 0.615885 0.980093 0.019271 0.030556
0 0.441927 0.088426 0.016146 0.025000
0 0.676562 0.088426 0.012500 0.021296
0 0.099740 0.194907 0.019271 0.025000
0 0.894271 0.034722 0.013542 0.021296
0 0.007812 0.325463 0.015625 0.023148
0 0.026042 0.700926 0.014583 0.025926
0 0.008333 0.727778 0.016667 0.020370
0 0.909896 0.034722 0.013542 0.025000
0 0.026042 0.273148 0.015625 0.025926
0 0.967708 0.146296 0.019792 0.022222
0 0.227344 0.146296 0.019271 0.025926
0 0.080469 0.325926 0.015104 0.025926
0 0.044271 0.353241 0.015625 0.026852
0 0.062500 0.221759 0.013542 0.023148
0 0.117969 0.326852 0.017188 0.024074
0 0.946354 0.146759 0.013542 0.021296
0 0.973698 0.033333 0.050521 0.025926
0 0.263021 0.146759 0.014583 0.026852
0 0.846875 0.199537 0.035417 0.028704
0 0.043750 0.584259 0.015625 0.022222
0 0.441927 0.064815 0.015104 0.024074
0 0.729948 0.088426 0.015104 0.023148
0 0.711979 0.088889 0.013542 0.022222
0 0.062500 0.299074 0.013542 0.024074
0 0.070312 0.831019 0.140625 0.026852
0 0.694792 0.088889 0.014583 0.020370
0 0.477865 0.977315 0.017188 0.026852
0 0.098698 0.273611 0.013021 0.025000
0 0.016667 0.081944 0.026042 0.062037
0 0.080469 0.272685 0.015104 0.025000
0 0.863021 0.978241 0.014583 0.028704
0 0.062240 0.636111 0.016146 0.025926
0 0.116667 0.274074 0.013542 0.022222
0 0.062500 0.272685 0.014583 0.025000
0 0.080469 0.727315 0.014063 0.023148
0 0.065104 0.082870 0.021875 0.060185
0 0.080469 0.636111 0.015104 0.025926
0 0.044010 0.636111 0.015104 0.025926
0 0.044010 0.325463 0.014063 0.025000
0 0.062240 0.610648 0.015104 0.021296
0 0.044010 0.662500 0.014063 0.028704
0 0.098437 0.247685 0.012500 0.025000
0 0.408333 0.976389 0.116667 0.034259
0 0.478646 0.146759 0.014583 0.021296
0 0.044531 0.727315 0.015104 0.021296
0 0.044271 0.298611 0.014583 0.025000
0 0.044010 0.273148 0.015104 0.024074
0 0.118229 0.300463 0.017708 0.025000
0 0.088542 0.082407 0.023958 0.061111
0 0.040885 0.083333 0.021354 0.061111
0 0.062500 0.662500 0.015625 0.028704
0 0.099479 0.300000 0.013542 0.024074
0 0.025781 0.662963 0.014063 0.029630
0 0.025781 0.325463 0.015104 0.023148
0 0.025521 0.636111 0.016667 0.024074
0 0.043750 0.247685 0.013542 0.023148
0 0.044271 0.700926 0.014583 0.025926
0 0.080729 0.299074 0.014583 0.024074
0 0.080469 0.610648 0.015104 0.023148
0 0.080729 0.247222 0.014583 0.024074
0 0.523958 0.977315 0.016667 0.025000
0 0.518750 0.062500 0.137500 0.026852
0 0.592448 0.979630 0.018229 0.031481
0 0.747656 0.088889 0.014063 0.022222
0 0.245573 0.146296 0.014063 0.025926
0 0.008594 0.221759 0.014063 0.025000
0 0.008073 0.247222 0.013021 0.024074
0 0.099219 0.701389 0.014063 0.023148
0 0.044010 0.610648 0.015104 0.023148
0 0.025000 0.248148 0.015625 0.024074
0 0.570052 0.978704 0.018229 0.027778
0 0.063281 0.700463 0.017188 0.025000
0 0.501042 0.976852 0.016667 0.024074
0 0.280469 0.146296 0.018229 0.025926
0 0.883333 0.082870 0.023958 0.054630
0 0.025781 0.299537 0.014063 0.025000
0 0.062240 0.325463 0.013021 0.025000
0 0.080729 0.700926 0.012500 0.024074
0 0.008073 0.663426 0.016146 0.030556
0 0.546875 0.977778 0.016667 0.025926
0 0.063021 0.727315 0.015625 0.021296
0 0.919010 0.976852 0.013021 0.025926
0 0.237240 0.033333 0.017188 0.020370
0 0.899740 0.976852 0.020313 0.025926
0 0.939323 0.008333 0.010937 0.016667
0 0.124740 0.172685 0.008854 0.017593
0 0.974479 0.172222 0.008333 0.014815
0 0.193750 0.212963 0.087500 0.018519
0 0.134635 0.172222 0.009896 0.020370
0 0.135156 0.560648 0.007812 0.015741
0 0.124479 0.561111 0.007292 0.016667
0 0.060677 0.146296 0.016146 0.025926
0 0.197396 0.173611 0.008333 0.019444
0 0.124740 0.756481 0.007812 0.016667
0 0.026042 0.145370 0.050000 0.027778
0 0.818750 0.174537 0.013542 0.021296
0 0.984375 0.171296 0.009375 0.016667
0 0.115104 0.173611 0.010417 0.017593
0 0.025781 0.609259 0.017188 0.020370
0 0.070052 0.857870 0.140104 0.026852
0 0.115365 0.756481 0.006771 0.016667
0 0.141000 0.032708 0.021490 0.018509
0 0.356021 0.063380 0.145042 0.025093
0 0.684245 0.063657 0.061719 0.024537
0 0.272630 0.065278 0.020260 0.025000
0 0.189247 0.063380 0.135151 0.025093
0 0.356510 0.089519 0.145104 0.026259
0 0.933047 0.034259 0.021302 0.024074
0 0.805990 0.065509 0.017188 0.021759
0 0.064193 0.247963 0.016927 0.025556
0 0.983073 0.081250 0.025521 0.062500
0 0.189448 0.088843 0.135167 0.024167
0 0.820729 0.089759 0.013542 0.023815
0 0.988021 0.009611 0.013542 0.019222
0 0.772396 0.067407 0.016667 0.023704
0 0.858984 0.081481 0.024740 0.050000
0 0.953906 0.077546 0.021354 0.053241
0 0.788656 0.090301 0.016146 0.021806
0 0.272865 0.089815 0.020729 0.024074
0 0.111510 0.063426 0.019896 0.021296
0 0.732292 0.064352 0.034375 0.023148
0 0.643750 0.063889 0.019792 0.023148
0 0.398750 0.144907 0.142083 0.025000
0 0.044060 0.195815 0.015005 0.022000
0 0.027682 0.195833 0.018906 0.025000
0 0.914062 0.917593 0.171875 0.024074
0 0.010646 0.035407 0.014333 0.017593
0 0.872552 0.637037 0.068021 0.014815
0 0.909396 0.091972 0.017708 0.027778
0 0.945620 0.977315 0.013542 0.025000
0 0.166693 0.172685 0.046927 0.019444
0 0.962948 0.009495 0.014063 0.018991
0 0.928750 0.091102 0.016667 0.028704
0 0.821615 0.065046 0.013021 0.018981
0 0.788802 0.065463 0.015104 0.021667
0 0.837750 0.064838 0.016667 0.019676
0 0.845156 0.373148 0.031979 0.016667
0 0.027318 0.033306 0.015104 0.020370
0 0.976844 0.977250 0.038021 0.029130
0 0.931656 0.977065 0.011479 0.019907
0 0.047060 0.033750 0.016286 0.017611
0 0.070312 0.033597 0.023510 0.021491
0 0.096336 0.033301 0.021828 0.015528
0 0.119760 0.032556 0.015281 0.018204
0 0.161688 0.032838 0.012823 0.017269
0 0.185943 0.032347 0.027854 0.017954
0 0.213445 0.033278 0.021589 0.023519
0 0.771474 0.091162 0.015385 0.019343
0 0.805646 0.089870 0.014948 0.023481
0 0.914180 0.250435 0.169505 0.017167
0 0.912096 0.268935 0.169505 0.017167
0 0.911318 0.285574 0.169510 0.017167
0 0.914438 0.304074 0.169510 0.017167
0 0.918745 0.338750 0.162510 0.017167
0 0.852674 0.320722 0.044911 0.014852
0 0.919789 0.390778 0.160422 0.017167
0 0.919138 0.409269 0.161724 0.017167
0 0.918878 0.426380 0.162245 0.017167
0 0.918617 0.443486 0.162766 0.017176
0 0.918617 0.461056 0.162766 0.017167
0 0.913935 0.497435 0.169505 0.017167
0 0.912935 0.515093 0.169505 0.017167
0 0.914438 0.532963 0.169510 0.017167
0 0.915854 0.549741 0.168292 0.017167
0 0.915966 0.567324 0.168068 0.017167
0 0.915854 0.584509 0.168292 0.017167
0 0.915740 0.601292 0.168521 0.017176
0 0.847187 0.620523 0.037187 0.016639
0 0.837305 0.659356 0.014307 0.021269
0 0.837953 0.681782 0.017167 0.020806
0 0.840945 0.716458 0.018984 0.035602
0 0.924451 0.654278 0.151099 0.017167
0 0.924451 0.671389 0.151099 0.017167
0 0.925102 0.688954 0.149797 0.017167
0 0.924711 0.706065 0.150578 0.017167
0 0.070385 0.904176 0.140771 0.027926
0 0.070583 0.925815 0.141167 0.015259
