0 0.918979 0.445046 0.162042 0.017167
0 0.027292 0.033380 0.015104 0.020370
0 0.976432 0.977009 0.039062 0.028704
0 0.788802 0.064583 0.015104 0.019907
0 0.931648 0.977889 0.010036 0.024167
0 0.070052 0.905093 0.140104 0.025000
0 0.821615 0.065185 0.013021 0.021111
0 0.929078 0.091204 0.017188 0.030556
0 0.837656 0.064444 0.016979 0.021481
0 0.111719 0.063426 0.020313 0.021296
0 0.398802 0.144907 0.141979 0.025000
0 0.511732 0.090403 0.154818 0.023639
0 0.788130 0.089384 0.016146 0.022528
0 0.953906 0.077130 0.021354 0.052407
0 0.272604 0.089815 0.020208 0.024074
0 0.772396 0.065741 0.016667 0.022222
0 0.859089 0.081481 0.024531 0.050000
0 0.441927 0.062750 0.015104 0.024074
0 0.820854 0.088366 0.013542 0.020491
0 0.063672 0.247546 0.015885 0.024722
0 0.190417 0.087963 0.137500 0.025926
0 0.805990 0.065556 0.017188 0.021852
0 0.932474 0.033796 0.020156 0.025000
0 0.356180 0.089352 0.145349 0.025000
0 0.190609 0.062500 0.137500 0.026852
0 0.273542 0.065278 0.022083 0.025000
0 0.684102 0.063852 0.060755 0.023074
0 0.355596 0.062500 0.142453 0.028704
0 0.642552 0.062222 0.019792 0.023148
0 0.045302 0.194444 0.017188 0.025000
0 0.181229 0.862315 0.041094 0.075370
0 0.026693 0.195833 0.017969 0.026852
0 0.009547 0.035130 0.012740 0.018519
0 0.871771 0.637037 0.066458 0.014815
0 0.911281 0.091667 0.017708 0.027778
0 0.166826 0.173880 0.049172 0.019444
0 0.733047 0.064028 0.035417 0.025926
0 0.914583 0.917593 0.170833 0.024074
0 0.046766 0.033384 0.018740 0.018731
0 0.070854 0.033231 0.021417 0.020222
0 0.098122 0.031898 0.021745 0.016352
0 0.118586 0.032532 0.017016 0.018713
0 0.141203 0.034125 0.018813 0.017917
0 0.161805 0.033421 0.015547 0.020269
0 0.187068 0.034111 0.028760 0.018889
0 0.214922 0.032958 0.020208 0.019343
0 0.771229 0.088995 0.017062 0.021713
0 0.804518 0.089148 0.015724 0.024389
0 0.914630 0.251370 0.169510 0.017167
0 0.914031 0.268426 0.169510 0.017167
0 0.914031 0.285481 0.169510 0.017167
0 0.912831 0.303602 0.169505 0.017167
0 0.919951 0.338093 0.160099 0.017167
0 0.919380 0.392963 0.161240 0.017167
0 0.918578 0.410796 0.162844 0.017167
0 0.918378 0.427926 0.163245 0.017167
0 0.918779 0.462889 0.162443 0.017167
0 0.845482 0.373250 0.032078 0.017056
0 0.852076 0.320486 0.045870 0.013861
0 0.915576 0.496741 0.168849 0.017167
0 0.915276 0.514861 0.169448 0.017167
0 0.915005 0.532981 0.169510 0.017167
0 0.914161 0.549556 0.169510 0.017167
0 0.914115 0.566417 0.171771 0.017167
0 0.914792 0.583968 0.170417 0.017176
0 0.915865 0.601861 0.168271 0.017167
0 0.848951 0.620750 0.037932 0.016519
0 0.838013 0.658259 0.012193 0.019963
0 0.838109 0.680625 0.016646 0.020639
0 0.834432 0.714690 0.009292 0.035787
0 0.925357 0.655148 0.149286 0.017167
0 0.925357 0.672352 0.149286 0.017167
0 0.925357 0.690245 0.149286 0.017176
0 0.925065 0.708139 0.149870 0.017167
0 0.919042 0.975097 0.013302 0.024417
0 0.070424 0.926412 0.140849 0.015824
0 0.115365 0.756481 0.006771 0.016667
0 0.060677 0.146296 0.016146 0.025926
0 0.879687 0.976852 0.016667 0.027778
0 0.105990 0.756481 0.009896 0.018519
0 0.190104 0.145833 0.017708 0.026852
0 0.899740 0.976852 0.020313 0.025926
0 0.965885 0.171759 0.011979 0.015741
0 0.078646 0.146759 0.014583 0.025000
0 0.608594 0.076852 0.034896 0.055556
0 0.338281 0.978241 0.020313 0.026852
0 0.115104 0.561111 0.009375 0.018519
0 0.994792 0.172222 0.009375 0.016667
0 0.098958 0.584722 0.016667 0.021296
0 0.642188 0.088889 0.015625 0.025926
0 0.116406 0.194907 0.010937 0.023148
0 0.944792 0.977778 0.013542 0.025926
0 0.197396 0.173611 0.008333 0.019444
0 0.881250 0.199537 0.032292 0.028704
0 0.026042 0.145370 0.050000 0.027778
0 0.134896 0.756944 0.007292 0.017593
0 0.080469 0.584259 0.015104 0.020370
0 0.062500 0.195370 0.013542 0.024074
0 0.080469 0.662500 0.013021 0.028704
0 0.116927 0.221759 0.013021 0.023148
0 0.961458 0.010185 0.013542 0.020370
0 0.098958 0.221296 0.013542 0.022222
0 0.170833 0.145833 0.017708 0.025000
0 0.008073 0.610185 0.016146 0.022222
0 0.008333 0.584259 0.016667 0.025926
0 0.207813 0.145370 0.014583 0.025926
0 0.988802 0.145833 0.019271 0.023148
0 0.939323 0.008333 0.010937 0.016667
0 0.661458 0.980093 0.017708 0.026852
0 0.025260 0.222222 0.015104 0.024074
0 0.124740 0.172685 0.008854 0.017593
0 0.016667 0.081944 0.026042 0.062037
0 0.070573 0.804630 0.141146 0.027778
0 0.070573 0.831019 0.141146 0.026852
0 0.098698 0.273611 0.013021 0.025000
0 0.062240 0.636111 0.016146 0.025926
0 0.080469 0.272685 0.015104 0.025000
0 0.065104 0.082870 0.021875 0.060185
0 0.116927 0.273611 0.014063 0.023148
0 0.080469 0.727315 0.014063 0.023148
0 0.080469 0.636111 0.015104 0.025926
0 0.062500 0.272685 0.014583 0.025000
0 0.408333 0.976389 0.116667 0.034259
0 0.088542 0.082407 0.023958 0.061111
0 0.044010 0.636111 0.015104 0.025926
0 0.118229 0.300463 0.017708 0.025000
0 0.044010 0.325463 0.014063 0.025000
0 0.044010 0.662500 0.014063 0.028704
0 0.044531 0.727315 0.015104 0.021296
0 0.044010 0.273148 0.015104 0.024074
0 0.098437 0.247685 0.012500 0.025000
0 0.478385 0.146759 0.015104 0.021296
0 0.062500 0.610648 0.014583 0.021296
0 0.044271 0.298611 0.014583 0.025000
0 0.099479 0.300000 0.013542 0.024074
0 0.040885 0.083333 0.021354 0.061111
0 0.062500 0.662500 0.015625 0.028704
0 0.080729 0.299074 0.014583 0.024074
0 0.044271 0.700926 0.014583 0.025926
0 0.025521 0.636111 0.016667 0.024074
0 0.025781 0.325463 0.015104 0.023148
0 0.638542 0.980093 0.015625 0.026852
0 0.025781 0.662963 0.014063 0.029630
0 0.043750 0.247685 0.013542 0.023148
0 0.080469 0.610185 0.015104 0.022222
0 0.519010 0.062500 0.138021 0.026852
0 0.983073 0.081481 0.025521 0.062963
0 0.008594 0.221759 0.014063 0.025000
0 0.245573 0.145833 0.014063 0.026852
0 0.007812 0.247222 0.013542 0.024074
0 0.080729 0.247222 0.014583 0.024074
0 0.025000 0.248148 0.015625 0.024074
0 0.063281 0.700463 0.017188 0.025000
0 0.099219 0.701389 0.014063 0.023148
0 0.008073 0.663426 0.016146 0.030556
0 0.044010 0.610648 0.015104 0.023148
0 0.523958 0.977778 0.017708 0.025926
0 0.062240 0.325463 0.013021 0.025000
0 0.063021 0.727315 0.015625 0.021296
0 0.883333 0.082870 0.023958 0.054630
0 0.280469 0.146296 0.018229 0.025926
0 0.080469 0.325926 0.015104 0.025926
0 0.080729 0.700926 0.012500 0.024074
0 0.570052 0.978704 0.018229 0.027778
0 0.917708 0.200463 0.036458 0.025000
0 0.151823 0.146296 0.019271 0.024074
0 0.988281 0.010648 0.014063 0.021296
0 0.973698 0.033333 0.050521 0.025926
0 0.044271 0.352778 0.015625 0.025926
0 0.946354 0.146296 0.013542 0.022222
0 0.025781 0.299537 0.014063 0.025000
0 0.062500 0.299074 0.013542 0.024074
0 0.694792 0.089352 0.014583 0.021296
0 0.043750 0.583796 0.015625 0.023148
0 0.546615 0.977778 0.017188 0.025926
0 0.747656 0.088889 0.014063 0.022222
0 0.117448 0.248148 0.014063 0.025926
0 0.711979 0.088889 0.013542 0.022222
0 0.846875 0.199537 0.035417 0.028704
0 0.592708 0.979630 0.018750 0.031481
0 0.729948 0.088889 0.015104 0.024074
0 0.263021 0.146759 0.014583 0.026852
0 0.117969 0.326389 0.017188 0.023148
0 0.501042 0.977315 0.017708 0.025000
0 0.007812 0.325463 0.015625 0.023148
0 0.909896 0.034259 0.013542 0.025926
0 0.227344 0.146296 0.019271 0.025926
0 0.098698 0.325926 0.013021 0.025926
0 0.062500 0.221759 0.013542 0.023148
0 0.026042 0.273148 0.015625 0.025926
0 0.967708 0.146296 0.019792 0.022222
0 0.026042 0.700926 0.014583 0.025926
0 0.894271 0.034259 0.013542 0.022222
0 0.008333 0.727778 0.016667 0.020370
0 0.477865 0.977778 0.017188 0.027778
0 0.117188 0.701389 0.014583 0.023148
0 0.100000 0.194907 0.018750 0.025000
0 0.008594 0.635648 0.014063 0.025000
0 0.008073 0.351852 0.015104 0.024074
0 0.676562 0.088426 0.012500 0.021296
0 0.116406 0.609722 0.015104 0.023148
0 0.114844 0.147685 0.014063 0.025000
0 0.025521 0.352315 0.014583 0.025000
0 0.044010 0.222222 0.013021 0.022222
0 0.079948 0.194907 0.013021 0.023148
0 0.025781 0.584259 0.016146 0.024074
0 0.298698 0.146296 0.015104 0.025926
0 0.615885 0.980093 0.020313 0.030556
0 0.008073 0.700463 0.016146 0.026852
0 0.008333 0.273148 0.014583 0.024074
0 0.918490 0.063426 0.036979 0.025000
0 0.080469 0.221759 0.013021 0.023148
0 0.061719 0.583796 0.015104 0.021296
0 0.008333 0.298148 0.015625 0.027778
0 0.659115 0.089352 0.013021 0.021296
0 0.098958 0.609722 0.015625 0.025000
0 0.117188 0.584722 0.015625 0.021296
0 0.316406 0.146296 0.016146 0.024074
0 0.007552 0.194907 0.015104 0.025000
0 0.132812 0.147685 0.014583 0.025000
0 0.097396 0.147222 0.017708 0.025926
0 0.098958 0.636111 0.015625 0.025926
0 0.116667 0.636574 0.015625 0.025000
0 0.111198 0.089815 0.016146 0.027778
0 0.026042 0.727315 0.015625 0.021296
0 0.124740 0.756481 0.007812 0.016667
0 0.974219 0.172222 0.008854 0.014815
0 0.193750 0.212963 0.087500 0.018519
0 0.818750 0.174074 0.013542 0.022222
0 0.025521 0.258333 0.015625 0.044444
0 0.134635 0.172222 0.009896 0.020370
0 0.237240 0.032870 0.017188 0.021296
0 0.135156 0.560185 0.007812 0.016667
0 0.984375 0.171296 0.009375 0.016667
0 0.114844 0.173611 0.010937 0.017593
0 0.124479 0.560648 0.007292 0.017593
0 0.025781 0.609259 0.017188 0.020370
0 0.070052 0.857870 0.140104 0.026852
0 0.863021 0.978241 0.014583 0.028704
