0 0.914974 0.302009 0.169510 0.017167
0 0.919250 0.339046 0.161500 0.017167
0 0.919500 0.391139 0.161000 0.017167
0 0.397786 0.144907 0.144010 0.025000
0 0.919500 0.408769 0.161000 0.017167
0 0.918880 0.425843 0.162240 0.017167
0 0.918727 0.443468 0.162547 0.017176
0 0.918260 0.459991 0.163479 0.017167
0 0.914919 0.498185 0.169505 0.017167
0 0.913487 0.516028 0.169505 0.017167
0 0.915263 0.533236 0.169474 0.017176
0 0.915263 0.549167 0.169474 0.017167
0 0.916339 0.565741 0.167323 0.017167
0 0.915979 0.584222 0.168042 0.017167
0 0.161846 0.033213 0.016714 0.025370
0 0.139523 0.032019 0.020484 0.022981
0 0.118701 0.031722 0.013432 0.018204
0 0.096034 0.033213 0.020818 0.018204
0 0.070513 0.034106 0.024849 0.020602
0 0.046755 0.032764 0.014948 0.020898
0 0.839833 0.724963 0.019281 0.014278
0 0.838094 0.682116 0.015802 0.023806
0 0.837828 0.658079 0.013656 0.020472
0 0.923732 0.706519 0.152536 0.017167
0 0.923732 0.688676 0.152536 0.017167
0 0.924807 0.672106 0.150385 0.017176
0 0.925523 0.654259 0.148953 0.017167
0 0.883734 0.081093 0.023958 0.054630
0 0.915799 0.602065 0.168401 0.017167
0 0.214419 0.032282 0.021589 0.022287
0 0.355854 0.063273 0.142146 0.023546
0 0.683760 0.063426 0.059875 0.025000
0 0.273641 0.064759 0.020833 0.025000
0 0.355701 0.089093 0.145057 0.027074
0 0.190292 0.063412 0.133687 0.026269
0 0.932865 0.034259 0.020938 0.024074
0 0.805990 0.067130 0.017188 0.025000
0 0.190281 0.088565 0.135063 0.024722
0 0.821391 0.088676 0.011594 0.025056
0 0.026263 0.247468 0.012474 0.023769
0 0.009766 0.248815 0.017448 0.024074
0 0.517318 0.064583 0.134635 0.022685
0 0.442448 0.063426 0.015104 0.024074
0 0.772396 0.066343 0.016667 0.023426
0 0.859180 0.081773 0.023172 0.047009
0 0.788802 0.065602 0.016146 0.021944
0 0.272656 0.089815 0.020313 0.024074
0 0.509896 0.088426 0.152604 0.026852
0 0.112682 0.063426 0.022240 0.021296
0 0.111547 0.089194 0.016146 0.027778
0 0.045273 0.195602 0.015391 0.023611
0 0.643750 0.062500 0.019792 0.023148
0 0.965177 0.172222 0.008479 0.016667
0 0.027383 0.195917 0.018151 0.026315
0 0.181052 0.864065 0.042292 0.072963
0 0.914661 0.917593 0.170677 0.024074
0 0.009992 0.032676 0.015953 0.017593
0 0.910193 0.090620 0.017708 0.027778
0 0.873151 0.637037 0.069219 0.014815
0 0.962917 0.009630 0.011667 0.019259
0 0.945307 0.976546 0.013542 0.025926
0 0.928234 0.090546 0.017188 0.028704
0 0.821615 0.064491 0.013021 0.019722
0 0.071852 0.926681 0.141714 0.013861
0 0.806068 0.091486 0.015104 0.022954
0 0.837656 0.063935 0.016979 0.022315
0 0.851008 0.321278 0.042880 0.016667
0 0.028036 0.031083 0.015104 0.020370
0 0.932161 0.977000 0.012708 0.023148
0 0.976156 0.978407 0.036958 0.029593
0 0.187266 0.033519 0.027854 0.024759
0 0.193750 0.212963 0.087500 0.018519
0 0.788664 0.090042 0.015047 0.021954
0 0.772073 0.091074 0.016010 0.021611
0 0.844977 0.373773 0.029453 0.015231
0 0.849154 0.620537 0.039818 0.017704
0 0.914258 0.250389 0.169505 0.017167
0 0.914615 0.268866 0.169510 0.017176
0 0.914974 0.284796 0.169510 0.017167
0 0.919010 0.976852 0.013021 0.025926
0 0.899479 0.976852 0.019792 0.025926
0 0.105990 0.756481 0.009896 0.018519
0 0.080729 0.247222 0.014583 0.024074
0 0.881250 0.199537 0.032292 0.028704
0 0.134896 0.756944 0.007292 0.017593
0 0.994792 0.172222 0.009375 0.016667
0 0.116406 0.194907 0.010937 0.023148
0 0.642188 0.089352 0.015625 0.025000
0 0.080469 0.584722 0.015104 0.021296
0 0.939323 0.008333 0.010937 0.016667
0 0.008333 0.584722 0.016667 0.025000
0 0.080469 0.610185 0.015104 0.022222
0 0.080469 0.662500 0.013021 0.028704
0 0.117188 0.584722 0.015625 0.021296
0 0.025521 0.636111 0.016667 0.024074
0 0.044271 0.700926 0.014583 0.025926
0 0.008333 0.273148 0.014583 0.024074
0 0.946354 0.146296 0.013542 0.022222
0 0.983073 0.081481 0.025521 0.062963
0 0.063281 0.247222 0.015104 0.024074
0 0.918750 0.062963 0.036458 0.024074
0 0.062500 0.195370 0.013542 0.024074
0 0.116927 0.221759 0.013021 0.023148
0 0.170833 0.145833 0.017708 0.025000
0 0.008073 0.610185 0.016146 0.022222
0 0.026042 0.273148 0.015625 0.025926
0 0.729948 0.088426 0.015104 0.023148
0 0.917708 0.200463 0.036458 0.025000
0 0.207813 0.145370 0.014583 0.025926
0 0.080729 0.299074 0.014583 0.024074
0 0.954167 0.083796 0.021875 0.065741
0 0.099219 0.221296 0.014063 0.022222
0 0.062500 0.662500 0.015625 0.028704
0 0.025521 0.325463 0.015625 0.023148
0 0.026042 0.700463 0.014583 0.026852
0 0.008333 0.727778 0.016667 0.020370
0 0.043750 0.247685 0.013542 0.023148
0 0.100000 0.194907 0.018750 0.025000
0 0.408333 0.976389 0.116667 0.034259
0 0.894271 0.034259 0.013542 0.022222
0 0.088542 0.082407 0.023958 0.061111
0 0.117969 0.326389 0.017188 0.023148
0 0.117188 0.701389 0.014583 0.023148
0 0.731250 0.062963 0.036458 0.025926
0 0.661198 0.980093 0.017188 0.026852
0 0.152083 0.146296 0.019792 0.024074
0 0.988802 0.145833 0.019271 0.023148
0 0.025781 0.662963 0.014063 0.029630
0 0.040885 0.083333 0.021354 0.061111
0 0.099479 0.300000 0.013542 0.024074
0 0.044271 0.298611 0.014583 0.025000
0 0.638542 0.980556 0.015625 0.025926
0 0.008073 0.351852 0.015104 0.024074
0 0.114844 0.147685 0.014063 0.025000
0 0.116406 0.609722 0.015104 0.023148
0 0.025260 0.222222 0.015104 0.024074
0 0.227344 0.146296 0.019271 0.025926
0 0.080469 0.636111 0.015104 0.025926
0 0.065104 0.083333 0.021875 0.061111
0 0.166198 0.172222 0.045937 0.020370
0 0.070312 0.804630 0.140625 0.027778
0 0.044010 0.325000 0.014063 0.024074
0 0.592448 0.979630 0.018229 0.031481
0 0.043750 0.584259 0.015625 0.022222
0 0.080469 0.221759 0.013021 0.023148
0 0.117188 0.248148 0.013542 0.025926
0 0.044271 0.662500 0.014583 0.028704
0 0.098958 0.609722 0.015625 0.025000
0 0.747656 0.088889 0.014063 0.022222
0 0.025781 0.299537 0.014063 0.025000
0 0.044010 0.273148 0.015104 0.024074
0 0.062500 0.299074 0.013542 0.024074
0 0.080729 0.700926 0.012500 0.024074
0 0.124740 0.172685 0.008854 0.017593
0 0.098437 0.247685 0.012500 0.025000
0 0.044010 0.636111 0.015104 0.025926
0 0.846875 0.199537 0.035417 0.028704
0 0.097396 0.147222 0.017708 0.025926
0 0.044271 0.352778 0.015625 0.025926
0 0.974479 0.172222 0.008333 0.014815
0 0.988021 0.010648 0.013542 0.021296
0 0.062500 0.221759 0.013542 0.023148
0 0.711979 0.088889 0.013542 0.022222
0 0.062240 0.610648 0.015104 0.021296
0 0.146875 0.193519 0.012500 0.022222
0 0.973698 0.033333 0.050521 0.025926
0 0.316406 0.146296 0.016146 0.024074
0 0.134635 0.172222 0.009896 0.020370
0 0.501042 0.976852 0.016667 0.024074
0 0.546875 0.977778 0.016667 0.025926
0 0.063021 0.727315 0.015625 0.021296
0 0.477865 0.977315 0.017188 0.026852
0 0.135156 0.560185 0.007812 0.016667
0 0.080469 0.325926 0.015104 0.025926
0 0.116927 0.274074 0.014063 0.022222
0 0.298438 0.146296 0.015625 0.025926
0 0.062500 0.272685 0.014583 0.025000
0 0.676562 0.088426 0.012500 0.021296
0 0.008073 0.663426 0.016146 0.030556
0 0.659115 0.089352 0.013021 0.021296
0 0.008073 0.700463 0.016146 0.026852
0 0.061719 0.584259 0.015104 0.022222
0 0.025781 0.584259 0.016146 0.024074
0 0.098958 0.636111 0.015625 0.025926
0 0.008594 0.635648 0.014063 0.025000
0 0.062240 0.636111 0.016146 0.025926
0 0.044010 0.222222 0.013021 0.022222
0 0.080469 0.272685 0.015104 0.025000
0 0.116406 0.636574 0.015104 0.025000
0 0.132812 0.147685 0.014583 0.025000
0 0.616146 0.980093 0.019792 0.030556
0 0.060677 0.146296 0.016146 0.025926
0 0.025521 0.352315 0.014583 0.025000
0 0.026042 0.727315 0.015625 0.021296
0 0.016667 0.081944 0.026042 0.062037
0 0.098698 0.273611 0.013021 0.025000
0 0.070312 0.831019 0.140625 0.026852
0 0.909896 0.034259 0.013542 0.025926
0 0.124479 0.560648 0.007292 0.017593
0 0.007552 0.194907 0.015104 0.025000
0 0.063281 0.700463 0.017188 0.025000
0 0.570052 0.978704 0.018229 0.027778
0 0.008333 0.298148 0.015625 0.027778
0 0.280469 0.145833 0.018229 0.026852
0 0.044010 0.610648 0.015104 0.023148
0 0.099219 0.701389 0.014063 0.023148
0 0.237240 0.033333 0.017188 0.020370
0 0.118229 0.300463 0.017708 0.025000
0 0.062240 0.325463 0.013021 0.025000
0 0.967708 0.146296 0.019792 0.022222
0 0.197396 0.173611 0.008333 0.019444
0 0.818750 0.174537 0.013542 0.021296
0 0.478385 0.146759 0.015104 0.021296
0 0.124740 0.756481 0.007812 0.016667
0 0.026042 0.145370 0.050000 0.027778
0 0.608594 0.077315 0.034896 0.054630
0 0.984375 0.171296 0.009375 0.016667
0 0.245833 0.145833 0.014583 0.026852
0 0.070052 0.857870 0.140104 0.026852
0 0.694792 0.088889 0.014583 0.020370
0 0.115104 0.173148 0.010417 0.018519
0 0.080469 0.727315 0.014063 0.023148
0 0.079948 0.194907 0.013021 0.023148
0 0.863021 0.977778 0.014583 0.029630
0 0.025781 0.609259 0.017188 0.020370
0 0.070312 0.905093 0.140625 0.026852
0 0.008594 0.221759 0.014063 0.025000
0 0.044531 0.727315 0.015104 0.021296
0 0.115365 0.756481 0.006771 0.016667
0 0.263021 0.146759 0.014583 0.026852
0 0.879687 0.976852 0.016667 0.027778
0 0.098698 0.325463 0.013021 0.025000
0 0.007812 0.325463 0.015625 0.023148
0 0.338542 0.977778 0.019792 0.027778
0 0.523958 0.977315 0.016667 0.025000
0 0.190104 0.145833 0.017708 0.026852
0 0.134635 0.858333 0.009896 0.024074
0 0.078646 0.146759 0.014583 0.025000
0 0.115104 0.561111 0.009375 0.018519
0 0.098958 0.585185 0.016667 0.022222
