0 0.914701 0.495963 0.169505 0.017167
0 0.913352 0.513546 0.169505 0.017167
0 0.914250 0.531130 0.169510 0.017167
0 0.916323 0.548713 0.167354 0.017167
0 0.915534 0.566694 0.168932 0.017167
0 0.914266 0.585417 0.169510 0.017167
0 0.914940 0.602597 0.169505 0.017176
0 0.848276 0.620560 0.036604 0.014028
0 0.838328 0.659093 0.014375 0.023833
0 0.837453 0.682060 0.014573 0.022102
0 0.839201 0.721778 0.020005 0.016574
0 0.925258 0.654787 0.149484 0.017167
0 0.924771 0.673088 0.150458 0.017176
0 0.858552 0.080880 0.025083 0.049722
0 0.272786 0.089815 0.020573 0.024074
0 0.442599 0.064417 0.015104 0.024074
0 0.988281 0.009611 0.014063 0.019222
0 0.821401 0.091250 0.013344 0.027315
0 0.008823 0.249315 0.017229 0.024074
0 0.026344 0.248148 0.015625 0.024074
0 0.063958 0.247500 0.016458 0.024630
0 0.191419 0.089324 0.135495 0.024389
0 0.805990 0.065926 0.017188 0.022593
0 0.519466 0.063287 0.135339 0.025278
0 0.933255 0.033796 0.021719 0.025000
0 0.356016 0.089352 0.145573 0.025000
0 0.189742 0.063116 0.134161 0.023824
0 0.272969 0.064815 0.020938 0.025926
0 0.683820 0.063718 0.059443 0.023731
0 0.872500 0.637037 0.067917 0.014815
0 0.909458 0.091056 0.017708 0.027778
0 0.010495 0.032241 0.014948 0.018519
0 0.070276 0.857870 0.140104 0.026852
0 0.111443 0.093398 0.017708 0.038889
0 0.913438 0.917593 0.173125 0.022222
0 0.027083 0.195509 0.018750 0.026204
0 0.931667 0.977037 0.010208 0.027407
0 0.976083 0.977463 0.038542 0.026852
0 0.027198 0.032278 0.015104 0.020370
0 0.189531 0.211806 0.073854 0.021759
0 0.788802 0.064676 0.015104 0.020093
0 0.070492 0.926593 0.140786 0.014963
0 0.821615 0.065556 0.013021 0.021852
0 0.837823 0.065870 0.016562 0.024907
0 0.928385 0.091370 0.017188 0.030556
0 0.167161 0.172222 0.047865 0.020370
0 0.918911 0.354218 0.162177 0.017176
0 0.919698 0.336639 0.160604 0.017167
0 0.852987 0.320329 0.046641 0.016028
0 0.915344 0.302667 0.169312 0.017167
0 0.914836 0.285546 0.169505 0.017167
0 0.913333 0.268426 0.169510 0.017167
0 0.913633 0.250773 0.169505 0.017176
0 0.805500 0.089792 0.016833 0.021417
0 0.772198 0.089278 0.014948 0.022444
0 0.215602 0.031856 0.021849 0.019417
0 0.187122 0.033014 0.027307 0.022657
0 0.161245 0.032782 0.014562 0.019417
0 0.139792 0.033477 0.015344 0.018954
0 0.119844 0.033630 0.013937 0.017019
0 0.097260 0.032731 0.021490 0.017611
0 0.070396 0.034523 0.022500 0.021194
0 0.046135 0.034380 0.016958 0.019704
0 0.923995 0.690009 0.152010 0.017167
0 0.923995 0.707278 0.152010 0.017167
0 0.180146 0.862620 0.042969 0.079722
0 0.965047 0.172120 0.010094 0.016130
0 0.045023 0.195644 0.016349 0.022620
0 0.644271 0.062963 0.019792 0.023148
0 0.731443 0.062963 0.035417 0.025926
0 0.919214 0.063685 0.036979 0.025000
0 0.112281 0.062963 0.018750 0.022222
0 0.398854 0.144907 0.141875 0.025000
0 0.100146 0.196454 0.018750 0.025000
0 0.787927 0.089370 0.014979 0.024593
0 0.518609 0.088148 0.137052 0.027407
0 0.772396 0.065602 0.016667 0.021944
0 0.953906 0.077824 0.021354 0.053796
0 0.355854 0.064463 0.144542 0.025963
0 0.918659 0.391241 0.162682 0.017167
0 0.918268 0.409542 0.163464 0.017176
0 0.918172 0.426810 0.163656 0.017176
0 0.918268 0.443731 0.163464 0.017167
0 0.918755 0.461000 0.162490 0.017167
0 0.025781 0.662963 0.014063 0.029630
0 0.078646 0.146759 0.014583 0.025000
0 0.099479 0.300000 0.013542 0.024074
0 0.062500 0.662500 0.015625 0.028704
0 0.863021 0.977315 0.015625 0.026852
0 0.040885 0.082870 0.021354 0.062037
0 0.044271 0.298611 0.014583 0.025000
0 0.098437 0.247685 0.012500 0.025000
0 0.062240 0.610648 0.015104 0.021296
0 0.044531 0.727315 0.015104 0.021296
0 0.044010 0.273148 0.015104 0.024074
0 0.881250 0.199537 0.032292 0.028704
0 0.115104 0.561111 0.009375 0.018519
0 0.118229 0.300463 0.017708 0.025000
0 0.478385 0.146759 0.015104 0.021296
0 0.608594 0.076852 0.034896 0.055556
0 0.044271 0.662500 0.014583 0.028704
0 0.044010 0.636111 0.015104 0.025926
0 0.044010 0.325463 0.014063 0.025000
0 0.098958 0.585185 0.016667 0.022222
0 0.088542 0.082407 0.023958 0.061111
0 0.396615 0.976389 0.117188 0.034259
0 0.080469 0.636111 0.015104 0.025926
0 0.080469 0.727315 0.014063 0.023148
0 0.062500 0.272685 0.014583 0.025000
0 0.116667 0.274074 0.013542 0.022222
0 0.065104 0.082870 0.021875 0.060185
0 0.062240 0.636111 0.016146 0.025926
0 0.080469 0.272685 0.015104 0.025000
0 0.016667 0.081944 0.026042 0.062037
0 0.994792 0.172222 0.009375 0.016667
0 0.098698 0.273611 0.013021 0.025000
0 0.070573 0.831019 0.141146 0.026852
0 0.134896 0.756944 0.007292 0.017593
0 0.070573 0.804630 0.141146 0.027778
0 0.116406 0.194907 0.010937 0.023148
0 0.642188 0.089352 0.015625 0.025000
0 0.627083 0.980556 0.016667 0.027778
0 0.080469 0.584722 0.015104 0.021296
0 0.327083 0.978241 0.020833 0.025000
0 0.062500 0.195370 0.013542 0.024074
0 0.116927 0.221759 0.013021 0.023148
0 0.008333 0.298148 0.015625 0.027778
0 0.080469 0.662500 0.013021 0.028704
0 0.846615 0.977778 0.014063 0.025926
0 0.170833 0.145833 0.017708 0.025000
0 0.008073 0.609722 0.016146 0.023148
0 0.008333 0.584259 0.016667 0.025926
0 0.098958 0.221296 0.014583 0.022222
0 0.917708 0.200463 0.036458 0.025000
0 0.879948 0.977315 0.014063 0.026852
0 0.117188 0.584722 0.015625 0.021296
0 0.988802 0.145833 0.019271 0.023148
0 0.025260 0.222222 0.015104 0.024074
0 0.152083 0.146296 0.019792 0.024074
0 0.116406 0.609722 0.015104 0.023148
0 0.207813 0.145370 0.015625 0.025926
0 0.008333 0.273148 0.014583 0.024074
0 0.062500 0.221759 0.013542 0.023148
0 0.007812 0.325463 0.015625 0.023148
0 0.967708 0.146296 0.019792 0.022222
0 0.227344 0.146296 0.019271 0.025926
0 0.026042 0.273148 0.015625 0.025926
0 0.098698 0.325463 0.013021 0.025000
0 0.846875 0.199537 0.035417 0.028704
0 0.534896 0.977778 0.017708 0.025926
0 0.060677 0.146296 0.016146 0.025926
0 0.026042 0.700463 0.014583 0.026852
0 0.894271 0.034259 0.013542 0.022222
0 0.008333 0.727778 0.016667 0.020370
0 0.489844 0.976852 0.018229 0.024074
0 0.008073 0.351852 0.015104 0.024074
0 0.124479 0.560648 0.007292 0.017593
0 0.672917 0.981019 0.016667 0.028704
0 0.298438 0.146296 0.015625 0.025926
0 0.676562 0.088426 0.012500 0.021296
0 0.114844 0.147685 0.014063 0.025000
0 0.117188 0.701389 0.014583 0.023148
0 0.008594 0.635648 0.014063 0.025000
0 0.044010 0.222222 0.013021 0.022222
0 0.650260 0.980556 0.017188 0.029630
0 0.025521 0.352315 0.014583 0.025000
0 0.441927 0.088889 0.016146 0.024074
0 0.008073 0.700463 0.016146 0.026852
0 0.025781 0.584259 0.016146 0.024074
0 0.080469 0.221759 0.013021 0.023148
0 0.098958 0.636111 0.015625 0.025926
0 0.944010 0.976389 0.014063 0.026852
0 0.466146 0.978241 0.017708 0.026852
0 0.061719 0.583796 0.015104 0.021296
0 0.659115 0.089352 0.013021 0.021296
0 0.098958 0.609722 0.015625 0.025000
0 0.135156 0.560185 0.007812 0.016667
0 0.116406 0.636574 0.015104 0.025000
0 0.026042 0.727315 0.015625 0.021296
0 0.134635 0.172222 0.009896 0.020370
0 0.097396 0.147222 0.017708 0.025926
0 0.604167 0.979630 0.020833 0.031481
0 0.263021 0.146759 0.014583 0.026852
0 0.316667 0.146296 0.016667 0.024074
0 0.132812 0.147685 0.014583 0.025000
0 0.974219 0.172222 0.008854 0.014815
0 0.117188 0.248148 0.013542 0.025926
0 0.124740 0.172685 0.008854 0.017593
0 0.847917 0.373148 0.036458 0.016667
0 0.939323 0.008333 0.010937 0.016667
0 0.899740 0.976852 0.021354 0.025926
0 0.117969 0.326389 0.017188 0.023148
0 0.919010 0.976852 0.013021 0.025926
0 0.237240 0.033333 0.017188 0.020370
0 0.197396 0.173148 0.008333 0.020370
0 0.008073 0.146759 0.013021 0.021296
0 0.043750 0.583796 0.015625 0.023148
0 0.729948 0.088889 0.015104 0.024074
0 0.694792 0.089352 0.014583 0.021296
0 0.711979 0.088889 0.013542 0.022222
0 0.062500 0.299074 0.013542 0.024074
0 0.747656 0.088889 0.014063 0.022222
0 0.079948 0.194907 0.013021 0.023148
0 0.973698 0.033333 0.050521 0.025926
0 0.909896 0.034259 0.013542 0.025926
0 0.961458 0.010185 0.013542 0.020370
0 0.025781 0.299537 0.014063 0.025000
0 0.580729 0.979167 0.018750 0.030556
0 0.026042 0.145370 0.050000 0.027778
0 0.818750 0.174537 0.013542 0.021296
0 0.044271 0.352778 0.015625 0.025926
0 0.007552 0.194907 0.015104 0.025000
0 0.080729 0.700926 0.012500 0.024074
0 0.124740 0.756481 0.007812 0.016667
0 0.946354 0.146759 0.013542 0.023148
0 0.984375 0.171296 0.009375 0.016667
0 0.114844 0.173611 0.010937 0.017593
0 0.063021 0.727315 0.015625 0.021296
0 0.025781 0.609259 0.017188 0.020370
0 0.080469 0.326389 0.015104 0.025000
0 0.063281 0.700463 0.017188 0.025000
0 0.512760 0.977315 0.017188 0.025000
0 0.558594 0.978241 0.019271 0.028704
0 0.099219 0.701389 0.014063 0.023148
0 0.883333 0.082870 0.023958 0.054630
0 0.062240 0.325463 0.013021 0.025000
0 0.044010 0.610648 0.015104 0.023148
0 0.070312 0.904630 0.140625 0.025926
0 0.280469 0.146296 0.018229 0.025926
0 0.115365 0.756481 0.006771 0.016667
0 0.008073 0.663426 0.016146 0.030556
0 0.105990 0.756481 0.009896 0.018519
0 0.245573 0.145833 0.015104 0.026852
0 0.080729 0.247222 0.014583 0.024074
0 0.008594 0.221759 0.014063 0.025000
0 0.190104 0.145833 0.017708 0.026852
0 0.080469 0.610185 0.015104 0.022222
0 0.044271 0.700926 0.014583 0.025926
0 0.025521 0.636111 0.016667 0.024074
0 0.983073 0.082407 0.025521 0.062963
0 0.025781 0.325463 0.015104 0.023148
0 0.080729 0.299074 0.014583 0.024074
0 0.043750 0.247685 0.013542 0.023148
