0 0.939063 0.008333 0.010417 0.014815
0 0.025521 0.259722 0.015625 0.041667
0 0.009635 0.905556 0.010937 0.016667
0 0.984375 0.171296 0.009375 0.016667
0 0.097135 0.145833 0.017188 0.023148
0 0.883688 0.079426 0.024479 0.050926
0 0.080469 0.610185 0.015104 0.022222
0 0.098698 0.325463 0.013021 0.025000
0 0.535417 0.977315 0.016667 0.025000
0 0.518516 0.063519 0.134427 0.024815
0 0.043750 0.247222 0.013542 0.022222
0 0.816667 0.318981 0.042708 0.025000
0 0.063281 0.700926 0.017188 0.024074
0 0.683823 0.063889 0.060896 0.024074
0 0.044010 0.662500 0.014063 0.028704
0 0.080729 0.246759 0.013542 0.023148
0 0.772135 0.089352 0.016146 0.023148
0 0.063281 0.247222 0.015104 0.022222
0 0.025781 0.145370 0.050521 0.027778
0 0.974479 0.172222 0.008333 0.014815
0 0.025000 0.247685 0.015625 0.023148
0 0.117188 0.247685 0.013542 0.025000
0 0.044271 0.352778 0.015625 0.025926
0 0.008073 0.247222 0.014063 0.024074
0 0.069792 0.857870 0.139583 0.026852
0 0.603906 0.979630 0.020313 0.031481
0 0.983073 0.081944 0.025521 0.063889
0 0.747656 0.089352 0.014063 0.021296
0 0.899219 0.977778 0.020313 0.022222
0 0.062500 0.299074 0.013542 0.024074
0 0.806536 0.065787 0.015052 0.022870
0 0.044010 0.610648 0.015104 0.023148
0 0.580990 0.978704 0.018229 0.029630
0 0.396875 0.976389 0.116667 0.034259
0 0.043750 0.584259 0.015625 0.022222
0 0.124479 0.561111 0.007292 0.016667
0 0.008594 0.221759 0.014063 0.025000
0 0.079687 0.145833 0.013542 0.023148
0 0.026042 0.272685 0.015625 0.025000
0 0.080990 0.700463 0.013021 0.023148
0 0.271094 0.064352 0.018229 0.023148
0 0.007812 0.325463 0.015625 0.023148
0 0.062500 0.221759 0.013542 0.021296
0 0.025521 0.299537 0.013542 0.025000
0 0.070312 0.804630 0.140625 0.027778
0 0.135156 0.560185 0.007812 0.014815
0 0.610570 0.075431 0.034453 0.058843
0 0.070312 0.830093 0.140625 0.026852
0 0.730208 0.088889 0.014583 0.022222
0 0.917708 0.200463 0.036458 0.025000
0 0.117188 0.701389 0.013542 0.023148
0 0.945576 0.978278 0.012599 0.024222
0 0.932273 0.975370 0.013255 0.020407
0 0.919161 0.976616 0.012229 0.022898
0 0.572523 0.520509 0.162078 0.023648
0 0.676823 0.087963 0.011979 0.022222
0 0.664018 0.470838 0.347474 0.023509
0 0.062500 0.662500 0.015625 0.028704
0 0.117969 0.325926 0.018229 0.024074
0 0.627344 0.980093 0.015104 0.026852
0 0.596424 0.426685 0.213714 0.025278
0 0.650521 0.981481 0.016667 0.029630
0 0.025781 0.662500 0.014063 0.028704
0 0.815104 0.293056 0.046875 0.025000
0 0.207552 0.146759 0.014063 0.021296
0 0.466406 0.978241 0.017188 0.025000
0 0.815365 0.579167 0.045312 0.025000
0 0.008073 0.663426 0.016146 0.028704
0 0.080729 0.221296 0.012500 0.022222
0 0.227083 0.147222 0.017708 0.022222
0 0.099740 0.194444 0.019271 0.024074
0 0.007812 0.610648 0.015625 0.021296
0 0.664273 0.400528 0.347474 0.025278
0 0.672917 0.981481 0.016667 0.029630
0 0.044010 0.222222 0.013021 0.022222
0 0.025521 0.351852 0.014583 0.025926
0 0.517854 0.636296 0.050625 0.014444
0 0.562846 0.495023 0.146005 0.021620
0 0.919906 0.062963 0.036458 0.024074
0 0.635625 0.295602 0.290208 0.023611
0 0.838099 0.065093 0.015469 0.022778
0 0.665049 0.373009 0.347474 0.025278
0 0.643750 0.063667 0.019792 0.022222
0 0.665391 0.551389 0.348385 0.028704
0 0.664831 0.346954 0.347474 0.025278
0 0.820828 0.087583 0.012500 0.018704
0 0.805490 0.088602 0.014323 0.020741
0 0.788875 0.088833 0.015781 0.021759
0 0.772312 0.064528 0.014323 0.022963
0 0.070672 0.925787 0.141021 0.013981
0 0.060521 0.145426 0.015490 0.026963
0 0.214349 0.031991 0.020302 0.017852
0 0.186542 0.033241 0.026677 0.018815
0 0.161104 0.033037 0.015552 0.021481
0 0.140099 0.033324 0.017823 0.020907
0 0.119688 0.032856 0.014146 0.017287
0 0.097487 0.033046 0.021057 0.018463
0 0.070576 0.032801 0.022172 0.019713
0 0.788854 0.065093 0.015000 0.020926
0 0.117188 0.222222 0.012500 0.022222
0 0.659115 0.088889 0.013021 0.020370
0 0.172396 0.146296 0.017708 0.024074
0 0.167734 0.173148 0.047969 0.018519
0 0.441927 0.063889 0.015104 0.022222
0 0.063281 0.727315 0.015104 0.019444
0 0.099219 0.221296 0.013021 0.022222
0 0.928385 0.090481 0.017188 0.026852
0 0.046568 0.032917 0.015104 0.020370
0 0.025781 0.584259 0.017188 0.024074
0 0.190365 0.146759 0.014063 0.023148
0 0.007812 0.297685 0.015625 0.026852
0 0.914531 0.918056 0.170938 0.023148
0 0.183302 0.862569 0.050313 0.088991
0 0.810786 0.263185 0.011979 0.024074
0 0.975630 0.975898 0.038740 0.032167
0 0.008333 0.272685 0.014583 0.023148
0 0.881250 0.199537 0.033333 0.028704
0 0.271094 0.090741 0.017188 0.025926
0 0.026604 0.033824 0.011583 0.018519
0 0.110937 0.089815 0.016667 0.027778
0 0.026042 0.726852 0.015625 0.020370
0 0.115365 0.756481 0.005729 0.014815
0 0.909635 0.033796 0.013021 0.025000
0 0.910182 0.088787 0.017708 0.025000
0 0.125000 0.756481 0.007292 0.014815
0 0.016406 0.082870 0.026562 0.060185
0 0.152083 0.146296 0.018750 0.024074
0 0.710938 0.634722 0.077083 0.025000
0 0.098958 0.609722 0.015625 0.023148
0 0.963130 0.009417 0.009375 0.018833
0 0.894271 0.034259 0.014583 0.022222
0 0.327083 0.978241 0.020833 0.025000
0 0.008333 0.033333 0.014583 0.020370
0 0.817187 0.815278 0.041667 0.025000
0 0.007812 0.584259 0.015625 0.024074
0 0.973479 0.033833 0.051562 0.026852
0 0.116667 0.636574 0.014583 0.023148
0 0.098958 0.636111 0.014583 0.024074
0 0.946354 0.146759 0.012500 0.023148
0 0.197396 0.174074 0.007292 0.016667
0 0.134896 0.172222 0.009375 0.018519
0 0.934063 0.034259 0.023333 0.024074
0 0.237240 0.032870 0.017188 0.019444
0 0.967969 0.145833 0.019271 0.023148
0 0.065104 0.083333 0.022917 0.059259
0 0.008333 0.635648 0.014583 0.023148
0 0.111927 0.063667 0.019271 0.020370
0 0.062500 0.636111 0.015625 0.025926
0 0.512500 0.976852 0.016667 0.024074
0 0.088542 0.082407 0.023958 0.059259
0 0.044531 0.726852 0.015104 0.020370
0 0.117188 0.585185 0.015625 0.020370
0 0.707812 0.604630 0.048958 0.024074
0 0.116927 0.274074 0.014063 0.022222
0 0.079948 0.194907 0.013021 0.023148
0 0.080469 0.727315 0.014063 0.023148
0 0.098698 0.273611 0.013021 0.025000
0 0.988802 0.145370 0.019271 0.022222
0 0.080469 0.272685 0.015104 0.025000
0 0.098437 0.247685 0.012500 0.023148
0 0.846875 0.199074 0.036458 0.027778
0 0.558594 0.977315 0.018229 0.025000
0 0.080729 0.635648 0.014583 0.025000
0 0.080729 0.299074 0.014583 0.024074
0 0.118490 0.300463 0.017188 0.025000
0 0.796094 0.634259 0.084896 0.024074
0 0.099479 0.300000 0.013542 0.024074
0 0.008073 0.700926 0.016146 0.025926
0 0.042448 0.195370 0.018229 0.025926
0 0.062500 0.272222 0.014583 0.024074
0 0.762500 0.604167 0.052083 0.025000
0 0.044010 0.636574 0.015104 0.025000
0 0.025521 0.222222 0.014583 0.024074
0 0.062240 0.610648 0.015104 0.021296
0 0.044271 0.325463 0.013542 0.023148
0 0.008333 0.194907 0.016667 0.025000
0 0.080469 0.325926 0.015104 0.025926
0 0.116406 0.610185 0.015104 0.022222
0 0.354687 0.062500 0.147917 0.028704
0 0.044010 0.273148 0.015104 0.024074
0 0.099219 0.701389 0.014063 0.023148
0 0.041146 0.083796 0.021875 0.060185
0 0.061719 0.583796 0.015104 0.021296
0 0.008333 0.728241 0.016667 0.019444
0 0.026302 0.700926 0.014063 0.025926
0 0.353646 0.088426 0.150000 0.026852
0 0.044531 0.298611 0.014063 0.025000
0 0.815625 0.604630 0.045833 0.024074
0 0.694792 0.088426 0.017708 0.023148
0 0.062240 0.325463 0.013021 0.025000
0 0.008073 0.352315 0.014063 0.023148
0 0.490104 0.976852 0.017708 0.022222
0 0.190318 0.087870 0.136760 0.025741
0 0.954818 0.081157 0.020573 0.058611
0 0.987911 0.009495 0.012500 0.018991
0 0.821563 0.065556 0.013229 0.022407
0 0.641406 0.090278 0.014063 0.023148
0 0.510000 0.088889 0.152292 0.024074
0 0.025521 0.325000 0.015625 0.022222
0 0.025521 0.636111 0.016667 0.024074
0 0.711979 0.088426 0.013542 0.023148
0 0.859141 0.078704 0.024427 0.046296
0 0.770052 0.814815 0.042188 0.025926
0 0.062500 0.195370 0.013542 0.024074
0 0.080208 0.584259 0.015625 0.020370
0 0.964844 0.172685 0.009896 0.015741
0 0.880208 0.978241 0.013542 0.023148
0 0.070312 0.905093 0.140625 0.026852
0 0.199479 0.212500 0.098958 0.019444
0 0.819531 0.173611 0.010937 0.019444
0 0.994792 0.171759 0.009375 0.017593
0 0.731372 0.064319 0.034964 0.023454
0 0.098958 0.585185 0.016667 0.020370
0 0.025781 0.609722 0.017188 0.019444
0 0.116406 0.194444 0.010937 0.022222
0 0.134896 0.756944 0.007292 0.015741
0 0.025260 0.195833 0.011979 0.025000
0 0.132812 0.146296 0.014583 0.020370
0 0.863281 0.978241 0.015104 0.023148
0 0.044010 0.701389 0.014063 0.025000
0 0.124740 0.172685 0.007812 0.017593
0 0.115104 0.561574 0.009375 0.017593
0 0.115365 0.146759 0.016146 0.023148
0 0.105990 0.756481 0.009896 0.016667
0 0.846615 0.978241 0.014063 0.023148
0 0.080469 0.662037 0.014063 0.027778
0 0.189438 0.063278 0.135500 0.023963
0 0.835417 0.261111 0.011458 0.022222
0 0.115625 0.172222 0.010417 0.018519
