0 0.514375 0.601389 0.080833 0.015741
0 0.805638 0.471380 0.029109 0.023352
0 0.747049 0.506806 0.115536 0.031574
0 0.637609 0.475324 0.036125 0.021611
0 0.677180 0.477157 0.035609 0.022019
0 0.604214 0.475426 0.027542 0.019426
0 0.666927 0.694907 0.386979 0.019444
0 0.518307 0.585741 0.089740 0.016667
0 0.517526 0.552778 0.088177 0.018519
0 0.539263 0.475523 0.019849 0.020417
0 0.518411 0.569444 0.088906 0.014815
0 0.571096 0.476616 0.035568 0.023787
0 0.632552 0.728241 0.042188 0.025000
0 0.585938 0.728241 0.041667 0.025000
0 0.846354 0.441204 0.008333 0.019444
0 0.473438 0.477778 0.023958 0.016667
0 0.845052 0.473148 0.034896 0.027778
0 0.534896 0.506019 0.127083 0.026852
0 0.507292 0.477315 0.041667 0.025000
0 0.870313 0.441204 0.011458 0.023148
0 0.837500 0.728241 0.047917 0.025000
0 0.806250 0.826852 0.041667 0.024074
0 0.853125 0.827315 0.042708 0.025000
0 0.834375 0.506019 0.055208 0.026852
0 0.492188 0.728241 0.041667 0.025000
0 0.538802 0.728241 0.042188 0.025000
0 0.701042 0.728241 0.041667 0.025000
0 0.755469 0.728241 0.056771 0.025000
