0 0.570339 0.423611 0.100052 0.025000
0 0.588542 0.286111 0.109375 0.022222
0 0.572760 0.399074 0.101042 0.022222
0 0.574167 0.372222 0.114792 0.024074
0 0.563542 0.336111 0.084375 0.022222
0 0.585258 0.237056 0.129161 0.020222
0 0.585130 0.506481 0.128698 0.024074
0 0.590339 0.261574 0.106823 0.023148
0 0.585156 0.561574 0.128646 0.025000
0 0.570260 0.450000 0.108646 0.020370
0 0.583516 0.480093 0.131927 0.025000
0 0.647333 0.202583 0.013021 0.022944
0 0.585052 0.533333 0.128854 0.025926
0 0.563099 0.312963 0.084219 0.022222
0 0.595313 0.612037 0.109375 0.025926
0 0.594792 0.637963 0.109375 0.018519
0 0.622135 0.203241 0.007812 0.019444
0 0.637500 0.425000 0.017708 0.024074
0 0.582031 0.732407 0.041146 0.025926
0 0.628906 0.732870 0.042188 0.025000
0 0.594792 0.587037 0.109375 0.024074
