0 0.124479 0.561111 0.007292 0.016667
0 0.070312 0.804630 0.140625 0.027778
0 0.070312 0.830556 0.140625 0.027778
0 0.016406 0.081944 0.026562 0.062037
0 0.098698 0.273611 0.013021 0.025000
0 0.062240 0.636111 0.016146 0.025926
0 0.080469 0.272685 0.015104 0.025000
0 0.116927 0.274074 0.014063 0.022222
0 0.065104 0.083333 0.021875 0.059259
0 0.062500 0.272685 0.014583 0.025000
0 0.080469 0.727315 0.014063 0.023148
0 0.080469 0.635648 0.015104 0.025000
0 0.118229 0.300463 0.017708 0.025000
0 0.044531 0.726852 0.015104 0.020370
0 0.044010 0.636111 0.015104 0.025926
0 0.044010 0.325463 0.014063 0.023148
0 0.062240 0.610648 0.015104 0.021296
0 0.098437 0.247685 0.012500 0.025000
0 0.088542 0.082407 0.023958 0.061111
0 0.040885 0.083333 0.021354 0.061111
0 0.044271 0.298611 0.014583 0.025000
0 0.099479 0.300000 0.013542 0.024074
0 0.044010 0.273148 0.015104 0.024074
0 0.080729 0.299074 0.014583 0.024074
0 0.025521 0.325463 0.015625 0.023148
0 0.044010 0.662500 0.014063 0.028704
0 0.044271 0.700926 0.014583 0.025926
0 0.025521 0.636111 0.016667 0.024074
0 0.512760 0.977315 0.017188 0.025000
0 0.043750 0.247685 0.013542 0.023148
0 0.099219 0.701389 0.014063 0.023148
0 0.396875 0.976389 0.116667 0.034259
0 0.983073 0.082407 0.025521 0.064815
0 0.080729 0.247222 0.014583 0.024074
0 0.063281 0.700463 0.017188 0.025000
0 0.080469 0.610185 0.015104 0.022222
0 0.883333 0.081481 0.023958 0.053704
0 0.973698 0.033333 0.050521 0.025926
0 0.558594 0.978241 0.019271 0.026852
0 0.044010 0.610648 0.015104 0.023148
0 0.062240 0.325463 0.013021 0.025000
0 0.008594 0.221759 0.014063 0.025000
0 0.117188 0.248148 0.013542 0.025926
0 0.080469 0.326389 0.015104 0.025000
0 0.080990 0.700463 0.013021 0.023148
0 0.062500 0.662500 0.015625 0.028704
0 0.025781 0.662963 0.014063 0.029630
0 0.580729 0.979167 0.018750 0.030556
0 0.062500 0.299074 0.013542 0.024074
0 0.846875 0.199537 0.035417 0.028704
0 0.043750 0.584259 0.015625 0.022222
0 0.025781 0.299537 0.014063 0.025000
0 0.729948 0.088426 0.015104 0.023148
0 0.044271 0.352778 0.015625 0.025926
0 0.603906 0.979630 0.020313 0.031481
0 0.712240 0.088889 0.014063 0.022222
0 0.117969 0.326389 0.017188 0.023148
0 0.062500 0.221759 0.013542 0.023148
0 0.490104 0.977315 0.018750 0.023148
0 0.535156 0.977315 0.017188 0.025000
0 0.008073 0.663889 0.016146 0.029630
0 0.747396 0.088889 0.014583 0.022222
0 0.967708 0.146296 0.019792 0.022222
0 0.694792 0.088889 0.014583 0.020370
0 0.007812 0.325463 0.015625 0.023148
0 0.946354 0.146296 0.013542 0.022222
0 0.676562 0.088426 0.012500 0.021296
0 0.441667 0.064815 0.015625 0.024074
0 0.672917 0.981019 0.016667 0.028704
0 0.063021 0.726852 0.015625 0.020370
0 0.008333 0.727778 0.016667 0.020370
0 0.098698 0.325463 0.013021 0.025000
0 0.117188 0.701389 0.014583 0.023148
0 0.026042 0.272685 0.015625 0.025000
0 0.026042 0.700926 0.014583 0.025926
0 0.894531 0.034259 0.014063 0.022222
0 0.909896 0.033796 0.013542 0.025000
0 0.207813 0.146296 0.014583 0.024074
0 0.008073 0.352315 0.015104 0.023148
0 0.080469 0.221296 0.013021 0.022222
0 0.100000 0.194444 0.019792 0.024074
0 0.044010 0.222222 0.013021 0.022222
0 0.650260 0.981481 0.017188 0.029630
0 0.190365 0.146296 0.015104 0.025926
0 0.025521 0.352315 0.014583 0.026852
0 0.008073 0.700463 0.016146 0.026852
0 0.172135 0.146296 0.018229 0.025926
0 0.465885 0.977778 0.017188 0.025926
0 0.025521 0.584259 0.017708 0.024074
0 0.627344 0.980556 0.016146 0.027778
0 0.659375 0.089352 0.013542 0.021296
0 0.110937 0.089815 0.016667 0.027778
0 0.007812 0.610185 0.015625 0.022222
0 0.227083 0.146296 0.017708 0.024074
0 0.026042 0.726852 0.015625 0.020370
0 0.116406 0.636574 0.015104 0.025000
0 0.008594 0.635185 0.014063 0.024074
0 0.061719 0.584259 0.015104 0.022222
0 0.918750 0.063426 0.036458 0.025000
0 0.327083 0.978241 0.020833 0.025000
0 0.152083 0.145833 0.018750 0.025000
0 0.098958 0.610185 0.015625 0.024074
0 0.008333 0.298148 0.015625 0.027778
0 0.917448 0.200463 0.036979 0.025000
0 0.098958 0.636574 0.014583 0.025000
0 0.988802 0.145833 0.019271 0.023148
0 0.008333 0.194907 0.016667 0.025000
0 0.146615 0.193519 0.011979 0.022222
0 0.008333 0.273148 0.014583 0.024074
0 0.116927 0.221759 0.013021 0.023148
0 0.117188 0.585185 0.015625 0.020370
0 0.098958 0.221296 0.014583 0.022222
0 0.007812 0.584722 0.015625 0.025000
0 0.879948 0.977315 0.014063 0.026852
0 0.116406 0.609722 0.015104 0.023148
0 0.025521 0.222222 0.014583 0.024074
0 0.079948 0.194907 0.013021 0.023148
0 0.881250 0.199537 0.032292 0.028704
0 0.846354 0.977778 0.014583 0.025926
0 0.080208 0.585185 0.015625 0.020370
0 0.062500 0.195370 0.013542 0.024074
0 0.134896 0.756944 0.007292 0.017593
0 0.994792 0.172222 0.009375 0.016667
0 0.863021 0.977315 0.015625 0.026852
0 0.965885 0.171759 0.011979 0.015741
0 0.116406 0.194444 0.010937 0.022222
0 0.115104 0.146296 0.015625 0.024074
0 0.080469 0.662037 0.014063 0.027778
0 0.098958 0.585185 0.016667 0.022222
0 0.115104 0.561111 0.009375 0.018519
0 0.105729 0.757407 0.010417 0.018519
0 0.070312 0.905093 0.140625 0.026852
0 0.133073 0.145833 0.015104 0.021296
0 0.025781 0.609259 0.017188 0.020370
0 0.115104 0.756481 0.006250 0.016667
0 0.115625 0.172222 0.010417 0.020370
0 0.097135 0.146296 0.017188 0.024074
0 0.819531 0.174074 0.010937 0.020370
0 0.984375 0.171296 0.009375 0.016667
0 0.070052 0.858333 0.140104 0.027778
0 0.025781 0.145370 0.050521 0.027778
0 0.124740 0.756481 0.007812 0.016667
0 0.608594 0.077778 0.034896 0.051852
0 0.197656 0.173611 0.008854 0.019444
0 0.135156 0.560185 0.007812 0.016667
0 0.134896 0.172222 0.009375 0.020370
0 0.939323 0.008333 0.010937 0.016667
0 0.079167 0.145370 0.013542 0.024074
0 0.974219 0.172222 0.008854 0.014815
0 0.189583 0.212500 0.077083 0.019444
0 0.124740 0.172685 0.007812 0.017593
0 0.160156 0.213889 0.011979 0.016667
0 0.919010 0.976389 0.013021 0.026852
0 0.167214 0.172222 0.046927 0.020370
0 0.773221 0.064926 0.013828 0.020815
0 0.772943 0.090102 0.013271 0.022796
0 0.097182 0.032380 0.024198 0.020611
0 0.789669 0.066514 0.013714 0.021213
0 0.788721 0.090796 0.014495 0.021019
0 0.806839 0.065931 0.015052 0.024361
0 0.010354 0.034472 0.015333 0.018519
0 0.190372 0.087046 0.134568 0.025741
0 0.805724 0.090500 0.014385 0.021611
0 0.821781 0.063343 0.010594 0.022000
0 0.120148 0.032773 0.015276 0.019824
0 0.140612 0.032972 0.018734 0.016648
0 0.162378 0.032023 0.020151 0.022287
0 0.509766 0.088889 0.151823 0.024074
0 0.186708 0.034810 0.026125 0.018306
0 0.858854 0.081019 0.025000 0.049074
0 0.954167 0.080880 0.021875 0.059907
0 0.213578 0.032287 0.022542 0.016981
0 0.839589 0.659130 0.015625 0.022222
0 0.271471 0.089546 0.022109 0.024074
0 0.045677 0.195824 0.017188 0.025000
0 0.112229 0.062046 0.018750 0.021296
0 0.643271 0.089028 0.016146 0.025926
0 0.644198 0.064745 0.019792 0.019676
0 0.730573 0.064074 0.035104 0.023704
0 0.684190 0.064093 0.059745 0.022074
0 0.272018 0.064352 0.022057 0.025000
0 0.933047 0.034259 0.021302 0.024074
0 0.064469 0.248019 0.015625 0.024074
0 0.190669 0.064676 0.132724 0.021574
0 0.838917 0.682949 0.015625 0.024343
0 0.356253 0.064042 0.143432 0.024565
0 0.009078 0.248287 0.016688 0.024074
0 0.025599 0.248417 0.015625 0.024074
0 0.822339 0.087727 0.011708 0.021213
0 0.974891 0.977657 0.037354 0.032315
0 0.988193 0.008500 0.014583 0.017000
0 0.945508 0.975579 0.012266 0.022194
0 0.180458 0.861806 0.043802 0.077870
0 0.925109 0.654630 0.149479 0.016667
0 0.027453 0.196065 0.016885 0.025000
0 0.872135 0.637037 0.067187 0.014815
0 0.355583 0.090009 0.144458 0.026833
0 0.964224 0.009111 0.015625 0.018222
0 0.910411 0.090269 0.017708 0.026852
0 0.839958 0.716185 0.017708 0.030148
0 0.931904 0.973500 0.010703 0.020019
0 0.928729 0.089597 0.018229 0.024509
0 0.913958 0.917593 0.172083 0.022222
0 0.845391 0.373148 0.032448 0.016667
0 0.918568 0.338889 0.162865 0.016667
0 0.027557 0.035130 0.015104 0.020370
0 0.069622 0.925690 0.139193 0.013620
0 0.851995 0.320528 0.042188 0.015741
0 0.914062 0.250463 0.171875 0.017593
0 0.061562 0.147509 0.019271 0.019444
0 0.046336 0.032329 0.015724 0.019231
0 0.518359 0.063102 0.132969 0.023519
0 0.925073 0.706796 0.149479 0.016667
0 0.925219 0.688750 0.149479 0.016667
0 0.925073 0.672028 0.149479 0.016667
0 0.849130 0.619421 0.034885 0.012676
0 0.915115 0.602019 0.169771 0.017593
0 0.915263 0.585028 0.169474 0.017593
0 0.915411 0.567250 0.169177 0.017593
0 0.915411 0.550000 0.169177 0.017593
0 0.915375 0.532102 0.169250 0.017593
0 0.915375 0.514602 0.169250 0.017593
0 0.915375 0.496481 0.169250 0.017593
0 0.920161 0.461796 0.159677 0.017593
0 0.919815 0.444120 0.160370 0.017593
0 0.919583 0.426028 0.160833 0.017593
0 0.919469 0.407537 0.161062 0.017593
0 0.919701 0.389861 0.160599 0.017593
0 0.915349 0.303481 0.169302 0.017593
0 0.915177 0.286287 0.169646 0.017593
0 0.914659 0.268481 0.170682 0.017593
0 0.837839 0.064236 0.014833 0.015065
0 0.069953 0.032028 0.023417 0.024574
