0 0.585938 0.728241 0.041667 0.025000
0 0.834375 0.506481 0.055208 0.025926
0 0.632812 0.728241 0.041667 0.025000
0 0.755208 0.728241 0.056250 0.025000
0 0.701042 0.728241 0.041667 0.025000
0 0.492188 0.728241 0.041667 0.025000
0 0.539062 0.728241 0.041667 0.025000
0 0.853125 0.827315 0.041667 0.025000
0 0.507292 0.477315 0.041667 0.025000
0 0.806250 0.826852 0.041667 0.024074
0 0.870573 0.440741 0.010937 0.020370
0 0.837500 0.728704 0.047917 0.024074
0 0.535156 0.505556 0.127604 0.025926
0 0.844792 0.473148 0.035417 0.027778
0 0.846354 0.440741 0.007292 0.018519
0 0.569732 0.478005 0.035339 0.019954
0 0.539148 0.477431 0.022193 0.018806
0 0.748385 0.506944 0.112604 0.026852
0 0.472766 0.475259 0.022604 0.019833
0 0.805961 0.473227 0.030776 0.021806
0 0.675523 0.477898 0.036099 0.019648
0 0.667031 0.695833 0.389271 0.017593
0 0.515964 0.569444 0.085052 0.016667
0 0.513880 0.553241 0.081927 0.015741
0 0.638044 0.477282 0.036099 0.017194
0 0.604799 0.476824 0.029016 0.016889
