0 0.008073 0.700463 0.016146 0.026852
0 0.747969 0.507824 0.113437 0.025093
0 0.355630 0.063560 0.144573 0.023602
0 0.189826 0.063963 0.135141 0.022000
0 0.683979 0.063843 0.059958 0.024167
0 0.189615 0.088301 0.135146 0.023213
0 0.518750 0.062782 0.133854 0.023898
0 0.272844 0.063815 0.020313 0.024074
0 0.933125 0.033796 0.021458 0.025000
0 0.026339 0.247685 0.015625 0.023148
0 0.009062 0.247222 0.016042 0.024074
0 0.883667 0.080426 0.023958 0.052778
0 0.063724 0.247407 0.015990 0.024444
0 0.859167 0.079167 0.024375 0.047222
0 0.988208 0.009236 0.012500 0.018472
0 0.509349 0.088889 0.150990 0.024074
0 0.111276 0.063889 0.020469 0.020370
0 0.272891 0.089398 0.020781 0.023241
0 0.731375 0.063426 0.033917 0.025000
0 0.009505 0.196093 0.016667 0.025000
0 0.356383 0.089014 0.145880 0.026046
0 0.045992 0.194861 0.016641 0.025926
0 0.027786 0.195370 0.017031 0.025926
0 0.643875 0.063685 0.019792 0.023148
0 0.179844 0.863222 0.044219 0.078148
0 0.515195 0.554778 0.082005 0.015741
0 0.027174 0.034176 0.014193 0.018519
0 0.915016 0.919676 0.169969 0.022222
0 0.963396 0.008611 0.009375 0.017222
0 0.945828 0.976852 0.014063 0.025926
0 0.909896 0.088630 0.017708 0.025926
0 0.666250 0.695833 0.386667 0.017593
0 0.507203 0.477972 0.040365 0.021667
0 0.928125 0.089417 0.017708 0.026852
0 0.807081 0.474667 0.028755 0.020370
0 0.608854 0.075648 0.034375 0.055000
0 0.195997 0.213537 0.085297 0.019444
0 0.167745 0.173713 0.046823 0.019444
0 0.070078 0.926273 0.138490 0.013009
0 0.070573 0.905093 0.140625 0.025926
0 0.009328 0.034083 0.014063 0.018889
0 0.046391 0.033718 0.015104 0.018176
0 0.977180 0.975931 0.037932 0.027787
0 0.070370 0.034759 0.022750 0.019630
0 0.097221 0.033120 0.022922 0.016944
0 0.119052 0.033269 0.014719 0.017852
0 0.140799 0.033569 0.018068 0.022009
0 0.161878 0.034162 0.017401 0.019028
0 0.186135 0.033718 0.028104 0.018139
0 0.214240 0.034014 0.022417 0.016954
0 0.772458 0.064699 0.013542 0.020269
0 0.772536 0.089745 0.013906 0.020565
0 0.789568 0.066130 0.013490 0.021852
0 0.789281 0.089556 0.015833 0.020556
0 0.806156 0.064741 0.013750 0.022407
0 0.805688 0.089417 0.014167 0.021019
0 0.820990 0.063324 0.010625 0.019556
0 0.820927 0.088981 0.012000 0.021111
0 0.837669 0.062991 0.015495 0.016667
0 0.914622 0.250343 0.168568 0.018389
0 0.913961 0.268731 0.168568 0.018389
0 0.925104 0.286199 0.149792 0.016306
0 0.925094 0.302917 0.149792 0.016315
0 0.925169 0.320134 0.149661 0.016306
0 0.915135 0.337139 0.169312 0.016315
0 0.915151 0.355940 0.169313 0.016306
0 0.915151 0.373486 0.169313 0.016306
0 0.838852 0.289398 0.016755 0.018852
0 0.838010 0.312537 0.014823 0.022278
0 0.915661 0.408718 0.168677 0.016306
0 0.472161 0.477116 0.023990 0.018583
0 0.539367 0.478278 0.020255 0.019574
0 0.569297 0.477704 0.034990 0.018926
0 0.603161 0.477958 0.026990 0.018861
0 0.637964 0.478056 0.034615 0.020444
0 0.674635 0.476944 0.032490 0.017778
0 0.515010 0.570667 0.082083 0.014778
0 0.932073 0.976653 0.010583 0.020731
0 0.059763 0.145634 0.016870 0.025102
0 0.070573 0.804630 0.141146 0.027778
0 0.834375 0.506481 0.055208 0.025926
0 0.070312 0.830093 0.140625 0.026852
0 0.016406 0.082407 0.026562 0.061111
0 0.098698 0.273611 0.013021 0.025000
0 0.065104 0.083333 0.022917 0.059259
0 0.512500 0.976852 0.016667 0.024074
0 0.062240 0.636111 0.016146 0.025926
0 0.116667 0.274074 0.013542 0.022222
0 0.044531 0.726852 0.015104 0.020370
0 0.973698 0.032870 0.051562 0.026852
0 0.080208 0.272685 0.014583 0.025000
0 0.080469 0.635648 0.015104 0.025000
0 0.118229 0.300463 0.016667 0.025000
0 0.088542 0.082407 0.023958 0.059259
0 0.098437 0.247685 0.012500 0.025000
0 0.099479 0.300000 0.013542 0.024074
0 0.099219 0.701389 0.014063 0.023148
0 0.919010 0.062963 0.035937 0.024074
0 0.062500 0.272685 0.014583 0.025000
0 0.044271 0.325463 0.013542 0.023148
0 0.080469 0.299074 0.014063 0.024074
0 0.040885 0.083796 0.022396 0.060185
0 0.044010 0.273148 0.015104 0.024074
0 0.062240 0.610648 0.015104 0.021296
0 0.062240 0.325926 0.013021 0.024074
0 0.044010 0.636574 0.015104 0.025000
0 0.044531 0.298611 0.014063 0.025000
0 0.080729 0.326389 0.014583 0.025000
0 0.983073 0.080093 0.025521 0.062037
0 0.025521 0.325000 0.015625 0.022222
0 0.117969 0.325926 0.017188 0.024074
0 0.080469 0.726852 0.014063 0.022222
0 0.044010 0.247685 0.013021 0.023148
0 0.025521 0.636111 0.016667 0.024074
0 0.098698 0.325463 0.013021 0.025000
0 0.117188 0.247685 0.013542 0.025000
0 0.044271 0.352778 0.015625 0.025926
0 0.490104 0.977315 0.018750 0.023148
0 0.694792 0.088426 0.017708 0.023148
0 0.080729 0.247222 0.013542 0.024074
0 0.080469 0.610185 0.015104 0.022222
0 0.712240 0.088426 0.014063 0.023148
0 0.747656 0.088889 0.014063 0.020370
0 0.008594 0.221759 0.014063 0.025000
0 0.026042 0.272685 0.015625 0.025000
0 0.062500 0.299074 0.013542 0.024074
0 0.580729 0.978241 0.017708 0.028704
0 0.044010 0.662500 0.014063 0.028704
0 0.558594 0.977778 0.018229 0.025926
0 0.117188 0.701389 0.013542 0.021296
0 0.080990 0.700463 0.013021 0.023148
0 0.466406 0.978241 0.017188 0.025000
0 0.043750 0.584259 0.015625 0.022222
0 0.063281 0.700926 0.017188 0.024074
0 0.044010 0.701389 0.014063 0.025000
0 0.535156 0.977315 0.017188 0.025000
0 0.044010 0.610648 0.015104 0.023148
0 0.729948 0.088426 0.015104 0.023148
0 0.007812 0.325463 0.015625 0.023148
0 0.025781 0.299537 0.014063 0.025000
0 0.603906 0.979630 0.020313 0.031481
0 0.099740 0.194444 0.019271 0.024074
0 0.025781 0.662500 0.014063 0.028704
0 0.909896 0.034259 0.013542 0.025926
0 0.062500 0.221759 0.013542 0.023148
0 0.008073 0.663889 0.016146 0.029630
0 0.755208 0.728241 0.056250 0.025000
0 0.063021 0.727315 0.015625 0.019444
0 0.080729 0.221296 0.012500 0.022222
0 0.953906 0.080093 0.021354 0.058333
0 0.967708 0.146296 0.019792 0.022222
0 0.025521 0.351852 0.014583 0.025926
0 0.008073 0.352315 0.014063 0.023148
0 0.062500 0.662500 0.015625 0.028704
0 0.025781 0.584259 0.017188 0.024074
0 0.044010 0.222685 0.013021 0.023148
0 0.846875 0.199537 0.035417 0.028704
0 0.676562 0.087500 0.011458 0.021296
0 0.586198 0.727778 0.042188 0.025926
0 0.492448 0.728241 0.042188 0.025000
0 0.441667 0.064352 0.015625 0.023148
0 0.837760 0.728241 0.048438 0.025000
0 0.894271 0.034722 0.014583 0.023148
0 0.627344 0.980556 0.016146 0.027778
0 0.650781 0.981481 0.017188 0.029630
0 0.172135 0.146296 0.018229 0.025926
0 0.672917 0.981019 0.016667 0.030556
0 0.008333 0.728241 0.016667 0.019444
0 0.190365 0.146759 0.014063 0.025000
0 0.116927 0.221759 0.011979 0.023148
0 0.327083 0.978704 0.019792 0.024074
0 0.806250 0.826852 0.041667 0.024074
0 0.008333 0.272685 0.014583 0.023148
0 0.207813 0.145833 0.014583 0.023148
0 0.079948 0.194907 0.011979 0.023148
0 0.099219 0.221296 0.013021 0.022222
0 0.007812 0.610648 0.015625 0.021296
0 0.007812 0.298148 0.015625 0.027778
0 0.110937 0.090278 0.016667 0.026852
0 0.061719 0.584259 0.015104 0.022222
0 0.917188 0.200000 0.036458 0.024074
0 0.946354 0.146759 0.013542 0.021296
0 0.025781 0.609722 0.017188 0.019444
0 0.539062 0.728241 0.041667 0.025000
0 0.659115 0.088889 0.013021 0.020370
0 0.008073 0.584259 0.016146 0.025926
0 0.988802 0.145370 0.019271 0.022222
0 0.025521 0.222222 0.014583 0.024074
0 0.227083 0.146759 0.017708 0.023148
0 0.026042 0.701389 0.014583 0.026852
0 0.098958 0.636111 0.014583 0.024074
0 0.026042 0.726852 0.015625 0.020370
0 0.117188 0.584722 0.015625 0.021296
0 0.116667 0.636574 0.014583 0.023148
0 0.008594 0.636111 0.014063 0.024074
0 0.152083 0.145833 0.018750 0.025000
0 0.098958 0.610185 0.015625 0.024074
0 0.116406 0.609722 0.015104 0.023148
0 0.899479 0.977778 0.020833 0.024074
0 0.939323 0.007870 0.010937 0.015741
0 0.079687 0.145833 0.013542 0.025000
0 0.124740 0.172685 0.007812 0.017593
0 0.197396 0.174074 0.007292 0.016667
0 0.844531 0.473148 0.035937 0.029630
0 0.134896 0.171759 0.009375 0.019444
0 0.919010 0.976852 0.014063 0.024074
0 0.534375 0.506019 0.127083 0.026852
0 0.974479 0.172222 0.008333 0.014815
0 0.134896 0.560648 0.007292 0.015741
0 0.125000 0.756481 0.007292 0.014815
0 0.236979 0.033796 0.016667 0.019444
0 0.124479 0.561111 0.007292 0.016667
0 0.348698 0.977315 0.017188 0.028704
0 0.025781 0.145370 0.050521 0.027778
0 0.984115 0.171759 0.008854 0.015741
0 0.846094 0.441667 0.010937 0.020370
0 0.097135 0.146296 0.017188 0.024074
0 0.115625 0.171759 0.010417 0.019444
0 0.069271 0.858333 0.138542 0.027778
0 0.080469 0.662037 0.014063 0.027778
0 0.133073 0.145833 0.015104 0.021296
0 0.863021 0.977778 0.015625 0.024074
0 0.098958 0.584722 0.016667 0.021296
0 0.846875 0.978241 0.013542 0.023148
0 0.881250 0.199537 0.032292 0.028704
0 0.994792 0.171759 0.009375 0.015741
0 0.115104 0.756481 0.006250 0.014815
0 0.641927 0.088889 0.015104 0.024074
0 0.080208 0.584722 0.015625 0.021296
0 0.116667 0.195370 0.010417 0.022222
0 0.105729 0.756944 0.009375 0.017593
0 0.870052 0.442130 0.014063 0.023148
0 0.115365 0.146296 0.016146 0.024074
0 0.115104 0.561111 0.009375 0.018519
0 0.879948 0.978241 0.014063 0.023148
0 0.134896 0.756944 0.007292 0.015741
0 0.632812 0.727778 0.041667 0.025926
0 0.701042 0.728241 0.041667 0.025000
0 0.964583 0.172685 0.009375 0.015741
0 0.062500 0.195370 0.013542 0.024074
0 0.819531 0.173611 0.010937 0.019444
