0 0.070391 0.925745 0.140781 0.014250
0 0.182164 0.861986 0.044953 0.074361
0 0.027865 0.195972 0.017188 0.025278
0 0.644083 0.064056 0.019792 0.023148
0 0.026104 0.222222 0.014583 0.024074
0 0.044779 0.194481 0.015859 0.025926
0 0.854068 0.826852 0.042188 0.024074
0 0.111849 0.063889 0.021615 0.020370
0 0.913099 0.918056 0.173802 0.023148
0 0.509557 0.088889 0.151406 0.024074
0 0.100578 0.197713 0.017927 0.024074
0 0.731508 0.063370 0.034484 0.025630
0 0.026208 0.272685 0.015625 0.025000
0 0.859010 0.079167 0.024688 0.047222
0 0.063984 0.247546 0.016510 0.024722
0 0.081635 0.247028 0.014063 0.024074
0 0.009245 0.247963 0.016406 0.025556
0 0.027266 0.247685 0.016146 0.023148
0 0.684695 0.063352 0.060089 0.023370
0 0.933125 0.034259 0.021458 0.024074
0 0.189531 0.088236 0.134167 0.024083
0 0.519263 0.063662 0.137505 0.020843
0 0.189557 0.062954 0.132135 0.025352
0 0.748464 0.506481 0.112448 0.025926
0 0.507292 0.478287 0.041667 0.021204
0 0.910865 0.089972 0.017708 0.025926
0 0.535250 0.506796 0.127292 0.022222
0 0.928948 0.090722 0.017188 0.026852
0 0.167083 0.173148 0.046667 0.018519
0 0.046292 0.033935 0.015104 0.018426
0 0.976633 0.976532 0.035953 0.027898
0 0.772180 0.089435 0.013391 0.020926
0 0.772612 0.065245 0.013391 0.020157
0 0.213612 0.033069 0.022557 0.017991
0 0.186357 0.033708 0.025880 0.018250
0 0.161706 0.033454 0.016193 0.016704
0 0.140164 0.032681 0.020245 0.018250
0 0.119776 0.032681 0.015615 0.018250
0 0.097773 0.032958 0.019484 0.016324
0 0.070586 0.034551 0.021995 0.017676
0 0.521664 0.554208 0.095943 0.016306
0 0.521198 0.570727 0.096563 0.016306
0 0.521193 0.586208 0.096156 0.016306
0 0.521758 0.603069 0.096901 0.016306
0 0.919294 0.976625 0.012745 0.021324
0 0.931852 0.976625 0.011120 0.019546
0 0.944224 0.975958 0.012125 0.019991
0 0.060419 0.146079 0.015870 0.022898
0 0.789352 0.065630 0.013391 0.022463
0 0.788435 0.089727 0.015880 0.022657
0 0.805607 0.064764 0.014797 0.022269
0 0.805391 0.088958 0.015010 0.021509
0 0.821753 0.063032 0.011495 0.019991
0 0.821565 0.086806 0.011870 0.021333
0 0.837560 0.063037 0.015120 0.017333
0 0.804578 0.472319 0.028781 0.023454
0 0.538633 0.477736 0.018943 0.017472
0 0.569284 0.477606 0.033974 0.018769
0 0.603372 0.477792 0.026870 0.017769
0 0.637672 0.478347 0.034740 0.017546
0 0.675089 0.477454 0.031667 0.017222
0 0.027573 0.033491 0.013146 0.018519
0 0.666510 0.695833 0.388229 0.017593
0 0.016406 0.082407 0.026562 0.061111
0 0.042448 0.728704 0.018229 0.020370
0 0.473698 0.478241 0.023438 0.015741
0 0.237240 0.033796 0.016146 0.017593
0 0.899479 0.978241 0.020833 0.023148
0 0.608594 0.075000 0.034896 0.055556
0 0.008333 0.033333 0.014583 0.020370
0 0.939323 0.007870 0.010937 0.015741
0 0.115885 0.756944 0.007812 0.015741
0 0.134896 0.172222 0.009375 0.018519
0 0.079687 0.145833 0.013542 0.023148
0 0.124740 0.173148 0.007812 0.016667
0 0.199219 0.212500 0.099479 0.019444
0 0.125000 0.756481 0.007292 0.014815
0 0.197396 0.174074 0.007292 0.016667
0 0.069792 0.857870 0.139583 0.026852
0 0.847135 0.441204 0.013021 0.025000
0 0.135156 0.560185 0.007812 0.014815
0 0.124479 0.561111 0.007292 0.016667
0 0.025781 0.145370 0.050521 0.027778
0 0.974479 0.172222 0.008333 0.014815
0 0.844792 0.472685 0.035417 0.028704
0 0.984115 0.171296 0.008854 0.016667
0 0.080469 0.662500 0.014063 0.026852
0 0.097135 0.145833 0.017188 0.023148
0 0.115625 0.172222 0.010417 0.018519
0 0.105729 0.756481 0.009375 0.016667
0 0.025781 0.609722 0.017188 0.019444
0 0.963021 0.010185 0.009375 0.020370
0 0.132812 0.146296 0.014583 0.020370
0 0.863021 0.977778 0.014583 0.022222
0 0.846875 0.977778 0.013542 0.022222
0 0.098958 0.584722 0.016667 0.021296
0 0.994792 0.171759 0.009375 0.017593
0 0.115104 0.146759 0.015625 0.023148
0 0.134896 0.756944 0.007292 0.015741
0 0.080208 0.584722 0.015625 0.021296
0 0.641927 0.088889 0.015104 0.024074
0 0.819531 0.173611 0.010937 0.019444
0 0.880208 0.978704 0.013542 0.022222
0 0.116667 0.195370 0.010417 0.022222
0 0.115104 0.561574 0.009375 0.017593
0 0.870052 0.441204 0.013021 0.025000
0 0.062240 0.195370 0.013021 0.024074
0 0.881510 0.199537 0.032813 0.028704
0 0.070312 0.905093 0.140625 0.026852
0 0.008333 0.194907 0.016667 0.025000
0 0.008073 0.584722 0.016146 0.025000
0 0.659115 0.088889 0.013021 0.020370
0 0.964583 0.172685 0.009375 0.015741
0 0.701562 0.728241 0.041667 0.025000
0 0.008594 0.635648 0.014063 0.023148
0 0.098958 0.636111 0.014583 0.024074
0 0.988802 0.145370 0.019271 0.022222
0 0.152083 0.146296 0.018750 0.024074
0 0.226823 0.146759 0.017188 0.023148
0 0.116667 0.636574 0.014583 0.023148
0 0.909896 0.034259 0.013542 0.024074
0 0.098958 0.610185 0.015625 0.024074
0 0.117188 0.585185 0.015625 0.020370
0 0.946094 0.146759 0.013021 0.021296
0 0.026302 0.726852 0.015104 0.020370
0 0.116406 0.610185 0.015104 0.022222
0 0.110937 0.089815 0.016667 0.025926
0 0.190365 0.146296 0.014063 0.024074
0 0.007812 0.297685 0.015625 0.026852
0 0.327083 0.978704 0.019792 0.024074
0 0.099219 0.221296 0.014063 0.022222
0 0.026042 0.700926 0.013542 0.025926
0 0.008333 0.272685 0.014583 0.023148
0 0.116667 0.221759 0.012500 0.021296
0 0.271094 0.090741 0.017188 0.025926
0 0.172135 0.146296 0.018229 0.025926
0 0.079948 0.195370 0.011979 0.022222
0 0.894531 0.034259 0.014063 0.022222
0 0.061719 0.583796 0.015104 0.021296
0 0.672917 0.981481 0.016667 0.029630
0 0.007812 0.610185 0.015625 0.020370
0 0.441667 0.064352 0.015625 0.023148
0 0.062500 0.662500 0.015625 0.028704
0 0.967708 0.146296 0.019792 0.022222
0 0.953906 0.083333 0.021354 0.062963
0 0.044010 0.222222 0.013021 0.022222
0 0.207552 0.146296 0.014063 0.022222
0 0.008073 0.700926 0.016146 0.025926
0 0.008073 0.352315 0.014063 0.023148
0 0.627083 0.980556 0.015625 0.027778
0 0.008073 0.728241 0.016146 0.019444
0 0.353646 0.088426 0.150000 0.026852
0 0.025781 0.584259 0.017188 0.024074
0 0.919010 0.062963 0.035937 0.024074
0 0.650781 0.981481 0.017188 0.029630
0 0.008073 0.663426 0.016146 0.028704
0 0.806250 0.826852 0.041667 0.024074
0 0.837500 0.728241 0.047917 0.025000
0 0.063281 0.727315 0.015104 0.019444
0 0.025781 0.352315 0.014063 0.025000
0 0.080729 0.221296 0.012500 0.022222
0 0.676823 0.087500 0.010937 0.021296
0 0.026042 0.662500 0.013542 0.028704
0 0.632552 0.728241 0.042188 0.025000
0 0.755208 0.728241 0.056250 0.025000
0 0.062500 0.221759 0.013542 0.021296
0 0.025781 0.299537 0.014063 0.025000
0 0.917448 0.200000 0.035937 0.024074
0 0.044010 0.610648 0.015104 0.023148
0 0.044010 0.662500 0.014063 0.028704
0 0.730208 0.088889 0.014583 0.022222
0 0.466146 0.978241 0.016667 0.025000
0 0.603906 0.979630 0.020313 0.031481
0 0.080990 0.700463 0.013021 0.023148
0 0.007812 0.325463 0.015625 0.023148
0 0.535156 0.977315 0.017188 0.025000
0 0.988021 0.010648 0.012500 0.021296
0 0.043750 0.584259 0.015625 0.022222
0 0.539062 0.727778 0.041667 0.025926
0 0.008594 0.221759 0.014063 0.025000
0 0.062500 0.299074 0.013542 0.024074
0 0.580729 0.978241 0.017708 0.028704
0 0.063281 0.700926 0.017188 0.024074
0 0.883333 0.080556 0.023958 0.051852
0 0.044010 0.700926 0.014063 0.024074
0 0.080469 0.610185 0.015104 0.022222
0 0.747396 0.088889 0.013542 0.020370
0 0.117188 0.701389 0.013542 0.021296
0 0.558594 0.977778 0.018229 0.025926
0 0.043750 0.247222 0.013542 0.022222
0 0.117188 0.247685 0.013542 0.025000
0 0.712240 0.088889 0.013021 0.022222
0 0.044271 0.352778 0.015625 0.025926
0 0.025521 0.636111 0.016667 0.024074
0 0.271354 0.064815 0.017708 0.024074
0 0.490104 0.977315 0.017708 0.023148
0 0.098698 0.325463 0.013021 0.025000
0 0.694792 0.088426 0.017708 0.023148
0 0.117708 0.325926 0.017708 0.024074
0 0.080469 0.726852 0.014063 0.022222
0 0.025521 0.325000 0.015625 0.022222
0 0.044271 0.298611 0.014583 0.025000
0 0.846875 0.199074 0.035417 0.027778
0 0.044010 0.273148 0.015104 0.024074
0 0.586198 0.727778 0.042188 0.025926
0 0.044010 0.636574 0.015104 0.025000
0 0.062240 0.325926 0.013021 0.024074
0 0.040625 0.083796 0.021875 0.060185
0 0.062240 0.610648 0.015104 0.021296
0 0.088542 0.082407 0.023958 0.059259
0 0.044271 0.325463 0.013542 0.023148
0 0.062500 0.272222 0.014583 0.024074
0 0.080469 0.326389 0.015104 0.025000
0 0.080729 0.299074 0.014583 0.024074
0 0.099479 0.300000 0.013542 0.024074
0 0.098437 0.247685 0.012500 0.023148
0 0.080469 0.635648 0.015104 0.025000
0 0.492188 0.728241 0.041667 0.025000
0 0.118229 0.300463 0.016667 0.025000
0 0.080469 0.272685 0.015104 0.025000
0 0.099219 0.701389 0.014063 0.023148
0 0.116667 0.274074 0.013542 0.022222
0 0.973698 0.033333 0.051562 0.025926
0 0.062500 0.636111 0.015625 0.025926
0 0.512500 0.976852 0.016667 0.024074
0 0.065104 0.083333 0.022917 0.059259
0 0.834375 0.506019 0.055208 0.026852
0 0.044531 0.726852 0.015104 0.020370
0 0.098698 0.273611 0.013021 0.025000
0 0.396875 0.976389 0.116667 0.034259
0 0.070312 0.830556 0.140625 0.027778
0 0.354687 0.062500 0.147917 0.028704
0 0.070573 0.804630 0.141146 0.027778
