0 0.805750 0.089370 0.013802 0.021815
0 0.805891 0.064889 0.014365 0.022926
0 0.788661 0.089417 0.014531 0.020370
0 0.789495 0.065343 0.013385 0.021111
0 0.773010 0.089972 0.013437 0.019444
0 0.772776 0.065435 0.013281 0.020000
0 0.214414 0.033639 0.019547 0.018241
0 0.186281 0.032972 0.027219 0.017667
0 0.161333 0.033162 0.014906 0.017657
0 0.140219 0.032991 0.019875 0.018426
0 0.119430 0.032704 0.015661 0.017852
0 0.097229 0.032801 0.022021 0.016509
0 0.070831 0.033472 0.023005 0.019389
0 0.027000 0.247343 0.016146 0.023148
0 0.684125 0.063977 0.059875 0.023509
0 0.932661 0.033310 0.020531 0.022824
0 0.190490 0.087889 0.134438 0.025333
0 0.519016 0.063694 0.134677 0.023315
0 0.189833 0.064398 0.133042 0.023056
0 0.747396 0.507685 0.114583 0.023519
0 0.643927 0.063083 0.019792 0.023148
0 0.520651 0.600463 0.092344 0.015741
0 0.520573 0.553241 0.095312 0.019444
0 0.044115 0.195370 0.014896 0.025926
0 0.111562 0.088704 0.016667 0.025926
0 0.111875 0.063889 0.021667 0.020370
0 0.028016 0.195833 0.016146 0.025000
0 0.913802 0.918056 0.172396 0.023148
0 0.953906 0.081111 0.021354 0.058519
0 0.510469 0.088889 0.153229 0.024074
0 0.100000 0.197120 0.018750 0.024074
0 0.731500 0.064028 0.033979 0.023796
0 0.064354 0.248315 0.016208 0.023148
0 0.009245 0.247917 0.016406 0.025463
0 0.070693 0.926042 0.140073 0.013843
0 0.061424 0.146630 0.016005 0.020370
0 0.026872 0.272208 0.016005 0.026935
0 0.977010 0.977477 0.036510 0.028231
0 0.047021 0.034718 0.015104 0.018546
0 0.168229 0.173148 0.048958 0.018519
0 0.929031 0.089963 0.017188 0.026852
0 0.534792 0.506065 0.126875 0.021389
0 0.911302 0.090269 0.017708 0.025926
0 0.944310 0.976519 0.011016 0.019778
0 0.507292 0.478843 0.041667 0.020093
0 0.666745 0.695833 0.388698 0.017593
0 0.520365 0.569444 0.093854 0.014815
0 0.028039 0.033806 0.014443 0.017241
0 0.180693 0.863194 0.042500 0.073611
0 0.520885 0.584722 0.092813 0.015741
0 0.931891 0.976806 0.010802 0.018426
0 0.919734 0.976806 0.011115 0.020741
0 0.675219 0.477894 0.031375 0.014398
0 0.638638 0.478403 0.034557 0.016454
0 0.603505 0.477116 0.027615 0.015935
0 0.569073 0.477810 0.035115 0.019102
0 0.539081 0.477366 0.019870 0.020435
0 0.806852 0.474444 0.032474 0.026278
0 0.837424 0.062597 0.014714 0.018343
0 0.821089 0.087144 0.012271 0.020824
0 0.821021 0.064023 0.009760 0.020213
0 0.973698 0.033333 0.051562 0.025926
0 0.062500 0.636111 0.015625 0.025926
0 0.512500 0.976852 0.016667 0.024074
0 0.065104 0.083333 0.022917 0.059259
0 0.834375 0.506019 0.055208 0.026852
0 0.044531 0.726852 0.015104 0.020370
0 0.098698 0.273611 0.013021 0.025000
0 0.016406 0.082407 0.026562 0.061111
0 0.396875 0.976389 0.116667 0.034259
0 0.070312 0.830556 0.140625 0.027778
0 0.354687 0.062500 0.147917 0.028704
0 0.070573 0.804630 0.141146 0.027778
0 0.603906 0.979630 0.020313 0.031481
0 0.042448 0.728704 0.018229 0.020370
0 0.473698 0.478241 0.023438 0.015741
0 0.237240 0.033796 0.016146 0.017593
0 0.899479 0.978241 0.020833 0.023148
0 0.608594 0.075000 0.034896 0.055556
0 0.008333 0.033333 0.014583 0.020370
0 0.939323 0.007870 0.010937 0.015741
0 0.115885 0.756944 0.007812 0.015741
0 0.134896 0.172222 0.009375 0.018519
0 0.079687 0.145833 0.013542 0.023148
0 0.124740 0.173148 0.007812 0.016667
0 0.199219 0.212500 0.099479 0.019444
0 0.125000 0.756481 0.007292 0.014815
0 0.197396 0.174074 0.007292 0.016667
0 0.069792 0.857870 0.139583 0.026852
0 0.847135 0.441204 0.013021 0.025000
0 0.135156 0.560185 0.007812 0.014815
0 0.124479 0.561111 0.007292 0.016667
0 0.025781 0.145370 0.050521 0.027778
0 0.974479 0.172222 0.008333 0.014815
0 0.844792 0.472685 0.035417 0.028704
0 0.984115 0.171296 0.008854 0.016667
0 0.080469 0.662500 0.014063 0.026852
0 0.097135 0.145833 0.017188 0.023148
0 0.115625 0.172222 0.010417 0.018519
0 0.105729 0.756481 0.009375 0.016667
0 0.025781 0.609722 0.017188 0.019444
0 0.115365 0.756481 0.005729 0.014815
0 0.963021 0.010185 0.009375 0.020370
0 0.132812 0.146296 0.014583 0.020370
0 0.863021 0.977778 0.014583 0.022222
0 0.846875 0.977778 0.013542 0.022222
0 0.098958 0.584722 0.016667 0.021296
0 0.994792 0.171759 0.009375 0.017593
0 0.115104 0.146759 0.015625 0.023148
0 0.134896 0.756944 0.007292 0.015741
0 0.080208 0.584722 0.015625 0.021296
0 0.641927 0.088889 0.015104 0.024074
0 0.819531 0.173611 0.010937 0.019444
0 0.880208 0.978704 0.013542 0.022222
0 0.116667 0.195370 0.010417 0.022222
0 0.115104 0.561574 0.009375 0.017593
0 0.870052 0.441204 0.013021 0.025000
0 0.062240 0.195370 0.013021 0.024074
0 0.025521 0.222222 0.014583 0.024074
0 0.881510 0.199537 0.032813 0.028704
0 0.070312 0.905093 0.140625 0.026852
0 0.008333 0.194907 0.016667 0.025000
0 0.008073 0.584722 0.016146 0.025000
0 0.659115 0.088889 0.013021 0.020370
0 0.964583 0.172685 0.009375 0.015741
0 0.701562 0.728241 0.041667 0.025000
0 0.008594 0.635648 0.014063 0.023148
0 0.098958 0.636111 0.014583 0.024074
0 0.988802 0.145370 0.019271 0.022222
0 0.152083 0.146296 0.018750 0.024074
0 0.226823 0.146759 0.017188 0.023148
0 0.116667 0.636574 0.014583 0.023148
0 0.909896 0.034259 0.013542 0.024074
0 0.098958 0.610185 0.015625 0.024074
0 0.117188 0.585185 0.015625 0.020370
0 0.946094 0.146759 0.013021 0.021296
0 0.026302 0.726852 0.015104 0.020370
0 0.116406 0.610185 0.015104 0.022222
0 0.190365 0.146296 0.014063 0.024074
0 0.007812 0.297685 0.015625 0.026852
0 0.327083 0.978704 0.019792 0.024074
0 0.099219 0.221296 0.014063 0.022222
0 0.852865 0.826852 0.042188 0.024074
0 0.026042 0.700926 0.013542 0.025926
0 0.008333 0.272685 0.014583 0.023148
0 0.116667 0.221759 0.012500 0.021296
0 0.271094 0.090741 0.017188 0.025926
0 0.172135 0.146296 0.018229 0.025926
0 0.079948 0.195370 0.011979 0.022222
0 0.894531 0.034259 0.014063 0.022222
0 0.061719 0.583796 0.015104 0.021296
0 0.672917 0.981481 0.016667 0.029630
0 0.007812 0.610185 0.015625 0.020370
0 0.441667 0.064352 0.015625 0.023148
0 0.062500 0.662500 0.015625 0.028704
0 0.967708 0.146296 0.019792 0.022222
0 0.044010 0.222222 0.013021 0.022222
0 0.207552 0.146296 0.014063 0.022222
0 0.008073 0.700926 0.016146 0.025926
0 0.008073 0.352315 0.014063 0.023148
0 0.627083 0.980556 0.015625 0.027778
0 0.008073 0.728241 0.016146 0.019444
0 0.353646 0.088426 0.150000 0.026852
0 0.025781 0.584259 0.017188 0.024074
0 0.919010 0.062963 0.035937 0.024074
0 0.650781 0.981481 0.017188 0.029630
0 0.008073 0.663426 0.016146 0.028704
0 0.806250 0.826852 0.041667 0.024074
0 0.837500 0.728241 0.047917 0.025000
0 0.063281 0.727315 0.015104 0.019444
0 0.025781 0.352315 0.014063 0.025000
0 0.080729 0.221296 0.012500 0.022222
0 0.676823 0.087500 0.010937 0.021296
0 0.026042 0.662500 0.013542 0.028704
0 0.632552 0.728241 0.042188 0.025000
0 0.755208 0.728241 0.056250 0.025000
0 0.062500 0.221759 0.013542 0.021296
0 0.025781 0.299537 0.014063 0.025000
0 0.917448 0.200000 0.035937 0.024074
0 0.044010 0.610648 0.015104 0.023148
0 0.044010 0.662500 0.014063 0.028704
0 0.730208 0.088889 0.014583 0.022222
0 0.466146 0.978241 0.016667 0.025000
0 0.080990 0.700463 0.013021 0.023148
0 0.007812 0.325463 0.015625 0.023148
0 0.535156 0.977315 0.017188 0.025000
0 0.988021 0.010648 0.012500 0.021296
0 0.043750 0.584259 0.015625 0.022222
0 0.539062 0.727778 0.041667 0.025926
0 0.008594 0.221759 0.014063 0.025000
0 0.062500 0.299074 0.013542 0.024074
0 0.580729 0.978241 0.017708 0.028704
0 0.858333 0.079167 0.026042 0.047222
0 0.063281 0.700926 0.017188 0.024074
0 0.080990 0.247222 0.014063 0.024074
0 0.883333 0.080556 0.023958 0.051852
0 0.044010 0.700926 0.014063 0.024074
0 0.080469 0.610185 0.015104 0.022222
0 0.747396 0.088889 0.013542 0.020370
0 0.117188 0.701389 0.013542 0.021296
0 0.558594 0.977778 0.018229 0.025926
0 0.043750 0.247222 0.013542 0.022222
0 0.983073 0.081019 0.025521 0.062037
0 0.117188 0.247685 0.013542 0.025000
0 0.712240 0.088889 0.013021 0.022222
0 0.044271 0.352778 0.015625 0.025926
0 0.025521 0.636111 0.016667 0.024074
0 0.271354 0.064815 0.017708 0.024074
0 0.490104 0.977315 0.017708 0.023148
0 0.098698 0.325463 0.013021 0.025000
0 0.694792 0.088426 0.017708 0.023148
0 0.117708 0.325926 0.017708 0.024074
0 0.080469 0.726852 0.014063 0.022222
0 0.025521 0.325000 0.015625 0.022222
0 0.044271 0.298611 0.014583 0.025000
0 0.846875 0.199074 0.035417 0.027778
0 0.044010 0.273148 0.015104 0.024074
0 0.586198 0.727778 0.042188 0.025926
0 0.044010 0.636574 0.015104 0.025000
0 0.062240 0.325926 0.013021 0.024074
0 0.040625 0.083796 0.021875 0.060185
0 0.062240 0.610648 0.015104 0.021296
0 0.088542 0.082407 0.023958 0.059259
0 0.044271 0.325463 0.013542 0.023148
0 0.062500 0.272222 0.014583 0.024074
0 0.080469 0.326389 0.015104 0.025000
0 0.080729 0.299074 0.014583 0.024074
0 0.099479 0.300000 0.013542 0.024074
0 0.098437 0.247685 0.012500 0.023148
0 0.080469 0.635648 0.015104 0.025000
0 0.492188 0.728241 0.041667 0.025000
0 0.118229 0.300463 0.016667 0.025000
0 0.080469 0.272685 0.015104 0.025000
0 0.099219 0.701389 0.014063 0.023148
0 0.116667 0.274074 0.013542 0.022222
