0 0.946354 0.146759 0.013542 0.023148
0 0.070573 0.830556 0.141146 0.027778
0 0.016406 0.081944 0.026562 0.062037
0 0.098698 0.273611 0.013021 0.025000
0 0.396875 0.976389 0.116667 0.034259
0 0.062240 0.636111 0.016146 0.025926
0 0.065104 0.083796 0.021875 0.060185
0 0.116927 0.273611 0.014063 0.023148
0 0.080469 0.272685 0.015104 0.025000
0 0.080469 0.635648 0.015104 0.025000
0 0.088281 0.082407 0.023438 0.061111
0 0.080469 0.727315 0.014063 0.023148
0 0.062760 0.272685 0.015104 0.025000
0 0.044531 0.726852 0.016146 0.020370
0 0.118229 0.300463 0.017708 0.025000
0 0.044010 0.325463 0.014063 0.023148
0 0.044010 0.636574 0.015104 0.025000
0 0.062240 0.610648 0.015104 0.021296
0 0.098437 0.247685 0.012500 0.025000
0 0.380729 0.147222 0.013542 0.020370
0 0.044271 0.298611 0.014583 0.025000
0 0.040885 0.083333 0.021354 0.061111
0 0.099479 0.299537 0.013542 0.025000
0 0.044010 0.273148 0.015104 0.024074
0 0.080729 0.299074 0.014583 0.024074
0 0.025521 0.325463 0.015625 0.023148
0 0.044010 0.662500 0.014063 0.028704
0 0.512500 0.977315 0.017708 0.025000
0 0.711979 0.088889 0.013542 0.022222
0 0.694792 0.088426 0.017708 0.023148
0 0.099219 0.701389 0.014063 0.023148
0 0.025260 0.636111 0.017188 0.024074
0 0.044271 0.700926 0.014583 0.025926
0 0.008594 0.221759 0.014063 0.025000
0 0.558333 0.977778 0.018750 0.027778
0 0.080469 0.610185 0.015104 0.022222
0 0.043750 0.247685 0.013542 0.023148
0 0.747396 0.088889 0.014583 0.022222
0 0.441667 0.064815 0.015625 0.024074
0 0.080729 0.247222 0.014583 0.024074
0 0.063281 0.700463 0.017188 0.025000
0 0.080469 0.326389 0.015104 0.025000
0 0.025781 0.662963 0.014063 0.029630
0 0.062240 0.325463 0.013021 0.025000
0 0.973698 0.033333 0.050521 0.025926
0 0.080990 0.700463 0.013021 0.023148
0 0.062500 0.662500 0.015625 0.028704
0 0.730208 0.088889 0.014583 0.022222
0 0.044010 0.610648 0.015104 0.023148
0 0.044271 0.352778 0.015625 0.025926
0 0.008073 0.663426 0.016146 0.030556
0 0.490104 0.976852 0.018750 0.024074
0 0.062500 0.299074 0.013542 0.024074
0 0.043750 0.584259 0.015625 0.022222
0 0.117448 0.248148 0.014063 0.025926
0 0.025781 0.299537 0.014063 0.025000
0 0.534896 0.977778 0.017708 0.025926
0 0.580729 0.979167 0.018750 0.030556
0 0.676562 0.087963 0.012500 0.022222
0 0.063281 0.726852 0.016146 0.020370
0 0.672917 0.981019 0.016667 0.028704
0 0.909896 0.034259 0.013542 0.025926
0 0.007812 0.325463 0.015625 0.023148
0 0.117969 0.326389 0.017188 0.023148
0 0.604167 0.979630 0.020833 0.031481
0 0.098698 0.325926 0.013021 0.025926
0 0.117188 0.701389 0.014583 0.023148
0 0.466146 0.978241 0.017708 0.026852
0 0.327344 0.978241 0.021354 0.025000
0 0.062500 0.221759 0.013542 0.023148
0 0.026042 0.273148 0.015625 0.025926
0 0.207552 0.145833 0.017188 0.025000
0 0.098958 0.635648 0.015625 0.025000
0 0.650260 0.981019 0.017188 0.028704
0 0.070573 0.804630 0.141146 0.027778
0 0.659115 0.088426 0.013021 0.021296
0 0.008333 0.727778 0.016667 0.020370
0 0.894271 0.034259 0.013542 0.022222
0 0.026042 0.700463 0.014583 0.026852
0 0.008073 0.352315 0.015104 0.023148
0 0.008594 0.635648 0.014063 0.025000
0 0.025521 0.584259 0.017708 0.024074
0 0.967708 0.145833 0.019792 0.023148
0 0.025521 0.352315 0.014583 0.025000
0 0.080469 0.221296 0.013021 0.022222
0 0.043750 0.222222 0.013542 0.022222
0 0.846875 0.199537 0.035417 0.028704
0 0.008333 0.700463 0.016667 0.026852
0 0.061719 0.583796 0.015104 0.021296
0 0.627083 0.980556 0.016667 0.027778
0 0.117448 0.636574 0.017188 0.025000
0 0.111198 0.089815 0.016146 0.027778
0 0.098958 0.610185 0.015625 0.024074
0 0.190365 0.145833 0.015104 0.025000
0 0.008073 0.584259 0.016146 0.025926
0 0.026042 0.726852 0.015625 0.020370
0 0.007812 0.610185 0.015625 0.022222
0 0.007552 0.194907 0.015104 0.025000
0 0.008333 0.273148 0.014583 0.024074
0 0.007812 0.298148 0.015625 0.027778
0 0.917448 0.200000 0.035937 0.024074
0 0.025521 0.222222 0.015625 0.024074
0 0.080208 0.194907 0.012500 0.023148
0 0.134375 0.145833 0.018750 0.026852
0 0.154688 0.145370 0.016667 0.025926
0 0.099219 0.221296 0.014063 0.022222
0 0.114583 0.145833 0.016667 0.026852
0 0.116927 0.221759 0.013021 0.023148
0 0.988802 0.145370 0.019271 0.022222
0 0.641667 0.089815 0.014583 0.024074
0 0.117708 0.585185 0.016667 0.022222
0 0.062500 0.195370 0.013542 0.024074
0 0.881250 0.199537 0.032292 0.028704
0 0.846615 0.978241 0.014063 0.023148
0 0.080208 0.584722 0.015625 0.021296
0 0.134896 0.756481 0.007292 0.016667
0 0.117969 0.609722 0.019271 0.025000
0 0.115104 0.561111 0.009375 0.018519
0 0.116406 0.194444 0.010937 0.022222
0 0.097135 0.145833 0.016146 0.025000
0 0.994792 0.172222 0.009375 0.016667
0 0.105990 0.756481 0.009896 0.018519
0 0.080469 0.662037 0.014063 0.027778
0 0.965365 0.171759 0.010937 0.015741
0 0.098698 0.585185 0.016146 0.022222
0 0.078906 0.145833 0.017188 0.025000
0 0.172917 0.144907 0.015625 0.025000
0 0.879948 0.978241 0.014063 0.023148
0 0.608854 0.077315 0.035417 0.056481
0 0.115365 0.756481 0.006771 0.016667
0 0.863021 0.977778 0.015625 0.024074
0 0.025781 0.609722 0.018229 0.019444
0 0.819010 0.173611 0.013021 0.021296
0 0.197135 0.173148 0.008854 0.020370
0 0.115625 0.172222 0.010417 0.020370
0 0.984375 0.171296 0.009375 0.016667
0 0.026042 0.145370 0.050000 0.027778
0 0.070573 0.858333 0.141146 0.027778
0 0.124740 0.756481 0.007812 0.016667
0 0.070833 0.904630 0.141667 0.025926
0 0.124479 0.560648 0.007292 0.017593
0 0.134635 0.172222 0.009896 0.020370
0 0.135156 0.560185 0.007812 0.016667
0 0.124740 0.172685 0.007812 0.017593
0 0.060417 0.146296 0.015625 0.025926
0 0.974479 0.172222 0.008333 0.014815
0 0.864323 0.514352 0.051562 0.015741
0 0.236979 0.033333 0.016667 0.020370
0 0.846615 0.461574 0.034896 0.019444
0 0.009896 0.805093 0.010417 0.019444
0 0.919010 0.976852 0.013021 0.024074
0 0.027339 0.032417 0.015104 0.020370
0 0.882320 0.779468 0.088349 0.017102
0 0.909583 0.320370 0.161042 0.018519
0 0.946833 0.975500 0.015104 0.026852
0 0.911510 0.479630 0.159479 0.016667
0 0.913776 0.497222 0.152552 0.018519
0 0.874596 0.883412 0.073474 0.015546
0 0.899891 0.977000 0.017062 0.025278
0 0.977177 0.979083 0.038812 0.030630
0 0.932427 0.977296 0.010875 0.025870
0 0.355370 0.063852 0.144781 0.025111
0 0.189133 0.064162 0.133714 0.022769
0 0.932526 0.033796 0.020260 0.025000
0 0.806406 0.065370 0.016354 0.021481
0 0.983073 0.080231 0.025521 0.060463
0 0.684521 0.063833 0.059292 0.022852
0 0.821667 0.065231 0.012917 0.021204
0 0.273354 0.063685 0.018750 0.025000
0 0.189323 0.087773 0.135208 0.025935
0 0.009630 0.248759 0.016344 0.024074
0 0.883828 0.081639 0.024479 0.055556
0 0.518664 0.063704 0.134339 0.024444
0 0.064318 0.247991 0.015625 0.024074
0 0.509844 0.088889 0.151979 0.024074
0 0.026870 0.248343 0.013969 0.024074
0 0.954167 0.078981 0.021875 0.056111
0 0.096953 0.031935 0.022646 0.018241
0 0.119599 0.033486 0.012969 0.020639
0 0.140714 0.033759 0.018365 0.019019
0 0.070841 0.032843 0.022286 0.019352
0 0.162039 0.033759 0.016193 0.017481
0 0.186042 0.033634 0.026312 0.020824
0 0.214956 0.032861 0.021974 0.021333
0 0.046349 0.033167 0.015521 0.020093
0 0.772128 0.089583 0.014432 0.022815
0 0.772839 0.065833 0.015781 0.020556
0 0.988115 0.009319 0.014583 0.018639
0 0.858776 0.081481 0.025156 0.050000
0 0.789219 0.066343 0.015313 0.023426
0 0.730943 0.063472 0.034156 0.024907
0 0.112125 0.062852 0.018750 0.021296
0 0.099885 0.197528 0.019271 0.024074
0 0.273844 0.088741 0.018229 0.025926
0 0.919495 0.062963 0.036458 0.024074
0 0.837943 0.063750 0.014740 0.018241
0 0.643625 0.063019 0.019792 0.023148
0 0.355521 0.088870 0.145208 0.025963
0 0.915560 0.707731 0.154401 0.018611
0 0.181096 0.864019 0.048870 0.079426
0 0.043740 0.195370 0.013875 0.025926
0 0.909635 0.249537 0.158854 0.017593
0 0.026797 0.195093 0.018177 0.025370
0 0.910208 0.285648 0.159792 0.017593
0 0.009365 0.032657 0.015927 0.018519
0 0.913547 0.742593 0.153448 0.018519
0 0.913906 0.566204 0.152396 0.017593
0 0.295417 0.145370 0.152917 0.024074
0 0.963979 0.009324 0.014063 0.018648
0 0.070760 0.926130 0.140250 0.012926
0 0.913891 0.726324 0.152760 0.017593
0 0.910656 0.087977 0.016937 0.025157
0 0.913932 0.601852 0.152865 0.018519
0 0.914753 0.302185 0.152266 0.015630
0 0.909505 0.338889 0.160677 0.018519
0 0.194453 0.212963 0.086094 0.018519
0 0.862760 0.425463 0.066146 0.015741
0 0.914477 0.672523 0.151359 0.016991
0 0.928703 0.088065 0.016365 0.025907
0 0.166719 0.173611 0.047813 0.017593
0 0.857448 0.865741 0.037812 0.012963
0 0.913828 0.619907 0.152656 0.017593
0 0.879062 0.848917 0.080000 0.012963
0 0.915083 0.690417 0.151813 0.017315
0 0.914193 0.900000 0.149740 0.018519
0 0.854375 0.795833 0.050417 0.013889
0 0.863880 0.813426 0.049635 0.012037
0 0.939406 0.008120 0.010937 0.016241
0 0.805701 0.090449 0.015203 0.024046
0 0.821411 0.089653 0.012063 0.022435
0 0.910695 0.373065 0.160464 0.015389
0 0.788479 0.090139 0.014781 0.020944
0 0.913885 0.920935 0.172229 0.022574
0 0.910263 0.390384 0.160464 0.016954
0 0.877865 0.831019 0.077604 0.013889
0 0.909888 0.443306 0.161641 0.017204
0 0.914578 0.655750 0.151792 0.017019
0 0.913906 0.583639 0.152813 0.016667
0 0.870794 0.761241 0.062130 0.013889
0 0.908646 0.408333 0.161875 0.018519
0 0.913802 0.637500 0.152604 0.017593
0 0.910862 0.356657 0.160464 0.015389
