0 0.188966 0.063954 0.134984 0.023278
0 0.806250 0.065463 0.016667 0.021667
0 0.821354 0.064907 0.013542 0.020556
0 0.272526 0.064352 0.021094 0.025000
0 0.684031 0.062954 0.060062 0.024611
0 0.190089 0.088463 0.137500 0.025926
0 0.009323 0.247454 0.016562 0.024537
0 0.883740 0.082870 0.024479 0.054630
0 0.509818 0.088426 0.151927 0.025000
0 0.064771 0.247889 0.015625 0.024074
0 0.518880 0.064028 0.135625 0.023796
0 0.026760 0.248815 0.016146 0.024074
0 0.772135 0.066204 0.017188 0.021296
0 0.954167 0.079444 0.021875 0.057037
0 0.788802 0.066713 0.016146 0.024167
0 0.988281 0.009537 0.014063 0.019074
0 0.859036 0.081481 0.024635 0.050000
0 0.732005 0.063194 0.034427 0.023241
0 0.112057 0.063593 0.018750 0.021296
0 0.099740 0.197019 0.019271 0.024074
0 0.272552 0.090741 0.021146 0.025926
0 0.837844 0.065157 0.016667 0.022593
0 0.643250 0.062574 0.019792 0.023148
0 0.356641 0.089162 0.145990 0.025935
0 0.182885 0.862685 0.048854 0.074630
0 0.044698 0.194907 0.015469 0.025000
0 0.026719 0.195630 0.018021 0.025926
0 0.009531 0.032361 0.014063 0.018519
0 0.913854 0.566204 0.152500 0.017593
0 0.964333 0.008630 0.014583 0.017259
0 0.069823 0.925157 0.138479 0.010981
0 0.295964 0.147222 0.151823 0.024074
0 0.071505 0.904630 0.140323 0.025926
0 0.913177 0.601852 0.152396 0.018519
0 0.909896 0.088389 0.017708 0.026852
0 0.861224 0.425463 0.063073 0.015741
0 0.928885 0.088815 0.017188 0.025519
0 0.913490 0.619907 0.151979 0.017593
0 0.166484 0.173611 0.048281 0.017593
0 0.857708 0.865741 0.038333 0.012963
0 0.878568 0.848148 0.079010 0.012963
0 0.913802 0.900000 0.150521 0.018519
0 0.881258 0.777620 0.085193 0.013889
0 0.863516 0.813426 0.048906 0.012037
0 0.914227 0.919912 0.171547 0.019435
0 0.913646 0.585185 0.152292 0.016667
0 0.877500 0.831019 0.076875 0.013889
0 0.869323 0.760648 0.060521 0.013889
0 0.913958 0.637500 0.152917 0.017593
0 0.909729 0.408796 0.162500 0.019444
0 0.027297 0.032620 0.015104 0.020370
0 0.910937 0.479630 0.157292 0.016667
0 0.914141 0.497222 0.153281 0.018519
0 0.974703 0.976708 0.038490 0.035120
0 0.931779 0.975264 0.010870 0.024639
0 0.918596 0.976134 0.013745 0.026435
0 0.898615 0.976810 0.015229 0.025083
0 0.874292 0.883727 0.072562 0.018713
0 0.855799 0.795315 0.048870 0.014370
0 0.914260 0.743685 0.152917 0.017593
0 0.914260 0.724648 0.152917 0.017593
0 0.913698 0.707815 0.152917 0.017593
0 0.913948 0.689824 0.152917 0.017593
0 0.913448 0.671611 0.152917 0.017593
0 0.913703 0.655093 0.152917 0.017593
0 0.909417 0.443296 0.159062 0.017315
0 0.910081 0.390671 0.159057 0.017324
0 0.909924 0.372551 0.159057 0.017324
0 0.909779 0.354824 0.159057 0.017315
0 0.909779 0.338370 0.159057 0.015278
0 0.909747 0.321324 0.159057 0.015278
0 0.910320 0.302574 0.159057 0.015278
0 0.910714 0.286102 0.159063 0.015278
0 0.909430 0.250972 0.159057 0.015278
0 0.820898 0.089208 0.012505 0.023731
0 0.805779 0.089792 0.014932 0.022231
0 0.788576 0.090301 0.016245 0.019713
0 0.772224 0.090426 0.014781 0.022926
0 0.214339 0.033333 0.021490 0.017667
0 0.186854 0.033912 0.025917 0.021509
0 0.162607 0.033528 0.017391 0.021111
0 0.141708 0.034491 0.019875 0.020352
0 0.120703 0.033046 0.016521 0.019389
0 0.097870 0.032625 0.023333 0.019917
0 0.069867 0.031380 0.022401 0.023722
0 0.045924 0.032292 0.018766 0.020583
0 0.356401 0.064398 0.144177 0.024907
0 0.933047 0.033796 0.021302 0.025000
0 0.944792 0.976389 0.013542 0.026852
0 0.846615 0.461574 0.034896 0.019444
0 0.070573 0.804630 0.141146 0.027778
0 0.070573 0.830556 0.141146 0.027778
0 0.016406 0.081944 0.026562 0.062037
0 0.098698 0.273611 0.013021 0.025000
0 0.062240 0.636111 0.016146 0.025926
0 0.065104 0.083796 0.021875 0.060185
0 0.080469 0.272685 0.015104 0.025000
0 0.116927 0.273611 0.014063 0.023148
0 0.396875 0.976389 0.116667 0.034259
0 0.080469 0.635648 0.015104 0.025000
0 0.088281 0.082407 0.023438 0.061111
0 0.062760 0.272685 0.015104 0.025000
0 0.080469 0.727315 0.014063 0.023148
0 0.044531 0.726852 0.016146 0.020370
0 0.118229 0.300463 0.017708 0.025000
0 0.044010 0.325463 0.014063 0.023148
0 0.044010 0.636574 0.015104 0.025000
0 0.062240 0.610648 0.015104 0.021296
0 0.380729 0.147222 0.013542 0.020370
0 0.098437 0.247685 0.012500 0.025000
0 0.044271 0.298611 0.014583 0.025000
0 0.040885 0.083333 0.021354 0.061111
0 0.099479 0.299537 0.013542 0.025000
0 0.512760 0.977315 0.017188 0.025000
0 0.983073 0.081481 0.025521 0.062963
0 0.025521 0.325463 0.015625 0.023148
0 0.080729 0.299074 0.014583 0.024074
0 0.044010 0.273148 0.015104 0.024074
0 0.044010 0.662500 0.014063 0.028704
0 0.711979 0.088889 0.013542 0.022222
0 0.694792 0.088426 0.017708 0.023148
0 0.099219 0.701389 0.014063 0.023148
0 0.025260 0.636111 0.017188 0.024074
0 0.044271 0.700926 0.014583 0.025926
0 0.008594 0.221759 0.014063 0.025000
0 0.080469 0.610185 0.015104 0.022222
0 0.558333 0.977778 0.018750 0.027778
0 0.043750 0.247685 0.013542 0.023148
0 0.080729 0.247222 0.014583 0.024074
0 0.747396 0.088889 0.014583 0.022222
0 0.063281 0.700463 0.017188 0.025000
0 0.441667 0.064815 0.015625 0.024074
0 0.973698 0.033333 0.050521 0.025926
0 0.025781 0.662963 0.014063 0.029630
0 0.080990 0.700463 0.013021 0.023148
0 0.730208 0.088889 0.014583 0.022222
0 0.062240 0.325463 0.013021 0.025000
0 0.080469 0.326389 0.015104 0.025000
0 0.062500 0.662500 0.015625 0.028704
0 0.044010 0.610648 0.015104 0.023148
0 0.490104 0.976852 0.018750 0.024074
0 0.117448 0.248148 0.014063 0.025926
0 0.008073 0.663426 0.016146 0.030556
0 0.025781 0.299537 0.014063 0.025000
0 0.534896 0.977315 0.017708 0.025000
0 0.580729 0.979167 0.018750 0.030556
0 0.062500 0.299074 0.013542 0.024074
0 0.043750 0.584259 0.015625 0.022222
0 0.044271 0.352778 0.015625 0.025926
0 0.672917 0.981019 0.016667 0.028704
0 0.676562 0.087963 0.012500 0.022222
0 0.117969 0.326389 0.017188 0.023148
0 0.909896 0.034259 0.013542 0.025926
0 0.604167 0.979630 0.020833 0.031481
0 0.063281 0.726852 0.016146 0.020370
0 0.007812 0.325463 0.015625 0.023148
0 0.466146 0.978241 0.017708 0.026852
0 0.117188 0.701389 0.014583 0.023148
0 0.062500 0.221759 0.013542 0.023148
0 0.207552 0.145833 0.017188 0.025000
0 0.327344 0.978241 0.021354 0.025000
0 0.098698 0.325926 0.013021 0.025926
0 0.650260 0.981019 0.017188 0.028704
0 0.026042 0.273148 0.015625 0.025926
0 0.098958 0.635648 0.015625 0.025000
0 0.946354 0.146759 0.013542 0.023148
0 0.008333 0.727778 0.016667 0.020370
0 0.026042 0.700463 0.014583 0.026852
0 0.659115 0.088426 0.013021 0.021296
0 0.894271 0.034722 0.013542 0.023148
0 0.008073 0.352315 0.015104 0.023148
0 0.080469 0.221296 0.013021 0.022222
0 0.967708 0.145833 0.019792 0.023148
0 0.008594 0.635648 0.014063 0.025000
0 0.025521 0.584259 0.017708 0.024074
0 0.025521 0.352315 0.014583 0.026852
0 0.846875 0.199537 0.035417 0.028704
0 0.043750 0.222222 0.013542 0.022222
0 0.008333 0.700463 0.016667 0.026852
0 0.627083 0.980556 0.016667 0.027778
0 0.061719 0.583796 0.015104 0.021296
0 0.117448 0.636574 0.017188 0.025000
0 0.111198 0.089815 0.016146 0.027778
0 0.190365 0.145833 0.015104 0.025000
0 0.098958 0.610185 0.015625 0.024074
0 0.026042 0.726852 0.015625 0.020370
0 0.008073 0.584259 0.016146 0.025926
0 0.007812 0.610185 0.015625 0.022222
0 0.007552 0.194907 0.015104 0.025000
0 0.007812 0.298148 0.015625 0.027778
0 0.917448 0.200000 0.035937 0.024074
0 0.008333 0.273148 0.014583 0.024074
0 0.025521 0.222222 0.015625 0.024074
0 0.918750 0.062963 0.036458 0.024074
0 0.080208 0.194907 0.012500 0.023148
0 0.134375 0.145833 0.018750 0.026852
0 0.154688 0.145370 0.016667 0.025926
0 0.099219 0.221296 0.014063 0.022222
0 0.114844 0.145833 0.017188 0.026852
0 0.988802 0.145370 0.019271 0.022222
0 0.116927 0.221759 0.013021 0.023148
0 0.641667 0.089815 0.014583 0.024074
0 0.117708 0.585185 0.016667 0.022222
0 0.881250 0.199537 0.032292 0.028704
0 0.062500 0.195370 0.013542 0.024074
0 0.846615 0.978241 0.014063 0.023148
0 0.080208 0.584722 0.015625 0.021296
0 0.134896 0.756481 0.007292 0.016667
0 0.117969 0.609722 0.019271 0.025000
0 0.116406 0.194444 0.010937 0.022222
0 0.097135 0.145833 0.016146 0.025000
0 0.994792 0.172222 0.009375 0.016667
0 0.115104 0.561111 0.009375 0.018519
0 0.105990 0.756481 0.009896 0.018519
0 0.965365 0.171759 0.010937 0.015741
0 0.080469 0.662037 0.014063 0.027778
0 0.098698 0.585185 0.016146 0.022222
0 0.880208 0.977778 0.013542 0.024074
0 0.078906 0.145833 0.017188 0.025000
0 0.863021 0.977778 0.015625 0.024074
0 0.172917 0.144907 0.015625 0.025000
0 0.115365 0.756481 0.006771 0.016667
0 0.608854 0.077315 0.035417 0.056481
0 0.819010 0.173611 0.013021 0.021296
0 0.025781 0.609259 0.018229 0.020370
0 0.197135 0.173148 0.008854 0.020370
0 0.115625 0.172222 0.010417 0.020370
0 0.984375 0.171296 0.009375 0.016667
0 0.026042 0.145370 0.050000 0.027778
0 0.070052 0.857870 0.140104 0.026852
0 0.124740 0.756481 0.007812 0.016667
0 0.124479 0.560648 0.007292 0.017593
0 0.134635 0.172222 0.009896 0.020370
0 0.135156 0.560185 0.007812 0.016667
0 0.193490 0.212963 0.088021 0.018519
0 0.124740 0.172685 0.007812 0.017593
0 0.974479 0.172222 0.008333 0.014815
0 0.060417 0.146296 0.015625 0.025926
0 0.939323 0.008333 0.010937 0.016667
0 0.864323 0.514352 0.051562 0.015741
0 0.237240 0.033333 0.017188 0.020370
