0 0.846615 0.461574 0.034896 0.019444
0 0.919010 0.976852 0.013021 0.024074
0 0.236979 0.033333 0.016667 0.020370
0 0.864323 0.514352 0.051562 0.015741
0 0.939323 0.008333 0.010937 0.016667
0 0.060417 0.146296 0.015625 0.025926
0 0.974479 0.172222 0.008333 0.014815
0 0.124740 0.172685 0.007812 0.017593
0 0.193490 0.212963 0.088021 0.018519
0 0.135156 0.560185 0.007812 0.016667
0 0.134635 0.172222 0.009896 0.020370
0 0.070833 0.904630 0.141667 0.025926
0 0.124479 0.560648 0.007292 0.017593
0 0.124740 0.756481 0.007812 0.016667
0 0.070052 0.857870 0.140104 0.026852
0 0.026042 0.145370 0.050000 0.027778
0 0.984375 0.171296 0.009375 0.016667
0 0.115625 0.172222 0.010417 0.020370
0 0.197135 0.173148 0.008854 0.020370
0 0.819010 0.173611 0.013021 0.021296
0 0.025781 0.609259 0.018229 0.020370
0 0.115365 0.756481 0.006771 0.016667
0 0.608854 0.077315 0.035417 0.056481
0 0.172917 0.144907 0.015625 0.025000
0 0.078906 0.145833 0.017188 0.025000
0 0.863021 0.977778 0.015625 0.024074
0 0.098698 0.585185 0.016146 0.022222
0 0.879948 0.978241 0.013021 0.023148
0 0.965365 0.171759 0.010937 0.015741
0 0.080469 0.662037 0.014063 0.027778
0 0.105990 0.756481 0.009896 0.018519
0 0.994792 0.172222 0.009375 0.016667
0 0.115104 0.561111 0.009375 0.018519
0 0.097135 0.145833 0.016146 0.025000
0 0.116406 0.194444 0.010937 0.022222
0 0.117969 0.610185 0.019271 0.025926
0 0.080208 0.584722 0.015625 0.021296
0 0.846615 0.978241 0.014063 0.023148
0 0.062500 0.195370 0.013542 0.024074
0 0.881250 0.199537 0.032292 0.028704
0 0.117708 0.585185 0.016667 0.022222
0 0.641667 0.089815 0.014583 0.024074
0 0.116927 0.221759 0.013021 0.023148
0 0.988802 0.145370 0.019271 0.022222
0 0.114844 0.145833 0.017188 0.026852
0 0.099219 0.221296 0.014063 0.022222
0 0.154688 0.145370 0.016667 0.025926
0 0.134375 0.145833 0.018750 0.026852
0 0.080208 0.194907 0.012500 0.023148
0 0.918750 0.062963 0.036458 0.024074
0 0.025521 0.222222 0.015625 0.024074
0 0.008333 0.273148 0.014583 0.024074
0 0.007812 0.298148 0.015625 0.027778
0 0.007552 0.194907 0.015104 0.025000
0 0.007812 0.610185 0.015625 0.022222
0 0.008073 0.584259 0.016146 0.025926
0 0.026042 0.726852 0.015625 0.020370
0 0.190365 0.145833 0.015104 0.025000
0 0.098958 0.610185 0.015625 0.024074
0 0.111198 0.089815 0.016146 0.027778
0 0.117448 0.636574 0.017188 0.025000
0 0.099740 0.194444 0.019271 0.024074
0 0.061719 0.583796 0.015104 0.021296
0 0.627083 0.980556 0.016667 0.027778
0 0.846875 0.199537 0.035417 0.028704
0 0.008333 0.700463 0.016667 0.026852
0 0.043750 0.222222 0.013542 0.022222
0 0.025521 0.352315 0.014583 0.025000
0 0.025781 0.584259 0.017188 0.024074
0 0.967708 0.145833 0.019792 0.023148
0 0.080469 0.221296 0.013021 0.022222
0 0.008594 0.635648 0.014063 0.025000
0 0.008073 0.352315 0.015104 0.023148
0 0.894271 0.034722 0.013542 0.023148
0 0.026042 0.700463 0.014583 0.026852
0 0.659115 0.088426 0.013021 0.021296
0 0.008333 0.727778 0.016667 0.020370
0 0.946354 0.146759 0.013542 0.023148
0 0.650260 0.981019 0.017188 0.028704
0 0.098958 0.635648 0.015625 0.025000
0 0.327344 0.978241 0.021354 0.025000
0 0.026042 0.273148 0.015625 0.025926
0 0.207552 0.145833 0.017188 0.025000
0 0.098698 0.325926 0.013021 0.025926
0 0.062500 0.221759 0.013542 0.023148
0 0.117188 0.701389 0.014583 0.023148
0 0.466146 0.978241 0.017708 0.026852
0 0.604167 0.979630 0.020833 0.031481
0 0.909896 0.034259 0.013542 0.025926
0 0.007812 0.325463 0.015625 0.023148
0 0.117969 0.326389 0.017188 0.023148
0 0.063281 0.726852 0.016146 0.020370
0 0.676562 0.087963 0.012500 0.022222
0 0.672917 0.981019 0.016667 0.028704
0 0.580729 0.979167 0.018750 0.030556
0 0.534896 0.977315 0.017708 0.025000
0 0.043750 0.584259 0.015625 0.022222
0 0.117448 0.248148 0.014063 0.025926
0 0.025781 0.299537 0.014063 0.025000
0 0.062500 0.299074 0.013542 0.024074
0 0.044271 0.352778 0.015625 0.025926
0 0.008073 0.663426 0.016146 0.030556
0 0.490104 0.976852 0.018750 0.024074
0 0.044010 0.610648 0.015104 0.023148
0 0.730208 0.088889 0.014583 0.022222
0 0.080990 0.700463 0.013021 0.023148
0 0.080469 0.326389 0.015104 0.025000
0 0.062500 0.662500 0.015625 0.028704
0 0.062240 0.325463 0.013021 0.025000
0 0.973698 0.033333 0.050521 0.025926
0 0.025781 0.662963 0.014063 0.029630
0 0.063281 0.700463 0.017188 0.025000
0 0.747396 0.088889 0.014583 0.022222
0 0.080729 0.247222 0.014583 0.024074
0 0.189062 0.087963 0.137500 0.025926
0 0.043750 0.247685 0.013542 0.023148
0 0.558333 0.977778 0.018750 0.027778
0 0.080469 0.610185 0.015104 0.022222
0 0.008594 0.221759 0.014063 0.025000
0 0.044271 0.700926 0.014583 0.025926
0 0.025521 0.636111 0.016667 0.024074
0 0.099219 0.701389 0.014063 0.023148
0 0.694792 0.088426 0.017708 0.023148
0 0.711979 0.088889 0.013542 0.022222
0 0.080729 0.299074 0.014583 0.024074
0 0.025521 0.325463 0.015625 0.023148
0 0.044010 0.662500 0.014063 0.028704
0 0.983073 0.081481 0.025521 0.062963
0 0.512760 0.977315 0.017188 0.025000
0 0.044010 0.273148 0.015104 0.024074
0 0.099479 0.299537 0.013542 0.025000
0 0.380729 0.147222 0.013542 0.020370
0 0.040885 0.083333 0.021354 0.061111
0 0.044271 0.298611 0.014583 0.025000
0 0.098437 0.247685 0.012500 0.025000
0 0.062240 0.610648 0.015104 0.021296
0 0.044010 0.636574 0.015104 0.025000
0 0.044010 0.325463 0.014063 0.023148
0 0.044531 0.726852 0.016146 0.020370
0 0.118229 0.300463 0.017708 0.025000
0 0.080469 0.727315 0.014063 0.023148
0 0.062760 0.272685 0.015104 0.025000
0 0.088281 0.082407 0.023438 0.061111
0 0.396875 0.976389 0.116667 0.034259
0 0.080469 0.635648 0.015104 0.025000
0 0.116927 0.273611 0.014063 0.023148
0 0.080469 0.272685 0.015104 0.025000
0 0.065104 0.083796 0.021875 0.060185
0 0.062240 0.636111 0.016146 0.025926
0 0.098698 0.273611 0.013021 0.025000
0 0.016406 0.081944 0.026562 0.062037
0 0.070573 0.830556 0.141146 0.027778
0 0.070573 0.804630 0.141146 0.027778
0 0.944010 0.976389 0.014063 0.026852
0 0.070492 0.926412 0.139224 0.012917
0 0.070547 0.033528 0.024302 0.021500
0 0.046247 0.032954 0.017391 0.019204
0 0.191198 0.063560 0.134885 0.023972
0 0.356648 0.063315 0.143901 0.023093
0 0.933359 0.033796 0.021927 0.025000
0 0.806250 0.066204 0.016667 0.023148
0 0.821354 0.066019 0.013542 0.022778
0 0.273531 0.063926 0.018750 0.024074
0 0.684354 0.061833 0.061458 0.026852
0 0.009437 0.248556 0.016042 0.024074
0 0.884260 0.082296 0.024479 0.054630
0 0.443255 0.063019 0.015625 0.024074
0 0.064146 0.247444 0.015625 0.024074
0 0.519177 0.064306 0.135229 0.023241
0 0.026260 0.248148 0.016146 0.024074
0 0.509818 0.088426 0.151927 0.025000
0 0.772135 0.066713 0.017188 0.022315
0 0.954167 0.080880 0.021875 0.059907
0 0.988563 0.009880 0.014583 0.019759
0 0.788964 0.066185 0.016146 0.022815
0 0.859141 0.081481 0.024427 0.050000
0 0.732000 0.062630 0.033917 0.025259
0 0.113104 0.063426 0.018750 0.021296
0 0.273104 0.087769 0.020896 0.025926
0 0.836979 0.065509 0.016667 0.021759
0 0.643250 0.061907 0.019792 0.023148
0 0.357010 0.089319 0.143646 0.025657
0 0.044138 0.195167 0.015474 0.025000
0 0.135229 0.756481 0.007292 0.016667
0 0.026797 0.195370 0.018177 0.025926
0 0.010271 0.032296 0.013417 0.018519
0 0.295469 0.145370 0.152812 0.024074
0 0.963958 0.009356 0.014063 0.018713
0 0.910328 0.089611 0.017708 0.026852
0 0.863490 0.425463 0.067604 0.015741
0 0.928818 0.090880 0.017188 0.031481
0 0.165516 0.173611 0.048281 0.017593
0 0.857682 0.865741 0.038281 0.012963
0 0.877370 0.848148 0.076615 0.012963
0 0.913385 0.900000 0.151354 0.018519
0 0.854141 0.795833 0.049948 0.013889
0 0.863333 0.813426 0.048542 0.012037
0 0.877135 0.831019 0.076146 0.013889
0 0.869922 0.760648 0.061719 0.013889
0 0.027964 0.033222 0.015104 0.020370
0 0.917995 0.198653 0.038906 0.028898
0 0.177029 0.862907 0.051578 0.093611
0 0.975544 0.978181 0.037161 0.034954
0 0.931229 0.977157 0.010406 0.023648
0 0.899927 0.977282 0.016052 0.028528
0 0.914724 0.919625 0.170552 0.021991
0 0.874721 0.883301 0.072849 0.017102
0 0.881669 0.778042 0.086807 0.017213
0 0.913997 0.742875 0.152161 0.017046
0 0.912849 0.725306 0.152156 0.017056
0 0.913224 0.707310 0.152156 0.017046
0 0.913042 0.689236 0.152156 0.017046
0 0.913620 0.671310 0.152156 0.017046
0 0.912203 0.654532 0.152156 0.017046
0 0.913328 0.637389 0.152156 0.017056
0 0.913083 0.619616 0.152156 0.017046
0 0.913453 0.602292 0.152156 0.017046
0 0.912956 0.584074 0.152161 0.017056
0 0.913193 0.566745 0.152156 0.017046
0 0.914307 0.496981 0.151844 0.017056
0 0.913969 0.479204 0.152479 0.015667
0 0.910609 0.443236 0.161677 0.017046
0 0.910979 0.407778 0.161677 0.017056
0 0.911125 0.389782 0.161677 0.017046
0 0.910255 0.372560 0.161677 0.017046
0 0.910099 0.355856 0.161677 0.017046
0 0.908794 0.321472 0.162693 0.017056
0 0.914784 0.303199 0.151891 0.017046
0 0.910052 0.286245 0.160729 0.017046
0 0.909698 0.250551 0.160812 0.017046
0 0.821021 0.090023 0.013333 0.021954
0 0.805917 0.090671 0.014792 0.021398
0 0.788497 0.090569 0.014682 0.022509
0 0.771880 0.090139 0.014844 0.023370
0 0.213604 0.032185 0.021490 0.021500
0 0.185784 0.032375 0.028401 0.019194
0 0.161484 0.033528 0.016094 0.018815
0 0.140479 0.032088 0.016198 0.021694
0 0.120875 0.034102 0.018469 0.021500
0 0.097711 0.031991 0.020953 0.020352
