0 0.120440 0.032556 0.015495 0.019333
0 0.098326 0.032347 0.021745 0.020194
0 0.070896 0.033801 0.025365 0.023991
0 0.046279 0.032347 0.016620 0.020194
0 0.189862 0.064065 0.133609 0.022574
0 0.355719 0.063389 0.144188 0.026037
0 0.933099 0.033796 0.021406 0.025000
0 0.806979 0.066204 0.015208 0.023148
0 0.821667 0.065093 0.012917 0.020926
0 0.272943 0.064352 0.021927 0.025000
0 0.683490 0.064306 0.060729 0.023241
0 0.189375 0.088032 0.134896 0.025787
0 0.008865 0.248556 0.017729 0.024074
0 0.884083 0.081278 0.023958 0.054630
0 0.518688 0.063731 0.135417 0.023056
0 0.064750 0.248185 0.015625 0.024074
0 0.026510 0.247481 0.016146 0.024074
0 0.954167 0.079583 0.021875 0.057315
0 0.509036 0.088426 0.150365 0.025000
0 0.772370 0.065741 0.016719 0.022222
0 0.789010 0.065417 0.015729 0.021574
0 0.989234 0.009653 0.014583 0.019306
0 0.859323 0.081481 0.024063 0.050000
0 0.273047 0.089815 0.021094 0.024074
0 0.730651 0.063241 0.034219 0.025370
0 0.100115 0.196222 0.017521 0.024074
0 0.112792 0.062417 0.018750 0.021296
0 0.111682 0.088667 0.016146 0.027778
0 0.837708 0.064213 0.015208 0.021019
0 0.643510 0.062343 0.019792 0.023148
0 0.356224 0.088769 0.145573 0.027093
0 0.181083 0.861963 0.043750 0.075185
0 0.044568 0.193880 0.015760 0.025000
0 0.912375 0.566241 0.154167 0.018611
0 0.909870 0.249403 0.158854 0.018991
0 0.026685 0.195630 0.018266 0.025926
0 0.009313 0.033269 0.014771 0.018519
0 0.295521 0.145370 0.152708 0.024074
0 0.963135 0.009023 0.014583 0.018046
0 0.071596 0.925611 0.142328 0.013037
0 0.071026 0.906352 0.141667 0.025926
0 0.909687 0.338889 0.161042 0.018519
0 0.913594 0.601852 0.153229 0.018519
0 0.862474 0.425463 0.065573 0.015741
0 0.910924 0.089111 0.016953 0.025296
0 0.858880 0.865741 0.040677 0.012963
0 0.929503 0.090134 0.015880 0.026583
0 0.125615 0.172241 0.007812 0.017593
0 0.167448 0.173611 0.046354 0.017593
0 0.878307 0.848148 0.078490 0.012963
0 0.913125 0.900000 0.151875 0.018519
0 0.855000 0.795833 0.051667 0.013889
0 0.862630 0.813426 0.047135 0.012037
0 0.913646 0.619907 0.152292 0.017593
0 0.877474 0.831019 0.076823 0.013889
0 0.914680 0.919421 0.170641 0.022454
0 0.868958 0.760648 0.059792 0.013889
0 0.913458 0.584222 0.152562 0.016667
0 0.910016 0.409222 0.161385 0.018519
0 0.913724 0.637500 0.152448 0.017593
0 0.027672 0.031509 0.015104 0.020370
0 0.910333 0.320602 0.158792 0.016759
0 0.911068 0.479630 0.158594 0.016667
0 0.913568 0.497222 0.152135 0.018519
0 0.975352 0.978093 0.037484 0.035981
0 0.931617 0.976875 0.010995 0.025991
0 0.918622 0.978208 0.014495 0.027769
0 0.900003 0.977319 0.018245 0.025546
0 0.874516 0.883509 0.071969 0.016593
0 0.882073 0.778440 0.085354 0.016639
0 0.914990 0.742981 0.152063 0.017370
0 0.914880 0.724843 0.152063 0.016426
0 0.914880 0.708153 0.152063 0.016843
0 0.914125 0.690708 0.152062 0.017287
0 0.914448 0.673130 0.152063 0.017259
0 0.914451 0.655764 0.151630 0.017472
0 0.910393 0.443185 0.161380 0.018519
0 0.910589 0.391301 0.160573 0.017287
0 0.910964 0.373551 0.160573 0.017287
0 0.910146 0.355764 0.160573 0.015102
0 0.911005 0.302940 0.158854 0.017639
0 0.909682 0.285644 0.158854 0.018991
0 0.821560 0.089708 0.012589 0.024231
0 0.805708 0.091218 0.015573 0.024954
0 0.788766 0.089782 0.015083 0.024528
0 0.772268 0.089852 0.015328 0.020370
0 0.214609 0.031833 0.020823 0.021074
0 0.187211 0.033106 0.027328 0.022639
0 0.161766 0.031819 0.017781 0.022083
0 0.140802 0.032079 0.020677 0.019565
0 0.114844 0.145833 0.017188 0.026852
0 0.134375 0.145833 0.018750 0.026852
0 0.070573 0.804630 0.141146 0.027778
0 0.070573 0.830556 0.141146 0.027778
0 0.016406 0.081944 0.026562 0.062037
0 0.098698 0.273611 0.013021 0.025000
0 0.062240 0.636111 0.016146 0.025926
0 0.396875 0.976389 0.116667 0.034259
0 0.065104 0.083333 0.021875 0.061111
0 0.116927 0.273611 0.014063 0.023148
0 0.080469 0.272685 0.015104 0.025000
0 0.080469 0.635648 0.015104 0.025000
0 0.088542 0.082407 0.023958 0.061111
0 0.062760 0.272685 0.015104 0.025000
0 0.080469 0.727315 0.014063 0.023148
0 0.118229 0.300463 0.017708 0.025000
0 0.044010 0.325463 0.014063 0.023148
0 0.044531 0.726852 0.016146 0.020370
0 0.380729 0.147222 0.013542 0.020370
0 0.044010 0.636111 0.015104 0.025926
0 0.040885 0.083333 0.021354 0.061111
0 0.062240 0.610648 0.015104 0.021296
0 0.044271 0.298611 0.014583 0.025000
0 0.098437 0.247685 0.012500 0.025000
0 0.099479 0.299537 0.013542 0.025000
0 0.983073 0.081481 0.025521 0.062963
0 0.025521 0.325463 0.015625 0.023148
0 0.080729 0.299074 0.014583 0.024074
0 0.044010 0.662500 0.014063 0.028704
0 0.044010 0.273148 0.015104 0.024074
0 0.711979 0.088426 0.013542 0.023148
0 0.512500 0.977315 0.017708 0.025000
0 0.694792 0.088426 0.017708 0.023148
0 0.025260 0.636111 0.017188 0.024074
0 0.099219 0.701389 0.014063 0.023148
0 0.044271 0.700926 0.014583 0.025926
0 0.008594 0.221759 0.014063 0.025000
0 0.080469 0.610185 0.015104 0.022222
0 0.043750 0.247685 0.013542 0.023148
0 0.558333 0.977778 0.018750 0.027778
0 0.747396 0.088889 0.014583 0.022222
0 0.441667 0.064815 0.015625 0.024074
0 0.080729 0.247222 0.014583 0.024074
0 0.080469 0.326389 0.015104 0.025000
0 0.025781 0.662963 0.014063 0.029630
0 0.063281 0.700463 0.017188 0.025000
0 0.730208 0.088889 0.014583 0.022222
0 0.062240 0.325463 0.013021 0.025000
0 0.062500 0.662500 0.015625 0.028704
0 0.080990 0.700463 0.013021 0.023148
0 0.973437 0.033333 0.051042 0.025926
0 0.044010 0.610648 0.015104 0.023148
0 0.008073 0.663426 0.016146 0.030556
0 0.043750 0.584259 0.015625 0.022222
0 0.025781 0.299537 0.014063 0.025000
0 0.117448 0.248148 0.014063 0.025926
0 0.044271 0.352778 0.015625 0.025926
0 0.490104 0.976852 0.018750 0.024074
0 0.580729 0.979167 0.018750 0.030556
0 0.062760 0.299074 0.014063 0.024074
0 0.534896 0.977778 0.017708 0.025926
0 0.117969 0.326389 0.017188 0.023148
0 0.909896 0.034259 0.013542 0.025926
0 0.676562 0.087963 0.012500 0.022222
0 0.063281 0.726852 0.016146 0.020370
0 0.672917 0.981019 0.016667 0.028704
0 0.604167 0.979630 0.020833 0.031481
0 0.007812 0.325463 0.015625 0.023148
0 0.098698 0.325463 0.013021 0.025000
0 0.327344 0.978241 0.021354 0.025000
0 0.466146 0.978241 0.017708 0.026852
0 0.117188 0.701389 0.014583 0.023148
0 0.062240 0.221759 0.014063 0.023148
0 0.207813 0.145833 0.017708 0.025000
0 0.026042 0.273148 0.015625 0.025926
0 0.098958 0.635648 0.015625 0.025000
0 0.946354 0.146759 0.013542 0.023148
0 0.650260 0.980556 0.017188 0.029630
0 0.008333 0.727778 0.016667 0.020370
0 0.008594 0.635648 0.014063 0.025000
0 0.008073 0.352315 0.015104 0.023148
0 0.894271 0.034722 0.013542 0.023148
0 0.026042 0.700463 0.014583 0.026852
0 0.659375 0.088426 0.013542 0.021296
0 0.025521 0.584259 0.017708 0.024074
0 0.080469 0.221296 0.013021 0.022222
0 0.025781 0.352315 0.015104 0.026852
0 0.967708 0.145833 0.019792 0.023148
0 0.043750 0.222222 0.013542 0.022222
0 0.008333 0.700463 0.016667 0.026852
0 0.061719 0.583796 0.015104 0.021296
0 0.117448 0.636574 0.017188 0.025000
0 0.846875 0.199537 0.035417 0.028704
0 0.627083 0.980556 0.016667 0.027778
0 0.190365 0.145833 0.015104 0.025000
0 0.098958 0.609722 0.015625 0.025000
0 0.008073 0.584259 0.016146 0.025926
0 0.026042 0.726852 0.015625 0.020370
0 0.008073 0.610185 0.016146 0.022222
0 0.007552 0.194907 0.015104 0.025000
0 0.008333 0.273148 0.014583 0.024074
0 0.007812 0.298148 0.015625 0.027778
0 0.917448 0.200000 0.035937 0.024074
0 0.025521 0.222222 0.015625 0.024074
0 0.079948 0.194907 0.013021 0.023148
0 0.154688 0.145370 0.016667 0.025926
0 0.009896 0.805093 0.010417 0.019444
0 0.944792 0.976389 0.013542 0.026852
0 0.236979 0.033333 0.016667 0.020370
0 0.846615 0.461574 0.034896 0.019444
0 0.864323 0.514352 0.051562 0.015741
0 0.974479 0.172222 0.008333 0.014815
0 0.060417 0.146296 0.015625 0.025926
0 0.938021 0.009722 0.011458 0.019444
0 0.134635 0.172222 0.009896 0.020370
0 0.135156 0.560185 0.007812 0.016667
0 0.189323 0.212500 0.077604 0.019444
0 0.124479 0.560648 0.007292 0.017593
0 0.124740 0.756481 0.007812 0.016667
0 0.070573 0.858333 0.141146 0.027778
0 0.026042 0.145370 0.050000 0.027778
0 0.984375 0.171296 0.009375 0.016667
0 0.115885 0.172222 0.010937 0.020370
0 0.197396 0.173148 0.009375 0.020370
0 0.025781 0.609259 0.018229 0.020370
0 0.819010 0.173611 0.013021 0.021296
0 0.115365 0.756481 0.006771 0.016667
0 0.863021 0.977778 0.015625 0.024074
0 0.879948 0.978241 0.014063 0.023148
0 0.078906 0.145833 0.017188 0.025000
0 0.172917 0.144907 0.015625 0.025000
0 0.608854 0.077315 0.035417 0.056481
0 0.098698 0.585185 0.016146 0.022222
0 0.105990 0.756481 0.009896 0.018519
0 0.965625 0.171759 0.011458 0.015741
0 0.080469 0.662037 0.014063 0.027778
0 0.994792 0.172222 0.009375 0.016667
0 0.097135 0.145833 0.016146 0.025000
0 0.115104 0.561111 0.009375 0.018519
0 0.116406 0.194444 0.010937 0.022222
0 0.117969 0.610185 0.019271 0.025926
0 0.134896 0.756481 0.007292 0.016667
0 0.080208 0.584722 0.015625 0.021296
0 0.881250 0.199537 0.032292 0.028704
0 0.846615 0.978241 0.014063 0.023148
0 0.062500 0.195370 0.013542 0.024074
0 0.641667 0.089815 0.014583 0.024074
0 0.918490 0.063426 0.036979 0.025000
0 0.117708 0.585185 0.016667 0.022222
0 0.988802 0.145370 0.019271 0.022222
0 0.116927 0.221759 0.013021 0.023148
0 0.098958 0.221296 0.014583 0.022222
