0 0.190365 0.145833 0.015104 0.025000
0 0.070573 0.804630 0.141146 0.027778
0 0.070573 0.830556 0.141146 0.027778
0 0.016406 0.081944 0.026562 0.062037
0 0.098698 0.273611 0.013021 0.025000
0 0.408333 0.976389 0.116667 0.034259
0 0.062240 0.636111 0.016146 0.025926
0 0.080469 0.272685 0.015104 0.025000
0 0.065104 0.083796 0.021875 0.060185
0 0.116927 0.273611 0.014063 0.023148
0 0.062500 0.272685 0.014583 0.025000
0 0.088542 0.082870 0.023958 0.060185
0 0.080469 0.727315 0.014063 0.023148
0 0.371094 0.147222 0.014063 0.022222
0 0.080469 0.635648 0.015104 0.025000
0 0.118229 0.300463 0.017708 0.025000
0 0.044010 0.325926 0.014063 0.024074
0 0.044531 0.726852 0.015104 0.020370
0 0.062240 0.610648 0.015104 0.021296
0 0.044271 0.298611 0.014583 0.025000
0 0.040885 0.083333 0.021354 0.061111
0 0.044010 0.636574 0.015104 0.025000
0 0.098437 0.247685 0.012500 0.025000
0 0.982812 0.081019 0.026042 0.063889
0 0.099479 0.299537 0.013542 0.025000
0 0.080729 0.299074 0.014583 0.024074
0 0.025521 0.325463 0.015625 0.023148
0 0.711979 0.088889 0.013542 0.022222
0 0.044010 0.273148 0.015104 0.024074
0 0.523958 0.977315 0.017708 0.025000
0 0.694792 0.088426 0.017708 0.023148
0 0.099219 0.701389 0.014063 0.023148
0 0.044010 0.662500 0.014063 0.028704
0 0.973437 0.033333 0.051042 0.025926
0 0.025260 0.636111 0.017188 0.024074
0 0.008594 0.221759 0.014063 0.025000
0 0.747656 0.088889 0.014063 0.022222
0 0.044271 0.700926 0.014583 0.025926
0 0.043750 0.247685 0.013542 0.023148
0 0.080729 0.247222 0.014583 0.024074
0 0.570052 0.978704 0.018229 0.027778
0 0.063281 0.700463 0.017188 0.025000
0 0.080990 0.700463 0.013021 0.023148
0 0.730208 0.088889 0.014583 0.022222
0 0.080469 0.325926 0.015104 0.025926
0 0.080469 0.610185 0.015104 0.022222
0 0.025781 0.662963 0.014063 0.029630
0 0.062240 0.325463 0.013021 0.025000
0 0.501042 0.976852 0.017708 0.024074
0 0.546875 0.977778 0.017708 0.025926
0 0.592708 0.979630 0.018750 0.031481
0 0.477604 0.977315 0.017708 0.026852
0 0.044010 0.610648 0.015104 0.023148
0 0.043750 0.584259 0.015625 0.022222
0 0.117448 0.248148 0.014063 0.025926
0 0.062500 0.299074 0.013542 0.024074
0 0.025781 0.299537 0.014063 0.025000
0 0.909896 0.034259 0.013542 0.025926
0 0.676562 0.087963 0.012500 0.022222
0 0.044271 0.352778 0.015625 0.025926
0 0.008073 0.663426 0.016146 0.030556
0 0.946354 0.146759 0.013542 0.023148
0 0.062500 0.662500 0.015625 0.028704
0 0.117969 0.326389 0.017188 0.023148
0 0.117188 0.701389 0.014583 0.023148
0 0.007812 0.325463 0.015625 0.023148
0 0.063281 0.726852 0.016146 0.020370
0 0.062500 0.221759 0.013542 0.023148
0 0.098698 0.325926 0.013021 0.025926
0 0.967708 0.145833 0.019792 0.023148
0 0.026042 0.273148 0.015625 0.025926
0 0.098958 0.635185 0.016667 0.025926
0 0.207552 0.145833 0.017188 0.025000
0 0.008333 0.727778 0.016667 0.020370
0 0.894271 0.034259 0.013542 0.022222
0 0.659115 0.088426 0.013021 0.021296
0 0.008073 0.352315 0.015104 0.023148
0 0.080469 0.221759 0.013021 0.023148
0 0.025781 0.584259 0.017188 0.024074
0 0.025521 0.352315 0.014583 0.026852
0 0.615885 0.980093 0.020313 0.030556
0 0.008333 0.700463 0.016667 0.026852
0 0.026042 0.700463 0.014583 0.026852
0 0.008594 0.635648 0.014063 0.025000
0 0.044010 0.222222 0.013021 0.022222
0 0.042448 0.728241 0.018229 0.021296
0 0.944792 0.976389 0.013542 0.026852
0 0.008073 0.033796 0.014063 0.023148
0 0.909896 0.372685 0.161458 0.019444
0 0.939323 0.008333 0.010937 0.016667
0 0.060417 0.146296 0.015625 0.025926
0 0.124740 0.172685 0.007812 0.017593
0 0.974479 0.172222 0.008333 0.014815
0 0.134635 0.172222 0.009896 0.020370
0 0.134896 0.560648 0.007292 0.015741
0 0.124479 0.560648 0.007292 0.017593
0 0.124740 0.756481 0.007812 0.016667
0 0.236979 0.033796 0.016667 0.021296
0 0.025781 0.145370 0.050521 0.027778
0 0.984375 0.171296 0.009375 0.016667
0 0.879427 0.977315 0.016146 0.025000
0 0.115885 0.172222 0.010937 0.020370
0 0.608854 0.077315 0.035417 0.056481
0 0.197135 0.173148 0.008854 0.020370
0 0.818750 0.174074 0.012500 0.020370
0 0.025781 0.609722 0.018229 0.019444
0 0.862500 0.978704 0.014583 0.027778
0 0.115365 0.756481 0.006771 0.016667
0 0.098958 0.585185 0.016667 0.022222
0 0.078906 0.145833 0.017188 0.025000
0 0.172917 0.145370 0.015625 0.025926
0 0.080469 0.662037 0.014063 0.027778
0 0.116406 0.194444 0.010937 0.022222
0 0.115104 0.561111 0.009375 0.018519
0 0.080208 0.584722 0.015625 0.021296
0 0.964583 0.172685 0.009375 0.015741
0 0.097135 0.145833 0.016146 0.025000
0 0.105990 0.756481 0.009896 0.018519
0 0.994792 0.172222 0.009375 0.016667
0 0.134896 0.756481 0.007292 0.016667
0 0.881250 0.200000 0.032292 0.027778
0 0.062500 0.195370 0.013542 0.024074
0 0.641667 0.089815 0.014583 0.024074
0 0.338281 0.978241 0.020313 0.026852
0 0.099740 0.610648 0.018229 0.025000
0 0.117188 0.609722 0.012500 0.023148
0 0.116927 0.221759 0.013021 0.023148
0 0.099219 0.221296 0.014063 0.022222
0 0.117448 0.585185 0.015104 0.020370
0 0.114583 0.145833 0.016667 0.026852
0 0.134375 0.145833 0.018750 0.026852
0 0.025521 0.222222 0.015625 0.024074
0 0.661198 0.980093 0.017188 0.026852
0 0.008073 0.584259 0.016146 0.025926
0 0.988802 0.145370 0.019271 0.022222
0 0.008333 0.298148 0.015625 0.027778
0 0.008333 0.273148 0.014583 0.024074
0 0.116927 0.636111 0.014063 0.024074
0 0.154688 0.145833 0.016667 0.026852
0 0.080208 0.194907 0.012500 0.023148
0 0.638542 0.980556 0.015625 0.025926
0 0.917448 0.200000 0.035937 0.024074
0 0.007552 0.194907 0.015104 0.025000
0 0.007812 0.610185 0.015625 0.022222
0 0.026042 0.726852 0.015625 0.020370
0 0.111198 0.089815 0.016146 0.027778
0 0.847135 0.199537 0.035937 0.028704
0 0.061719 0.584259 0.015104 0.022222
0 0.928760 0.088315 0.017188 0.024852
0 0.355943 0.063398 0.145406 0.025130
0 0.190349 0.063722 0.135760 0.022630
0 0.932656 0.033796 0.020521 0.025000
0 0.806250 0.065648 0.016667 0.022037
0 0.684859 0.065185 0.059969 0.023704
0 0.190104 0.088431 0.134896 0.023880
0 0.821354 0.065602 0.013542 0.021944
0 0.272318 0.064352 0.020677 0.025000
0 0.009323 0.247315 0.016562 0.024259
0 0.883911 0.082611 0.023958 0.054630
0 0.518464 0.063782 0.135365 0.022750
0 0.442245 0.064815 0.015625 0.024074
0 0.510234 0.088889 0.152760 0.024074
0 0.772396 0.066667 0.016667 0.022222
0 0.064531 0.248185 0.015625 0.024074
0 0.026880 0.247769 0.016146 0.024074
0 0.954167 0.079306 0.021875 0.058611
0 0.988021 0.008981 0.014583 0.017963
0 0.788802 0.066528 0.016146 0.023796
0 0.858646 0.081944 0.025417 0.050926
0 0.112604 0.063426 0.022083 0.021296
0 0.101286 0.196167 0.019271 0.024074
0 0.272214 0.090741 0.019427 0.025926
0 0.731146 0.063741 0.033958 0.025259
0 0.837682 0.064769 0.015260 0.020278
0 0.643250 0.063685 0.019792 0.023148
0 0.181250 0.863500 0.049479 0.078704
0 0.355917 0.089162 0.145771 0.025935
0 0.044521 0.194222 0.015646 0.025000
0 0.919615 0.063426 0.036979 0.025000
0 0.026870 0.195111 0.018010 0.025926
0 0.028193 0.033167 0.015906 0.018519
0 0.070312 0.906481 0.140625 0.027778
0 0.915208 0.882870 0.149792 0.015741
0 0.070052 0.858907 0.140104 0.026852
0 0.290599 0.144907 0.144844 0.025000
0 0.963208 0.009519 0.014583 0.019037
0 0.914661 0.918935 0.170677 0.021389
0 0.167187 0.173611 0.046875 0.017593
0 0.863698 0.426852 0.069062 0.016667
0 0.069945 0.926736 0.138755 0.012083
0 0.909896 0.088833 0.017708 0.026037
0 0.196276 0.213426 0.084219 0.017593
0 0.909922 0.408866 0.161979 0.017639
0 0.847135 0.461509 0.034896 0.018519
0 0.046880 0.032546 0.015104 0.020370
0 0.918948 0.977093 0.012937 0.026963
0 0.070622 0.034778 0.023339 0.017259
0 0.097365 0.032708 0.020812 0.022398
0 0.119909 0.032870 0.015307 0.021741
0 0.140396 0.031796 0.019135 0.020574
0 0.161560 0.033856 0.015224 0.020546
0 0.186562 0.033755 0.026354 0.022657
0 0.215513 0.032912 0.021620 0.021991
0 0.772128 0.091282 0.013734 0.021565
0 0.788547 0.090227 0.015198 0.019454
0 0.805208 0.091069 0.016146 0.023231
0 0.820562 0.088662 0.012323 0.020083
0 0.915003 0.250144 0.169995 0.016306
0 0.914807 0.285931 0.170385 0.016306
0 0.915583 0.304167 0.168833 0.016315
0 0.913646 0.321028 0.172708 0.016315
0 0.913549 0.338236 0.172901 0.016306
0 0.913357 0.354449 0.173286 0.016306
0 0.914203 0.390806 0.171594 0.016315
0 0.914969 0.443769 0.170062 0.016315
0 0.919471 0.479389 0.161057 0.016315
0 0.919544 0.496352 0.160911 0.016315
0 0.919326 0.513829 0.161349 0.016306
0 0.919326 0.531824 0.161349 0.016315
0 0.866680 0.550329 0.055182 0.016306
0 0.919419 0.602671 0.161161 0.017806
0 0.919052 0.621454 0.161896 0.017815
0 0.919263 0.639444 0.161161 0.017815
0 0.919229 0.656690 0.161156 0.016065
0 0.919432 0.673324 0.161135 0.016685
0 0.860372 0.691773 0.043568 0.018935
0 0.862625 0.900616 0.049844 0.014602
0 0.875643 0.866014 0.073276 0.014435
0 0.862997 0.848676 0.049286 0.016593
0 0.877279 0.831255 0.080276 0.015602
0 0.877466 0.813662 0.079526 0.013602
0 0.854875 0.796407 0.048542 0.012278
0 0.864477 0.760139 0.053349 0.017222
0 0.882766 0.778773 0.089063 0.016454
0 0.916018 0.742273 0.154411 0.018509
0 0.899622 0.975838 0.015307 0.024898
0 0.931172 0.975171 0.011573 0.022898
0 0.975503 0.977694 0.041495 0.032130
