0 0.915052 0.479245 0.152083 0.016657
0 0.046010 0.032750 0.015104 0.020370
0 0.864271 0.549074 0.053542 0.016667
0 0.914844 0.496523 0.152083 0.016657
0 0.914630 0.514375 0.152083 0.016657
0 0.915276 0.532042 0.152083 0.016657
0 0.915031 0.602060 0.152083 0.016657
0 0.914307 0.619542 0.152083 0.016657
0 0.914885 0.637014 0.152083 0.016657
0 0.899594 0.977546 0.013021 0.025000
0 0.915031 0.653986 0.152083 0.016657
0 0.915174 0.672231 0.152078 0.016667
0 0.684279 0.064074 0.061474 0.023704
0 0.861852 0.690023 0.044630 0.016657
0 0.914646 0.743551 0.152083 0.016657
0 0.918997 0.976852 0.012745 0.024093
0 0.931464 0.976852 0.010406 0.020648
0 0.944693 0.975056 0.012990 0.020796
0 0.975430 0.977639 0.035089 0.030259
0 0.805990 0.065139 0.017188 0.021019
0 0.190448 0.088269 0.135771 0.024759
0 0.821354 0.063935 0.013542 0.018611
0 0.932839 0.033796 0.020885 0.025000
0 0.356250 0.062991 0.145313 0.024685
0 0.272240 0.064352 0.020521 0.025000
0 0.518570 0.063523 0.134318 0.022046
0 0.883448 0.081963 0.024479 0.055556
0 0.772135 0.065463 0.017188 0.021667
0 0.954167 0.078611 0.021875 0.057222
0 0.190208 0.064333 0.135250 0.022981
0 0.509661 0.088889 0.151615 0.024074
0 0.859010 0.081944 0.024688 0.050926
0 0.788802 0.065231 0.016146 0.021204
0 0.731573 0.064278 0.034323 0.022778
0 0.272734 0.089815 0.020469 0.024074
0 0.111562 0.062093 0.018750 0.021296
0 0.837630 0.064907 0.015365 0.022407
0 0.643318 0.063204 0.019792 0.023148
0 0.355771 0.089333 0.145437 0.026889
0 0.181839 0.862630 0.043073 0.072685
0 0.910547 0.249537 0.158594 0.021296
0 0.913802 0.883333 0.152604 0.016667
0 0.862922 0.900972 0.051146 0.013889
0 0.027320 0.034148 0.013755 0.018519
0 0.290208 0.144907 0.145625 0.025000
0 0.070312 0.905278 0.140625 0.025370
0 0.070146 0.925148 0.140292 0.012778
0 0.877656 0.813426 0.077188 0.012037
0 0.165938 0.173611 0.049375 0.017593
0 0.861589 0.426852 0.064844 0.016667
0 0.928276 0.090273 0.017188 0.028157
0 0.914062 0.921866 0.171875 0.019843
0 0.910497 0.090000 0.016724 0.028704
0 0.867656 0.848611 0.057187 0.013889
0 0.866823 0.760648 0.055521 0.013889
0 0.879609 0.831019 0.081094 0.013889
0 0.973932 0.033796 0.049010 0.025000
0 0.071214 0.034194 0.023135 0.017222
0 0.098034 0.034069 0.021547 0.018509
0 0.119938 0.033815 0.015323 0.019019
0 0.139888 0.033940 0.017641 0.018250
0 0.162010 0.032912 0.015615 0.020824
0 0.186156 0.033296 0.025740 0.021074
0 0.214133 0.032782 0.021828 0.022102
0 0.771549 0.089708 0.015057 0.021694
0 0.788003 0.089583 0.015620 0.021204
0 0.875026 0.866204 0.072969 0.013889
0 0.805052 0.088898 0.016948 0.021815
0 0.821750 0.089704 0.011156 0.024667
0 0.909844 0.795833 0.157396 0.017593
0 0.009156 0.032963 0.014323 0.017500
0 0.910070 0.268634 0.159411 0.016657
0 0.882448 0.777778 0.088854 0.012963
0 0.910013 0.285870 0.159411 0.016667
0 0.910135 0.302977 0.159406 0.016657
0 0.909760 0.320745 0.159406 0.016657
0 0.910003 0.338699 0.159411 0.016657
0 0.910003 0.355403 0.159411 0.016657
0 0.909859 0.372884 0.159406 0.016657
0 0.909859 0.390361 0.159406 0.016667
0 0.910529 0.408125 0.159411 0.016657
0 0.910214 0.443569 0.159406 0.016657
0 0.124740 0.756481 0.007812 0.016667
0 0.025781 0.145370 0.050521 0.027778
0 0.070052 0.857870 0.140104 0.026852
0 0.984375 0.171296 0.009375 0.016667
0 0.115885 0.172222 0.010937 0.020370
0 0.608854 0.076852 0.035417 0.055556
0 0.197135 0.173148 0.008854 0.020370
0 0.818750 0.174074 0.012500 0.020370
0 0.134635 0.858333 0.009896 0.024074
0 0.025781 0.609259 0.018229 0.020370
0 0.078906 0.145833 0.017188 0.025000
0 0.115365 0.756481 0.006771 0.016667
0 0.024479 0.195370 0.013542 0.025926
0 0.099219 0.585185 0.017188 0.022222
0 0.080469 0.662037 0.014063 0.027778
0 0.172656 0.145370 0.016146 0.025926
0 0.863021 0.977778 0.015625 0.024074
0 0.964583 0.172685 0.009375 0.015741
0 0.116406 0.194444 0.010937 0.022222
0 0.097135 0.145833 0.016146 0.025000
0 0.879948 0.977778 0.014063 0.024074
0 0.105990 0.756481 0.009896 0.018519
0 0.994792 0.172222 0.009375 0.016667
0 0.080208 0.584259 0.014583 0.022222
0 0.115104 0.561111 0.009375 0.018519
0 0.881250 0.200000 0.032292 0.027778
0 0.134896 0.756481 0.007292 0.016667
0 0.042448 0.195370 0.018229 0.025926
0 0.918490 0.063426 0.036979 0.025000
0 0.062500 0.195370 0.013542 0.024074
0 0.116927 0.221759 0.013021 0.023148
0 0.641667 0.089815 0.014583 0.024074
0 0.099219 0.221296 0.014063 0.022222
0 0.117188 0.609722 0.012500 0.023148
0 0.099740 0.610648 0.018229 0.025000
0 0.846615 0.978241 0.014063 0.023148
0 0.117448 0.584722 0.015104 0.021296
0 0.114583 0.145833 0.016667 0.026852
0 0.134375 0.145833 0.019792 0.026852
0 0.025521 0.222222 0.015625 0.024074
0 0.988802 0.145370 0.019271 0.022222
0 0.917448 0.200000 0.035937 0.024074
0 0.008333 0.298148 0.015625 0.027778
0 0.116927 0.636111 0.014063 0.024074
0 0.154688 0.145833 0.016667 0.026852
0 0.008333 0.273148 0.014583 0.024074
0 0.008073 0.584259 0.016146 0.025926
0 0.008073 0.610185 0.016146 0.022222
0 0.080208 0.194907 0.012500 0.023148
0 0.110937 0.089815 0.016667 0.027778
0 0.847135 0.199537 0.035937 0.028704
0 0.026042 0.726852 0.015625 0.020370
0 0.007552 0.194907 0.015104 0.025000
0 0.627083 0.980556 0.016667 0.027778
0 0.190365 0.145833 0.015104 0.025000
0 0.043750 0.222685 0.013542 0.023148
0 0.061719 0.584259 0.015104 0.022222
0 0.008333 0.700463 0.016667 0.026852
0 0.025521 0.352315 0.014583 0.026852
0 0.099740 0.194444 0.019271 0.024074
0 0.026042 0.700463 0.014583 0.026852
0 0.080469 0.221759 0.013021 0.023148
0 0.008073 0.351852 0.015104 0.024074
0 0.659375 0.088889 0.013542 0.022222
0 0.025781 0.584259 0.017188 0.024074
0 0.894271 0.034722 0.013542 0.023148
0 0.207813 0.145833 0.017708 0.025000
0 0.008333 0.727778 0.016667 0.020370
0 0.008594 0.635648 0.014063 0.025000
0 0.327344 0.978241 0.021354 0.025000
0 0.650260 0.980556 0.017188 0.029630
0 0.967708 0.145833 0.019792 0.023148
0 0.062500 0.221759 0.013542 0.023148
0 0.026042 0.273148 0.015625 0.025926
0 0.672917 0.981019 0.016667 0.028704
0 0.604167 0.979630 0.020833 0.031481
0 0.466146 0.978241 0.017708 0.026852
0 0.117188 0.701389 0.014583 0.023148
0 0.007812 0.325463 0.015625 0.023148
0 0.098958 0.635185 0.016667 0.025926
0 0.098698 0.325463 0.013021 0.025000
0 0.946354 0.146296 0.013542 0.022222
0 0.117969 0.326389 0.017188 0.023148
0 0.676562 0.087963 0.012500 0.022222
0 0.063281 0.726852 0.016146 0.020370
0 0.534896 0.977778 0.017708 0.025926
0 0.580729 0.979167 0.018750 0.030556
0 0.117448 0.248148 0.014063 0.025926
0 0.062500 0.299074 0.013542 0.024074
0 0.988021 0.010648 0.014583 0.021296
0 0.490104 0.976852 0.018750 0.024074
0 0.025781 0.299537 0.014063 0.025000
0 0.909896 0.034259 0.013542 0.025926
0 0.044271 0.352778 0.015625 0.025926
0 0.043750 0.583796 0.015625 0.023148
0 0.062500 0.662500 0.015625 0.028704
0 0.008073 0.663426 0.016146 0.030556
0 0.063021 0.247222 0.015625 0.024074
0 0.044010 0.610648 0.015104 0.023148
0 0.025260 0.248148 0.016146 0.024074
0 0.080990 0.700463 0.013021 0.023148
0 0.080469 0.610185 0.015104 0.022222
0 0.063281 0.700463 0.017188 0.025000
0 0.730208 0.088889 0.014583 0.022222
0 0.062240 0.325463 0.013021 0.025000
0 0.441667 0.064815 0.015625 0.024074
0 0.080729 0.247222 0.014583 0.024074
0 0.558333 0.978241 0.018750 0.028704
0 0.008073 0.247222 0.014063 0.024074
0 0.043750 0.247685 0.013542 0.023148
0 0.025781 0.662963 0.014063 0.029630
0 0.044271 0.700926 0.014583 0.025926
0 0.080469 0.325926 0.015104 0.025926
0 0.747656 0.088889 0.014063 0.022222
0 0.008594 0.221759 0.014063 0.025000
0 0.025260 0.636111 0.017188 0.024074
0 0.099219 0.701389 0.014063 0.023148
0 0.512500 0.977315 0.017708 0.025000
0 0.694792 0.088426 0.017708 0.023148
0 0.711979 0.088426 0.013542 0.023148
0 0.044010 0.662500 0.014063 0.028704
0 0.044010 0.273148 0.015104 0.024074
0 0.025521 0.325463 0.015625 0.023148
0 0.080729 0.299074 0.014583 0.024074
0 0.098437 0.247685 0.012500 0.025000
0 0.983073 0.080556 0.025521 0.062963
0 0.099479 0.299537 0.013542 0.025000
0 0.062240 0.610648 0.015104 0.021296
0 0.044010 0.636574 0.015104 0.025000
0 0.044271 0.298611 0.014583 0.025000
0 0.040625 0.083333 0.021875 0.061111
0 0.044531 0.726852 0.015104 0.020370
0 0.044010 0.325926 0.014063 0.024074
0 0.118229 0.300463 0.017708 0.025000
0 0.080469 0.727315 0.014063 0.023148
0 0.080469 0.635648 0.015104 0.025000
0 0.371354 0.147222 0.014583 0.022222
0 0.062760 0.272685 0.015104 0.025000
0 0.088542 0.082407 0.023958 0.061111
0 0.080469 0.272685 0.015104 0.025000
0 0.116927 0.273611 0.014063 0.023148
0 0.065104 0.083796 0.021875 0.060185
0 0.062240 0.636111 0.016146 0.025926
0 0.397135 0.976389 0.117188 0.034259
0 0.098698 0.273611 0.013021 0.025000
0 0.016406 0.081944 0.026562 0.062037
0 0.070573 0.830556 0.141146 0.027778
0 0.070573 0.804630 0.141146 0.027778
0 0.025521 0.258333 0.015625 0.044444
0 0.042448 0.728241 0.018229 0.021296
0 0.847135 0.461111 0.034896 0.018519
0 0.939323 0.008333 0.010937 0.016667
0 0.124740 0.172685 0.007812 0.017593
0 0.974479 0.172222 0.008333 0.014815
0 0.060417 0.146296 0.015625 0.025926
0 0.134635 0.172222 0.009896 0.020370
0 0.189323 0.212500 0.077604 0.019444
0 0.135156 0.560648 0.007812 0.015741
0 0.124479 0.560648 0.007292 0.017593
0 0.961458 0.010185 0.014583 0.020370
0 0.236979 0.033796 0.015625 0.021296
