0 0.097729 0.032843 0.024229 0.018000
0 0.027880 0.032222 0.015104 0.020370
0 0.913542 0.619907 0.152083 0.017593
0 0.120125 0.031407 0.013031 0.018185
0 0.910599 0.479630 0.157656 0.016667
0 0.140617 0.032231 0.019172 0.020667
0 0.161508 0.032708 0.015724 0.020102
0 0.186221 0.031657 0.025734 0.018370
0 0.215281 0.033995 0.021104 0.021250
0 0.771714 0.090130 0.015687 0.022019
0 0.788846 0.089130 0.015682 0.021167
0 0.806060 0.090727 0.015089 0.022250
0 0.820555 0.089861 0.012516 0.020519
0 0.910208 0.250218 0.158854 0.016972
0 0.910945 0.285866 0.158859 0.016972
0 0.910945 0.303361 0.158859 0.016981
0 0.910112 0.320264 0.158859 0.016972
0 0.909271 0.337866 0.158854 0.016972
0 0.913229 0.497222 0.151458 0.018519
0 0.909648 0.356505 0.158859 0.016972
0 0.909542 0.373352 0.158854 0.016981
0 0.295573 0.145370 0.152604 0.024074
0 0.928099 0.087306 0.017188 0.024648
0 0.909648 0.389810 0.158859 0.016972
0 0.910701 0.408120 0.158859 0.016981
0 0.909573 0.443847 0.158854 0.016972
0 0.914427 0.655944 0.152781 0.017796
0 0.856719 0.865741 0.036354 0.012963
0 0.914620 0.673685 0.152781 0.017796
0 0.914992 0.690741 0.152776 0.017796
0 0.914992 0.708463 0.152776 0.017796
0 0.915078 0.725986 0.152781 0.017787
0 0.915224 0.743412 0.152781 0.017787
0 0.882042 0.779162 0.085927 0.016657
0 0.875807 0.884245 0.072802 0.016917
0 0.914456 0.919023 0.171089 0.023083
0 0.026693 0.195370 0.017969 0.025926
0 0.899099 0.976750 0.017344 0.025796
0 0.910182 0.088519 0.017708 0.024074
0 0.918615 0.977046 0.013010 0.025204
0 0.930956 0.975269 0.011005 0.023426
0 0.913359 0.566620 0.153490 0.018611
0 0.070875 0.926056 0.140125 0.014741
0 0.044062 0.194907 0.015625 0.025000
0 0.181323 0.862852 0.050104 0.076759
0 0.913073 0.601852 0.152188 0.018519
0 0.009161 0.033352 0.013135 0.018519
0 0.862083 0.425463 0.064792 0.015741
0 0.962901 0.009546 0.014583 0.019093
0 0.356060 0.089759 0.144964 0.026963
0 0.943883 0.975861 0.010505 0.024611
0 0.974906 0.978083 0.038198 0.033796
0 0.046096 0.031694 0.017016 0.018000
0 0.988531 0.009750 0.014740 0.019500
0 0.859323 0.081481 0.024063 0.050000
0 0.273667 0.089815 0.019948 0.024074
0 0.731266 0.063713 0.032781 0.025019
0 0.111906 0.063046 0.018750 0.021296
0 0.837292 0.065139 0.016042 0.022870
0 0.919682 0.063130 0.036458 0.024074
0 0.643250 0.061981 0.019792 0.023148
0 0.856302 0.795833 0.054271 0.013889
0 0.863542 0.813426 0.048958 0.012037
0 0.165339 0.173611 0.050573 0.017593
0 0.878464 0.848148 0.078802 0.012963
0 0.877448 0.831019 0.076771 0.013889
0 0.913724 0.585185 0.152448 0.016667
0 0.869036 0.761111 0.059948 0.014815
0 0.914089 0.637500 0.153177 0.017593
0 0.913854 0.901157 0.150417 0.016204
0 0.772135 0.065926 0.017188 0.022593
0 0.026844 0.247380 0.016146 0.024074
0 0.788802 0.066574 0.016146 0.023889
0 0.509974 0.088426 0.152240 0.025000
0 0.954167 0.080602 0.021875 0.059352
0 0.063773 0.247991 0.017130 0.024074
0 0.517422 0.064259 0.135885 0.023333
0 0.883911 0.081176 0.023958 0.054630
0 0.009073 0.247991 0.016927 0.024074
0 0.189161 0.087870 0.135115 0.025741
0 0.684781 0.063852 0.058979 0.024741
0 0.272656 0.064352 0.021354 0.025000
0 0.821354 0.066157 0.013542 0.023056
0 0.806250 0.067037 0.016667 0.024815
0 0.933229 0.033796 0.021667 0.025000
0 0.355862 0.063227 0.144318 0.025713
0 0.189328 0.063375 0.134365 0.024343
0 0.069891 0.032079 0.025844 0.019917
0 0.894271 0.034722 0.013542 0.023148
0 0.070573 0.804630 0.141146 0.027778
0 0.070573 0.830556 0.141146 0.027778
0 0.016406 0.081944 0.026562 0.062037
0 0.098698 0.273611 0.013021 0.025000
0 0.062240 0.636111 0.016146 0.025926
0 0.065104 0.083333 0.021875 0.061111
0 0.080469 0.272685 0.015104 0.025000
0 0.116927 0.273611 0.014063 0.023148
0 0.396875 0.976389 0.116667 0.034259
0 0.080469 0.635648 0.015104 0.025000
0 0.088542 0.082407 0.023958 0.061111
0 0.062760 0.272685 0.015104 0.025000
0 0.080469 0.727315 0.014063 0.023148
0 0.044010 0.325926 0.014063 0.024074
0 0.118229 0.300463 0.017708 0.025000
0 0.380990 0.147222 0.014063 0.020370
0 0.044010 0.636111 0.015104 0.025926
0 0.044531 0.726852 0.016146 0.020370
0 0.062240 0.610648 0.015104 0.021296
0 0.040885 0.083333 0.021354 0.061111
0 0.044271 0.298611 0.014583 0.025000
0 0.098437 0.247685 0.012500 0.025000
0 0.099479 0.299537 0.013542 0.025000
0 0.983073 0.081481 0.025521 0.062963
0 0.044010 0.662500 0.014063 0.028704
0 0.025521 0.325463 0.015625 0.023148
0 0.080729 0.299074 0.014583 0.024074
0 0.044010 0.273148 0.015104 0.024074
0 0.512500 0.977315 0.017708 0.025000
0 0.711979 0.088426 0.013542 0.023148
0 0.694792 0.088426 0.017708 0.023148
0 0.025260 0.636111 0.017188 0.024074
0 0.099219 0.701389 0.014063 0.023148
0 0.044271 0.700926 0.014583 0.025926
0 0.008594 0.221759 0.014063 0.025000
0 0.080469 0.610185 0.015104 0.022222
0 0.043750 0.247685 0.013542 0.023148
0 0.747396 0.088889 0.014583 0.022222
0 0.080729 0.247222 0.014583 0.024074
0 0.441667 0.064815 0.015625 0.024074
0 0.025781 0.662963 0.014063 0.029630
0 0.558333 0.977778 0.018750 0.027778
0 0.063281 0.700463 0.017188 0.025000
0 0.729948 0.088889 0.015104 0.022222
0 0.080469 0.326389 0.015104 0.025000
0 0.080990 0.700463 0.013021 0.023148
0 0.062500 0.662500 0.015625 0.028704
0 0.973437 0.033333 0.051042 0.025926
0 0.044010 0.610648 0.015104 0.023148
0 0.062240 0.325463 0.013021 0.025000
0 0.008073 0.663426 0.016146 0.030556
0 0.490104 0.976852 0.018750 0.024074
0 0.025781 0.299537 0.014063 0.025000
0 0.043750 0.584259 0.015625 0.022222
0 0.117448 0.248148 0.014063 0.025926
0 0.580729 0.979167 0.018750 0.030556
0 0.534896 0.977778 0.017708 0.025926
0 0.062760 0.299074 0.014063 0.024074
0 0.044271 0.352778 0.015625 0.025926
0 0.117969 0.326389 0.017188 0.023148
0 0.909896 0.034259 0.013542 0.025926
0 0.676562 0.087963 0.012500 0.022222
0 0.672917 0.981019 0.016667 0.028704
0 0.604167 0.979630 0.020833 0.031481
0 0.063281 0.727315 0.016146 0.021296
0 0.466146 0.978241 0.017708 0.026852
0 0.007812 0.325463 0.015625 0.023148
0 0.327083 0.978241 0.021875 0.025000
0 0.117188 0.701389 0.014583 0.023148
0 0.062240 0.221759 0.014063 0.023148
0 0.207813 0.145833 0.017708 0.025000
0 0.098698 0.325463 0.013021 0.025000
0 0.026042 0.273148 0.015625 0.025926
0 0.098958 0.635648 0.015625 0.025000
0 0.650260 0.981019 0.017188 0.028704
0 0.946354 0.146759 0.013542 0.023148
0 0.008333 0.727778 0.016667 0.020370
0 0.008073 0.352315 0.015104 0.023148
0 0.026042 0.700463 0.014583 0.026852
0 0.659375 0.088426 0.013542 0.021296
0 0.008594 0.635648 0.014063 0.025000
0 0.080469 0.221296 0.013021 0.022222
0 0.025521 0.584259 0.017708 0.024074
0 0.967708 0.145833 0.019792 0.023148
0 0.025521 0.352315 0.014583 0.026852
0 0.008333 0.700463 0.016667 0.026852
0 0.043750 0.222222 0.013542 0.022222
0 0.117448 0.636574 0.017188 0.025000
0 0.099740 0.194444 0.019271 0.024074
0 0.846875 0.199537 0.035417 0.028704
0 0.061719 0.583796 0.015104 0.021296
0 0.627083 0.980556 0.016667 0.027778
0 0.190365 0.145833 0.015104 0.025000
0 0.111198 0.089815 0.016146 0.027778
0 0.098958 0.609722 0.015625 0.025000
0 0.026042 0.726852 0.015625 0.020370
0 0.008073 0.584259 0.016146 0.025926
0 0.008073 0.610185 0.016146 0.022222
0 0.007552 0.194907 0.015104 0.025000
0 0.008333 0.298148 0.015625 0.027778
0 0.008333 0.273148 0.014583 0.024074
0 0.917448 0.200000 0.035937 0.024074
0 0.025521 0.222222 0.015625 0.024074
0 0.079948 0.194907 0.013021 0.023148
0 0.154688 0.145370 0.016667 0.025926
0 0.098958 0.221296 0.014583 0.022222
0 0.134375 0.145833 0.018750 0.026852
0 0.114844 0.145833 0.017188 0.026852
0 0.988802 0.145370 0.019271 0.022222
0 0.116927 0.221759 0.013021 0.023148
0 0.117708 0.585185 0.016667 0.022222
0 0.641667 0.089815 0.014583 0.024074
0 0.062500 0.195370 0.013542 0.024074
0 0.881250 0.199537 0.032292 0.028704
0 0.846615 0.978241 0.014063 0.023148
0 0.080208 0.584722 0.015625 0.021296
0 0.134896 0.756481 0.007292 0.016667
0 0.116406 0.194444 0.010937 0.022222
0 0.117969 0.610185 0.019271 0.025926
0 0.097135 0.145833 0.016146 0.025000
0 0.994792 0.172222 0.009375 0.016667
0 0.115104 0.561111 0.009375 0.018519
0 0.080469 0.662037 0.014063 0.027778
0 0.965625 0.171759 0.011458 0.015741
0 0.105990 0.756481 0.009896 0.018519
0 0.098698 0.585185 0.016146 0.022222
0 0.608854 0.077315 0.035417 0.056481
0 0.172917 0.144907 0.015625 0.025000
0 0.880208 0.977778 0.013542 0.024074
0 0.078906 0.145833 0.017188 0.025000
0 0.863021 0.977778 0.015625 0.024074
0 0.115365 0.756481 0.006771 0.016667
0 0.819010 0.173611 0.013021 0.021296
0 0.025781 0.609259 0.018229 0.020370
0 0.197396 0.173148 0.009375 0.020370
0 0.115885 0.172222 0.010937 0.020370
0 0.984375 0.171296 0.009375 0.016667
0 0.026042 0.145370 0.050000 0.027778
0 0.070573 0.858333 0.141146 0.027778
0 0.124740 0.756481 0.007812 0.016667
0 0.070833 0.904630 0.141667 0.025926
0 0.124479 0.560648 0.007292 0.017593
0 0.189583 0.212500 0.077083 0.019444
0 0.135156 0.560185 0.007812 0.016667
0 0.134635 0.172222 0.009896 0.020370
0 0.124740 0.172685 0.007812 0.017593
0 0.060417 0.146296 0.015625 0.025926
0 0.974479 0.172222 0.008333 0.014815
0 0.939323 0.008333 0.010937 0.016667
0 0.864323 0.514352 0.051562 0.015741
0 0.846615 0.461574 0.034896 0.019444
0 0.236979 0.033333 0.016667 0.020370
