0 0.914250 0.584593 0.152500 0.016667
0 0.881589 0.831019 0.085052 0.013889
0 0.910234 0.443273 0.159479 0.016435
0 0.915099 0.725417 0.153906 0.017593
0 0.915099 0.742898 0.153906 0.017593
0 0.881635 0.778597 0.088208 0.015602
0 0.273073 0.089454 0.019896 0.025926
0 0.112104 0.063426 0.018750 0.021296
0 0.873885 0.883060 0.072229 0.016435
0 0.731943 0.062963 0.035937 0.025926
0 0.859531 0.081676 0.023646 0.050000
0 0.898911 0.976968 0.018000 0.025806
0 0.919750 0.062963 0.036458 0.024074
0 0.909854 0.390269 0.159479 0.016444
0 0.837812 0.064676 0.015000 0.020093
0 0.642453 0.062306 0.019792 0.023148
0 0.356477 0.090454 0.145276 0.025574
0 0.181047 0.856491 0.045677 0.095278
0 0.918544 0.976278 0.014693 0.030630
0 0.909615 0.372639 0.159479 0.017593
0 0.045490 0.194741 0.017188 0.025000
0 0.821354 0.065370 0.013542 0.021481
0 0.806250 0.065648 0.016667 0.022037
0 0.909792 0.355481 0.159479 0.016444
0 0.910135 0.339120 0.159479 0.017593
0 0.909870 0.249537 0.158385 0.017593
0 0.909766 0.303333 0.159479 0.017593
0 0.821151 0.089806 0.011990 0.021574
0 0.805190 0.090157 0.015786 0.021963
0 0.788609 0.090130 0.015208 0.018148
0 0.771943 0.090639 0.014688 0.017500
0 0.214635 0.032347 0.020135 0.018565
0 0.186802 0.032917 0.027563 0.018185
0 0.161495 0.033208 0.015938 0.016083
0 0.140414 0.032745 0.017016 0.014546
0 0.118878 0.031602 0.013568 0.019148
0 0.914349 0.565907 0.154219 0.017963
0 0.097396 0.032273 0.020135 0.018954
0 0.027005 0.196694 0.018594 0.025926
0 0.070312 0.033801 0.022615 0.020861
0 0.046086 0.032366 0.016151 0.018769
0 0.910365 0.285648 0.159479 0.017593
0 0.009510 0.032981 0.012021 0.018519
0 0.788802 0.066528 0.016146 0.023796
0 0.930362 0.974213 0.011609 0.023741
0 0.987802 0.009398 0.014583 0.018796
0 0.932578 0.033796 0.020365 0.025000
0 0.973911 0.976278 0.039875 0.033370
0 0.915000 0.672120 0.152500 0.018519
0 0.100172 0.197528 0.019271 0.024074
0 0.964635 0.008843 0.014063 0.017685
0 0.296198 0.145370 0.151354 0.024074
0 0.772135 0.067731 0.017188 0.024352
0 0.954167 0.079907 0.021875 0.057963
0 0.070651 0.925977 0.141302 0.014528
0 0.914680 0.654463 0.151266 0.017593
0 0.189417 0.064546 0.133250 0.023352
0 0.355745 0.063481 0.144031 0.024370
0 0.869375 0.760648 0.060625 0.013889
0 0.914036 0.637500 0.153073 0.017593
0 0.913333 0.601852 0.152708 0.018519
0 0.914359 0.920593 0.170135 0.021407
0 0.026755 0.247815 0.016146 0.024074
0 0.910646 0.089500 0.017708 0.026852
0 0.511708 0.089657 0.153979 0.024074
0 0.973229 0.033796 0.050417 0.025000
0 0.910854 0.408796 0.160479 0.019444
0 0.027156 0.031972 0.015104 0.020370
0 0.910133 0.320833 0.163526 0.019444
0 0.070503 0.859870 0.140661 0.023556
0 0.910391 0.479630 0.157240 0.016667
0 0.913802 0.497222 0.152604 0.018519
0 0.064792 0.248056 0.015625 0.024074
0 0.862630 0.425463 0.065885 0.015741
0 0.517656 0.063657 0.136354 0.024537
0 0.884802 0.082407 0.024479 0.055556
0 0.914219 0.690403 0.152813 0.016787
0 0.913698 0.619907 0.152396 0.017593
0 0.928760 0.089000 0.017188 0.026074
0 0.166589 0.173611 0.048073 0.017593
0 0.858854 0.865741 0.040625 0.012963
0 0.081286 0.247222 0.014583 0.024074
0 0.855469 0.795833 0.052604 0.013889
0 0.913490 0.900000 0.151146 0.018519
0 0.880703 0.848148 0.083281 0.012963
0 0.914607 0.707926 0.153911 0.017593
0 0.009896 0.248880 0.016406 0.024074
0 0.866458 0.813426 0.054792 0.012037
0 0.189406 0.088315 0.134521 0.024852
0 0.273526 0.063065 0.018750 0.025000
0 0.683203 0.063657 0.060156 0.024537
0 0.062500 0.221759 0.013542 0.023148
0 0.070573 0.804630 0.141146 0.027778
0 0.070573 0.830556 0.141146 0.027778
0 0.016406 0.081944 0.026562 0.062037
0 0.098698 0.273611 0.013021 0.025000
0 0.062240 0.636111 0.016146 0.025926
0 0.396875 0.976389 0.116667 0.034259
0 0.065104 0.083796 0.021875 0.060185
0 0.080469 0.272685 0.015104 0.025000
0 0.116927 0.273611 0.014063 0.023148
0 0.088281 0.082407 0.023438 0.061111
0 0.080469 0.635648 0.015104 0.025000
0 0.080469 0.727315 0.014063 0.023148
0 0.062760 0.272685 0.015104 0.025000
0 0.044531 0.726852 0.016146 0.020370
0 0.118229 0.300463 0.017708 0.025000
0 0.044010 0.325463 0.014063 0.023148
0 0.044010 0.636574 0.015104 0.025000
0 0.062240 0.610648 0.015104 0.021296
0 0.098437 0.247685 0.012500 0.025000
0 0.380729 0.147222 0.013542 0.020370
0 0.044271 0.298611 0.014583 0.025000
0 0.040885 0.083333 0.021354 0.061111
0 0.099479 0.299537 0.013542 0.025000
0 0.044010 0.273148 0.015104 0.024074
0 0.983073 0.081481 0.025521 0.062963
0 0.025521 0.325463 0.015625 0.023148
0 0.080729 0.299074 0.014583 0.024074
0 0.044010 0.662500 0.014063 0.028704
0 0.512500 0.977315 0.017708 0.025000
0 0.711979 0.088889 0.013542 0.022222
0 0.694792 0.088426 0.017708 0.023148
0 0.099219 0.701389 0.014063 0.023148
0 0.025260 0.636111 0.017188 0.024074
0 0.044271 0.700926 0.014583 0.025926
0 0.008594 0.221759 0.014063 0.025000
0 0.080469 0.610185 0.015104 0.022222
0 0.558333 0.977778 0.018750 0.027778
0 0.043750 0.247685 0.013542 0.023148
0 0.747396 0.088889 0.014583 0.022222
0 0.441667 0.064815 0.015625 0.024074
0 0.063281 0.700463 0.017188 0.025000
0 0.025781 0.662963 0.014063 0.029630
0 0.062240 0.325463 0.013021 0.025000
0 0.080469 0.325926 0.015104 0.025926
0 0.080990 0.700463 0.013021 0.023148
0 0.062500 0.662500 0.015625 0.028704
0 0.730208 0.088889 0.014583 0.022222
0 0.044010 0.610648 0.015104 0.023148
0 0.490104 0.976852 0.018750 0.024074
0 0.008073 0.663426 0.016146 0.030556
0 0.044271 0.352778 0.015625 0.025926
0 0.043750 0.584259 0.015625 0.022222
0 0.025781 0.299537 0.014063 0.025000
0 0.062500 0.299074 0.013542 0.024074
0 0.117448 0.248148 0.014063 0.025926
0 0.580729 0.979167 0.018750 0.030556
0 0.534896 0.977778 0.017708 0.025926
0 0.676562 0.087963 0.012500 0.022222
0 0.063281 0.726852 0.016146 0.020370
0 0.672917 0.981019 0.016667 0.028704
0 0.909896 0.034259 0.013542 0.025926
0 0.007812 0.325463 0.015625 0.023148
0 0.117969 0.326389 0.017188 0.023148
0 0.604167 0.979630 0.020833 0.031481
0 0.098698 0.325926 0.013021 0.025926
0 0.117188 0.701389 0.014583 0.023148
0 0.327344 0.978241 0.021354 0.025000
0 0.466146 0.978241 0.017708 0.026852
0 0.026042 0.273148 0.015625 0.025926
0 0.207552 0.145833 0.017188 0.025000
0 0.098958 0.635648 0.015625 0.025000
0 0.650260 0.981019 0.017188 0.028704
0 0.946354 0.146759 0.013542 0.023148
0 0.008333 0.727778 0.016667 0.020370
0 0.659115 0.088426 0.013021 0.021296
0 0.894271 0.034259 0.013542 0.022222
0 0.026042 0.700463 0.014583 0.026852
0 0.008073 0.352315 0.015104 0.023148
0 0.008594 0.635648 0.014063 0.025000
0 0.025521 0.584259 0.017708 0.024074
0 0.967708 0.145833 0.019792 0.023148
0 0.080469 0.221296 0.013021 0.022222
0 0.025521 0.352315 0.014583 0.025000
0 0.043750 0.222222 0.013542 0.022222
0 0.846875 0.199537 0.035417 0.028704
0 0.008333 0.700463 0.016667 0.026852
0 0.061719 0.583796 0.015104 0.021296
0 0.627083 0.980556 0.016667 0.027778
0 0.117448 0.636574 0.017188 0.025000
0 0.111198 0.089815 0.016146 0.027778
0 0.098958 0.610185 0.015625 0.024074
0 0.190365 0.145833 0.015104 0.025000
0 0.008073 0.584259 0.016146 0.025926
0 0.026042 0.726852 0.015625 0.020370
0 0.007812 0.610185 0.015625 0.022222
0 0.007552 0.194907 0.015104 0.025000
0 0.007812 0.298148 0.015625 0.027778
0 0.008333 0.273148 0.014583 0.024074
0 0.917448 0.200000 0.035937 0.024074
0 0.025521 0.222222 0.015625 0.024074
0 0.080208 0.194907 0.012500 0.023148
0 0.134375 0.145833 0.018750 0.026852
0 0.154688 0.145370 0.016667 0.025926
0 0.099219 0.221296 0.014063 0.022222
0 0.114583 0.145833 0.016667 0.026852
0 0.988802 0.145370 0.019271 0.022222
0 0.116927 0.221759 0.013021 0.023148
0 0.117708 0.585648 0.016667 0.021296
0 0.641667 0.089815 0.014583 0.024074
0 0.062500 0.195370 0.013542 0.024074
0 0.881250 0.199537 0.032292 0.028704
0 0.846615 0.978241 0.014063 0.023148
0 0.080208 0.584722 0.015625 0.021296
0 0.117969 0.610185 0.019271 0.025926
0 0.134896 0.756481 0.007292 0.016667
0 0.115104 0.561111 0.009375 0.018519
0 0.116406 0.194444 0.010937 0.022222
0 0.097135 0.145833 0.016146 0.025000
0 0.994792 0.172222 0.009375 0.016667
0 0.105990 0.756481 0.009896 0.018519
0 0.080469 0.662037 0.014063 0.027778
0 0.965365 0.171759 0.010937 0.015741
0 0.098698 0.585185 0.016146 0.022222
0 0.078906 0.145833 0.017188 0.025000
0 0.608854 0.077315 0.035417 0.056481
0 0.172917 0.144907 0.015625 0.025000
0 0.880208 0.978241 0.013542 0.023148
0 0.863021 0.977778 0.015625 0.024074
0 0.115365 0.756481 0.006771 0.016667
0 0.025781 0.609722 0.018229 0.019444
0 0.819010 0.173611 0.013021 0.021296
0 0.197135 0.173148 0.008854 0.020370
0 0.115625 0.172222 0.010417 0.020370
0 0.984375 0.171296 0.009375 0.016667
0 0.026042 0.145370 0.050000 0.027778
0 0.124740 0.756481 0.007812 0.016667
0 0.070833 0.904630 0.141667 0.025926
0 0.124479 0.560648 0.007292 0.017593
0 0.134635 0.172222 0.009896 0.020370
0 0.135156 0.560185 0.007812 0.016667
0 0.193490 0.212963 0.088021 0.018519
0 0.124740 0.172685 0.007812 0.017593
0 0.974479 0.172222 0.008333 0.014815
0 0.060417 0.146296 0.015625 0.025926
0 0.939323 0.008333 0.010937 0.016667
0 0.864323 0.514352 0.051562 0.015741
0 0.236979 0.033333 0.016667 0.020370
0 0.846615 0.461574 0.034896 0.019444
0 0.944792 0.976389 0.013542 0.026852
