0 0.846615 0.461574 0.034896 0.019444
0 0.070573 0.804630 0.141146 0.027778
0 0.070573 0.830556 0.141146 0.027778
0 0.016406 0.081944 0.026562 0.062037
0 0.098698 0.273611 0.013021 0.025000
0 0.062240 0.636111 0.016146 0.025926
0 0.065104 0.083796 0.021875 0.060185
0 0.080469 0.272685 0.015104 0.025000
0 0.116927 0.273611 0.014063 0.023148
0 0.396875 0.976389 0.116667 0.034259
0 0.080469 0.635648 0.015104 0.025000
0 0.088281 0.082407 0.023438 0.061111
0 0.062760 0.272685 0.015104 0.025000
0 0.080469 0.727315 0.014063 0.023148
0 0.118229 0.300463 0.017708 0.025000
0 0.044531 0.726852 0.015104 0.020370
0 0.044010 0.325463 0.014063 0.023148
0 0.044010 0.636574 0.015104 0.025000
0 0.062240 0.610648 0.015104 0.021296
0 0.098437 0.247685 0.012500 0.025000
0 0.380729 0.147222 0.013542 0.020370
0 0.044271 0.298611 0.014583 0.025000
0 0.040885 0.083333 0.021354 0.061111
0 0.099479 0.299537 0.013542 0.025000
0 0.983073 0.081481 0.025521 0.062963
0 0.512500 0.977315 0.017708 0.025000
0 0.044010 0.273148 0.015104 0.024074
0 0.080729 0.299074 0.014583 0.024074
0 0.025521 0.325463 0.015625 0.023148
0 0.044010 0.662500 0.014063 0.028704
0 0.711979 0.088889 0.013542 0.022222
0 0.694792 0.088426 0.017708 0.023148
0 0.099219 0.701389 0.014063 0.023148
0 0.025521 0.636111 0.016667 0.024074
0 0.044271 0.700926 0.014583 0.025926
0 0.008594 0.221759 0.014063 0.025000
0 0.080469 0.610185 0.015104 0.022222
0 0.043750 0.247685 0.013542 0.023148
0 0.558333 0.977778 0.018750 0.027778
0 0.747396 0.088889 0.014583 0.022222
0 0.441667 0.064815 0.015625 0.024074
0 0.063281 0.700463 0.017188 0.025000
0 0.973437 0.033333 0.051042 0.025926
0 0.025781 0.662963 0.014063 0.029630
0 0.062240 0.325463 0.013021 0.025000
0 0.080469 0.326389 0.015104 0.025000
0 0.080990 0.700463 0.013021 0.023148
0 0.062500 0.662500 0.015625 0.028704
0 0.730208 0.088889 0.014583 0.022222
0 0.044010 0.610648 0.015104 0.023148
0 0.490104 0.976852 0.018750 0.024074
0 0.044271 0.352778 0.015625 0.025926
0 0.025781 0.299537 0.014063 0.025000
0 0.008073 0.663426 0.016146 0.030556
0 0.062500 0.299074 0.013542 0.024074
0 0.117448 0.248148 0.014063 0.025926
0 0.043750 0.584259 0.015625 0.022222
0 0.534896 0.977315 0.017708 0.025000
0 0.580729 0.979167 0.018750 0.030556
0 0.672917 0.981019 0.016667 0.028704
0 0.676562 0.087963 0.012500 0.022222
0 0.063281 0.726852 0.016146 0.020370
0 0.117969 0.326389 0.017188 0.023148
0 0.909896 0.034259 0.013542 0.025926
0 0.007812 0.325463 0.015625 0.023148
0 0.604167 0.979630 0.020833 0.031481
0 0.466146 0.978241 0.017708 0.026852
0 0.117188 0.701389 0.014583 0.023148
0 0.098698 0.325926 0.013021 0.025926
0 0.062500 0.221759 0.013542 0.023148
0 0.327344 0.978241 0.021354 0.025000
0 0.207552 0.145833 0.017188 0.025000
0 0.098958 0.635648 0.015625 0.025000
0 0.026042 0.273148 0.015625 0.025926
0 0.650260 0.981019 0.017188 0.028704
0 0.944792 0.976389 0.013542 0.026852
0 0.946354 0.146759 0.013542 0.023148
0 0.008333 0.727778 0.016667 0.020370
0 0.659115 0.088426 0.013021 0.021296
0 0.894271 0.034722 0.013542 0.023148
0 0.008073 0.352315 0.015104 0.023148
0 0.026042 0.700463 0.014583 0.026852
0 0.967708 0.145833 0.019792 0.023148
0 0.080469 0.221296 0.013021 0.022222
0 0.025781 0.584259 0.017188 0.024074
0 0.008594 0.635648 0.014063 0.025000
0 0.025521 0.352315 0.014583 0.025000
0 0.043750 0.222222 0.013542 0.022222
0 0.846875 0.199537 0.035417 0.028704
0 0.008333 0.700463 0.016667 0.026852
0 0.627083 0.980556 0.016667 0.027778
0 0.117448 0.636574 0.017188 0.025000
0 0.061719 0.583796 0.015104 0.021296
0 0.111198 0.089815 0.016146 0.027778
0 0.098958 0.610185 0.015625 0.024074
0 0.190365 0.145833 0.015104 0.025000
0 0.008073 0.584259 0.016146 0.025926
0 0.026042 0.726852 0.015625 0.020370
0 0.007812 0.610185 0.015625 0.022222
0 0.007552 0.194907 0.015104 0.025000
0 0.007812 0.298148 0.015625 0.027778
0 0.008333 0.273148 0.014583 0.024074
0 0.917448 0.200000 0.035937 0.024074
0 0.025521 0.222222 0.015625 0.024074
0 0.080208 0.194907 0.012500 0.023148
0 0.134375 0.145833 0.018750 0.026852
0 0.154688 0.145370 0.016667 0.025926
0 0.099219 0.221296 0.014063 0.022222
0 0.114844 0.145833 0.017188 0.026852
0 0.988802 0.145370 0.019271 0.022222
0 0.116927 0.221759 0.013021 0.023148
0 0.641667 0.089815 0.014583 0.024074
0 0.117708 0.585185 0.016667 0.022222
0 0.881250 0.199537 0.032292 0.028704
0 0.062500 0.195370 0.013542 0.024074
0 0.846615 0.978241 0.014063 0.023148
0 0.080208 0.584722 0.015625 0.021296
0 0.134896 0.756481 0.007292 0.016667
0 0.116406 0.194444 0.010937 0.022222
0 0.117969 0.610185 0.019271 0.025926
0 0.097135 0.145833 0.016146 0.025000
0 0.994792 0.172222 0.009375 0.016667
0 0.105990 0.756481 0.009896 0.018519
0 0.115104 0.561111 0.009375 0.018519
0 0.965365 0.171759 0.010937 0.015741
0 0.080469 0.662037 0.014063 0.027778
0 0.098958 0.585185 0.015625 0.022222
0 0.078906 0.145833 0.017188 0.025000
0 0.608854 0.077315 0.035417 0.056481
0 0.880208 0.978241 0.013542 0.023148
0 0.172917 0.144907 0.015625 0.025000
0 0.863021 0.978241 0.015625 0.023148
0 0.115365 0.756481 0.006771 0.016667
0 0.025781 0.609722 0.017188 0.019444
0 0.819010 0.173611 0.013021 0.021296
0 0.197135 0.173148 0.008854 0.020370
0 0.115625 0.172222 0.010417 0.020370
0 0.984375 0.171296 0.009375 0.016667
0 0.026042 0.145370 0.050000 0.027778
0 0.070052 0.857870 0.140104 0.026852
0 0.124740 0.756481 0.007812 0.016667
0 0.070833 0.904630 0.141667 0.025926
0 0.124479 0.560648 0.007292 0.017593
0 0.134635 0.172222 0.009896 0.020370
0 0.193490 0.212963 0.088021 0.018519
0 0.135156 0.560185 0.007812 0.016667
0 0.124740 0.172685 0.007812 0.017593
0 0.974479 0.172222 0.008333 0.014815
0 0.060417 0.146296 0.015625 0.025926
0 0.939323 0.008333 0.010937 0.016667
0 0.864323 0.514352 0.051562 0.015741
0 0.236979 0.033333 0.016667 0.020370
0 0.821375 0.087315 0.011458 0.020370
0 0.805367 0.089412 0.015401 0.022898
0 0.788331 0.089157 0.015682 0.022074
0 0.771768 0.089157 0.015036 0.022074
0 0.518622 0.063690 0.134609 0.025269
0 0.214589 0.033685 0.022417 0.017852
0 0.910544 0.303259 0.158609 0.016667
0 0.910211 0.320806 0.158609 0.016667
0 0.910042 0.338352 0.158604 0.016667
0 0.910211 0.355602 0.158609 0.016667
0 0.909831 0.373278 0.158609 0.016667
0 0.355930 0.063005 0.143036 0.024713
0 0.189667 0.064722 0.134000 0.022407
0 0.933073 0.033796 0.021354 0.025000
0 0.806250 0.064630 0.016667 0.020000
0 0.186820 0.033384 0.026099 0.017843
0 0.910263 0.389472 0.158609 0.016667
0 0.162396 0.032944 0.017396 0.019333
0 0.140648 0.033088 0.017068 0.018435
0 0.821354 0.064861 0.013542 0.020463
0 0.910146 0.408824 0.158604 0.016667
0 0.272812 0.064352 0.021667 0.025000
0 0.119654 0.033389 0.015891 0.016648
0 0.097193 0.032380 0.018917 0.019352
0 0.070503 0.034218 0.023057 0.019343
0 0.046227 0.033306 0.015891 0.017926
0 0.683930 0.063551 0.060266 0.023954
0 0.909549 0.443259 0.158609 0.016667
0 0.914529 0.566815 0.151891 0.016926
0 0.914021 0.655611 0.152552 0.017593
0 0.913771 0.673157 0.152552 0.017593
0 0.913833 0.690713 0.152552 0.017593
0 0.190312 0.089194 0.133750 0.024389
0 0.081729 0.248111 0.014583 0.024074
0 0.913958 0.708704 0.152552 0.017593
0 0.914458 0.726259 0.152552 0.017593
0 0.009016 0.248509 0.017094 0.024074
0 0.914388 0.743741 0.152557 0.017593
0 0.881133 0.778181 0.087047 0.016120
0 0.874945 0.883852 0.072870 0.016704
0 0.899927 0.976380 0.014750 0.021593
0 0.919953 0.976380 0.012292 0.025704
0 0.884042 0.081148 0.024479 0.054630
0 0.932023 0.976894 0.008964 0.020565
0 0.064198 0.248778 0.016979 0.024074
0 0.975990 0.977088 0.039646 0.034194
0 0.509427 0.088889 0.151146 0.024074
0 0.027286 0.247380 0.016146 0.024074
0 0.772135 0.065648 0.017188 0.020185
0 0.954167 0.079028 0.021875 0.056204
0 0.989359 0.009014 0.014583 0.018028
0 0.788802 0.064861 0.016146 0.020463
0 0.858958 0.081481 0.024792 0.050000
0 0.731224 0.063417 0.033677 0.024426
0 0.112188 0.062981 0.018750 0.021296
0 0.026172 0.031935 0.015104 0.020370
0 0.913958 0.637500 0.152917 0.017593
0 0.915232 0.919588 0.169536 0.021750
0 0.869687 0.760648 0.061250 0.013889
0 0.910807 0.479630 0.158073 0.016667
0 0.878724 0.831019 0.079323 0.013889
0 0.913750 0.585185 0.152500 0.016667
0 0.862786 0.813426 0.047448 0.012037
0 0.913802 0.497222 0.152604 0.018519
0 0.099885 0.197787 0.019271 0.024074
0 0.854922 0.795833 0.051510 0.013889
0 0.878073 0.848148 0.078021 0.012963
0 0.913177 0.900000 0.151771 0.018519
0 0.837500 0.064352 0.015625 0.019444
0 0.858177 0.865741 0.039271 0.012963
0 0.167370 0.173611 0.046510 0.017593
0 0.913776 0.619907 0.152552 0.017593
0 0.928385 0.088472 0.017188 0.023611
0 0.862760 0.425463 0.066146 0.015741
0 0.910005 0.088843 0.017708 0.024167
0 0.919396 0.062852 0.036458 0.025000
0 0.913516 0.601852 0.153073 0.018519
0 0.071391 0.925745 0.141490 0.014065
0 0.295495 0.145370 0.152760 0.024074
0 0.964229 0.009292 0.014063 0.018583
0 0.009776 0.033773 0.012323 0.016343
0 0.026719 0.195370 0.018021 0.025926
0 0.044781 0.194907 0.014063 0.025000
0 0.180698 0.862593 0.043854 0.074815
0 0.355919 0.089912 0.145141 0.026843
0 0.643375 0.062574 0.019792 0.023148
0 0.272661 0.089398 0.021146 0.025926
0 0.910878 0.286611 0.158609 0.016667
0 0.910122 0.249435 0.158609 0.016667
