0 0.165729 0.173611 0.049792 0.017593
0 0.913180 0.654449 0.152703 0.016491
0 0.910375 0.443634 0.160135 0.016491
0 0.909958 0.390199 0.160135 0.016491
0 0.910294 0.373162 0.160130 0.016491
0 0.910508 0.356468 0.160130 0.016491
0 0.821346 0.089435 0.013380 0.021000
0 0.806094 0.089574 0.014010 0.021019
0 0.788419 0.089463 0.015130 0.020352
0 0.772508 0.090106 0.014161 0.021213
0 0.215164 0.031958 0.022495 0.019250
0 0.187299 0.032708 0.027630 0.018750
0 0.161211 0.032375 0.016339 0.019417
0 0.140781 0.032144 0.019010 0.018620
0 0.119560 0.032917 0.013932 0.019778
0 0.097526 0.032245 0.020625 0.019583
0 0.070852 0.033778 0.023870 0.021500
0 0.046549 0.032528 0.017172 0.022463
0 0.975109 0.977051 0.036292 0.033935
0 0.931734 0.976537 0.010844 0.023648
0 0.918651 0.975894 0.012719 0.022880
0 0.898917 0.975764 0.019521 0.024676
0 0.874721 0.883412 0.071974 0.014435
0 0.882195 0.778120 0.086734 0.016611
0 0.914708 0.706236 0.152698 0.016491
0 0.912982 0.689532 0.152703 0.016491
0 0.912982 0.671671 0.152703 0.016491
0 0.913880 0.497222 0.152760 0.018519
0 0.911016 0.479630 0.157448 0.016667
0 0.915232 0.302296 0.148391 0.017815
0 0.027531 0.032074 0.015104 0.020370
0 0.914438 0.919542 0.170292 0.022398
0 0.913724 0.637500 0.152448 0.017593
0 0.909453 0.408333 0.160260 0.018519
0 0.868542 0.760648 0.058958 0.013889
0 0.913516 0.583528 0.152031 0.016667
0 0.877630 0.831019 0.077135 0.013889
0 0.863854 0.813426 0.049583 0.012037
0 0.912865 0.900000 0.152396 0.018519
0 0.855833 0.795833 0.053333 0.013889
0 0.878359 0.848148 0.078594 0.012963
0 0.913802 0.619907 0.152604 0.017593
0 0.856563 0.865741 0.036042 0.012963
0 0.928372 0.088977 0.016849 0.024639
0 0.862969 0.425463 0.066562 0.015741
0 0.909922 0.338889 0.161510 0.018519
0 0.913474 0.602657 0.152135 0.016481
0 0.910424 0.088231 0.016891 0.023167
0 0.914635 0.724537 0.150937 0.017593
0 0.295052 0.145370 0.153646 0.024074
0 0.070521 0.925412 0.141042 0.013806
0 0.963573 0.008750 0.014063 0.017500
0 0.914297 0.566204 0.151615 0.017593
0 0.914609 0.742593 0.150990 0.018519
0 0.910813 0.249852 0.159208 0.020481
0 0.009906 0.032491 0.012896 0.018519
0 0.027292 0.195370 0.016875 0.025926
0 0.180156 0.862870 0.043177 0.074259
0 0.044115 0.194907 0.015208 0.025926
0 0.356333 0.088620 0.144833 0.026093
0 0.643750 0.062861 0.019792 0.023148
0 0.837812 0.064583 0.015000 0.019907
0 0.909443 0.321671 0.161906 0.018139
0 0.919906 0.062963 0.036458 0.024074
0 0.909349 0.285185 0.160469 0.020370
0 0.272500 0.089491 0.021042 0.023426
0 0.100240 0.196528 0.019271 0.024074
0 0.111562 0.063426 0.020000 0.021296
0 0.731320 0.062944 0.033505 0.024963
0 0.788802 0.066343 0.016146 0.023426
0 0.858984 0.081481 0.024740 0.050000
0 0.988021 0.009282 0.014583 0.018565
0 0.772135 0.066713 0.017188 0.022315
0 0.954167 0.078889 0.021875 0.055926
0 0.026432 0.247361 0.014844 0.023796
0 0.510234 0.088889 0.152760 0.024074
0 0.064484 0.248213 0.015625 0.024074
0 0.518672 0.064306 0.135781 0.023241
0 0.883771 0.082157 0.024479 0.055556
0 0.009245 0.247917 0.016406 0.025463
0 0.188854 0.087639 0.135833 0.025278
0 0.272500 0.064815 0.021042 0.024074
0 0.821354 0.064676 0.013542 0.020093
0 0.684005 0.063551 0.059385 0.024509
0 0.806120 0.065787 0.016927 0.022315
0 0.932786 0.033796 0.020781 0.025000
0 0.189297 0.064454 0.135260 0.024278
0 0.355391 0.064023 0.143281 0.025269
0 0.080990 0.700463 0.013021 0.023148
0 0.070573 0.804630 0.141146 0.027778
0 0.070573 0.830556 0.141146 0.027778
0 0.016406 0.081944 0.026562 0.062037
0 0.098698 0.273611 0.013021 0.025000
0 0.062240 0.636111 0.016146 0.025926
0 0.396875 0.976389 0.116667 0.034259
0 0.065104 0.083796 0.021875 0.060185
0 0.116927 0.273611 0.014063 0.023148
0 0.080469 0.272685 0.015104 0.025000
0 0.080469 0.635648 0.015104 0.025000
0 0.088281 0.082407 0.023438 0.061111
0 0.080469 0.727315 0.014063 0.023148
0 0.062760 0.272685 0.015104 0.025000
0 0.118229 0.300463 0.017708 0.025000
0 0.044531 0.726852 0.016146 0.020370
0 0.044010 0.325463 0.014063 0.023148
0 0.044010 0.636574 0.015104 0.025000
0 0.098437 0.247685 0.012500 0.025000
0 0.062240 0.610648 0.015104 0.021296
0 0.380729 0.147222 0.013542 0.020370
0 0.044271 0.298611 0.014583 0.025000
0 0.040885 0.083333 0.021354 0.061111
0 0.099479 0.299537 0.013542 0.025000
0 0.080729 0.299074 0.014583 0.024074
0 0.044010 0.273148 0.015104 0.024074
0 0.025521 0.325463 0.015625 0.023148
0 0.983073 0.081481 0.025521 0.062963
0 0.044010 0.662500 0.014063 0.028704
0 0.512500 0.977315 0.017708 0.025000
0 0.711979 0.088889 0.013542 0.022222
0 0.694792 0.088426 0.017708 0.023148
0 0.099219 0.701389 0.014063 0.023148
0 0.025260 0.636111 0.017188 0.024074
0 0.044271 0.700926 0.014583 0.025926
0 0.008594 0.221759 0.014063 0.025000
0 0.080469 0.610185 0.015104 0.022222
0 0.558333 0.977778 0.018750 0.027778
0 0.043750 0.247685 0.013542 0.023148
0 0.747396 0.088889 0.014583 0.022222
0 0.080469 0.325926 0.015104 0.025926
0 0.441667 0.064815 0.015625 0.024074
0 0.080729 0.247222 0.014583 0.024074
0 0.063281 0.700463 0.017188 0.025000
0 0.025781 0.662963 0.014063 0.029630
0 0.062240 0.325463 0.013021 0.025000
0 0.973698 0.033333 0.050521 0.025926
0 0.730208 0.088889 0.014583 0.022222
0 0.044010 0.610648 0.015104 0.023148
0 0.044271 0.352778 0.015625 0.025926
0 0.008073 0.663426 0.016146 0.030556
0 0.490104 0.976852 0.018750 0.024074
0 0.062500 0.299074 0.013542 0.024074
0 0.025781 0.299537 0.014063 0.025000
0 0.043750 0.584259 0.015625 0.022222
0 0.117448 0.248148 0.014063 0.025926
0 0.534896 0.977778 0.017708 0.025926
0 0.580729 0.979167 0.018750 0.030556
0 0.676562 0.087963 0.012500 0.022222
0 0.007812 0.325463 0.015625 0.023148
0 0.063281 0.726852 0.016146 0.020370
0 0.909896 0.034259 0.013542 0.025926
0 0.117969 0.326389 0.017188 0.023148
0 0.672917 0.981019 0.016667 0.028704
0 0.098698 0.325926 0.013021 0.025926
0 0.604167 0.979630 0.020833 0.031481
0 0.117188 0.701389 0.014583 0.023148
0 0.466146 0.978241 0.017708 0.026852
0 0.327344 0.978241 0.021354 0.025000
0 0.062500 0.221759 0.013542 0.023148
0 0.026042 0.273148 0.015625 0.025926
0 0.098958 0.635648 0.015625 0.025000
0 0.062500 0.662500 0.015625 0.028704
0 0.207552 0.145833 0.017188 0.025000
0 0.650260 0.981019 0.017188 0.028704
0 0.946354 0.146759 0.013542 0.023148
0 0.659115 0.088426 0.013021 0.021296
0 0.008333 0.727778 0.016667 0.020370
0 0.894271 0.034259 0.013542 0.022222
0 0.026042 0.700463 0.014583 0.026852
0 0.008073 0.352315 0.015104 0.023148
0 0.008594 0.635648 0.014063 0.025000
0 0.025781 0.584259 0.017188 0.024074
0 0.025521 0.352315 0.014583 0.025000
0 0.967708 0.145833 0.019792 0.023148
0 0.080469 0.221296 0.013021 0.022222
0 0.043750 0.222222 0.013542 0.022222
0 0.008333 0.700463 0.016667 0.026852
0 0.846875 0.199537 0.035417 0.028704
0 0.061719 0.583796 0.015104 0.021296
0 0.627083 0.980556 0.016667 0.027778
0 0.117448 0.636574 0.017188 0.025000
0 0.111198 0.089815 0.016146 0.027778
0 0.098958 0.610185 0.015625 0.024074
0 0.190365 0.145833 0.015104 0.025000
0 0.008073 0.584259 0.016146 0.025926
0 0.007812 0.610185 0.015625 0.022222
0 0.026042 0.726852 0.015625 0.020370
0 0.007552 0.194907 0.015104 0.025000
0 0.007812 0.298148 0.015625 0.027778
0 0.008333 0.273148 0.014583 0.024074
0 0.917448 0.200000 0.035937 0.024074
0 0.025521 0.222222 0.015625 0.024074
0 0.080208 0.194907 0.012500 0.023148
0 0.134375 0.145833 0.018750 0.026852
0 0.154688 0.145370 0.016667 0.025926
0 0.099219 0.221296 0.014063 0.022222
0 0.114583 0.145833 0.016667 0.026852
0 0.116927 0.221759 0.013021 0.023148
0 0.988802 0.145370 0.019271 0.022222
0 0.641667 0.089815 0.014583 0.024074
0 0.117708 0.585185 0.016667 0.022222
0 0.062500 0.195370 0.013542 0.024074
0 0.881250 0.199537 0.032292 0.028704
0 0.846615 0.978241 0.014063 0.023148
0 0.080208 0.584722 0.015625 0.021296
0 0.134896 0.756481 0.007292 0.016667
0 0.117969 0.609722 0.019271 0.025000
0 0.116406 0.194444 0.010937 0.022222
0 0.097135 0.145833 0.016146 0.025000
0 0.994792 0.172222 0.009375 0.016667
0 0.115104 0.561111 0.009375 0.018519
0 0.105990 0.756481 0.009896 0.018519
0 0.080469 0.662037 0.014063 0.027778
0 0.965365 0.171759 0.010937 0.015741
0 0.098698 0.585185 0.016146 0.022222
0 0.078906 0.145833 0.017188 0.025000
0 0.608854 0.077315 0.035417 0.056481
0 0.172917 0.144907 0.015625 0.025000
0 0.880208 0.978241 0.013542 0.023148
0 0.115365 0.756481 0.006771 0.016667
0 0.863021 0.978241 0.015625 0.023148
0 0.025781 0.609722 0.018229 0.019444
0 0.819010 0.173611 0.013021 0.021296
0 0.197135 0.173148 0.008854 0.020370
0 0.115625 0.172222 0.010417 0.020370
0 0.984375 0.171296 0.009375 0.016667
0 0.026042 0.145370 0.050000 0.027778
0 0.070573 0.858333 0.141146 0.027778
0 0.124740 0.756481 0.007812 0.016667
0 0.070833 0.904630 0.141667 0.025926
0 0.124479 0.560648 0.007292 0.017593
0 0.134635 0.172222 0.009896 0.020370
0 0.135156 0.560185 0.007812 0.016667
0 0.193490 0.212963 0.088021 0.018519
0 0.124740 0.172685 0.007812 0.017593
0 0.060417 0.146296 0.015625 0.025926
0 0.974479 0.172222 0.008333 0.014815
0 0.939323 0.008333 0.010937 0.016667
0 0.864323 0.514352 0.051562 0.015741
0 0.236979 0.032870 0.016667 0.019444
0 0.846615 0.461574 0.034896 0.019444
0 0.944792 0.976389 0.013542 0.026852
