0 0.098698 0.273611 0.013021 0.025000
0 0.016406 0.081944 0.026562 0.062037
0 0.070573 0.830556 0.141146 0.027778
0 0.070573 0.804630 0.141146 0.027778
0 0.944792 0.976389 0.013542 0.026852
0 0.044010 0.636574 0.015104 0.025000
0 0.044010 0.325463 0.014063 0.023148
0 0.118229 0.300463 0.017708 0.025000
0 0.044531 0.726852 0.016146 0.020370
0 0.080469 0.727315 0.014063 0.023148
0 0.062760 0.272685 0.015104 0.025000
0 0.088281 0.082407 0.023438 0.061111
0 0.080469 0.635648 0.015104 0.025000
0 0.396875 0.976389 0.116667 0.034259
0 0.116927 0.273611 0.014063 0.023148
0 0.080469 0.272685 0.015104 0.025000
0 0.065104 0.083796 0.021875 0.060185
0 0.062240 0.610648 0.015104 0.021296
0 0.062240 0.636111 0.016146 0.025926
0 0.380729 0.147222 0.013542 0.020370
0 0.098437 0.247685 0.012500 0.025000
0 0.044271 0.298611 0.014583 0.025000
0 0.040885 0.083333 0.021354 0.061111
0 0.099479 0.299537 0.013542 0.025000
0 0.512760 0.977315 0.017188 0.025000
0 0.983073 0.081481 0.025521 0.062963
0 0.025521 0.325463 0.015625 0.023148
0 0.080729 0.299074 0.014583 0.024074
0 0.044010 0.273148 0.015104 0.024074
0 0.044010 0.662500 0.014063 0.028704
0 0.711979 0.088889 0.013542 0.022222
0 0.694792 0.088426 0.017708 0.023148
0 0.099219 0.701389 0.014063 0.023148
0 0.025260 0.636111 0.017188 0.024074
0 0.044271 0.700926 0.014583 0.025926
0 0.008594 0.221759 0.014063 0.025000
0 0.080469 0.610185 0.015104 0.022222
0 0.558333 0.977778 0.018750 0.027778
0 0.043750 0.247685 0.013542 0.023148
0 0.747396 0.088889 0.014583 0.022222
0 0.063281 0.700463 0.017188 0.025000
0 0.441667 0.064815 0.015625 0.024074
0 0.973698 0.033333 0.050521 0.025926
0 0.025781 0.662963 0.014063 0.029630
0 0.080990 0.700463 0.013021 0.023148
0 0.730208 0.088889 0.014583 0.022222
0 0.062240 0.325463 0.013021 0.025000
0 0.080469 0.326389 0.015104 0.025000
0 0.062500 0.662500 0.015625 0.028704
0 0.044010 0.610648 0.015104 0.023148
0 0.490104 0.976852 0.018750 0.024074
0 0.117448 0.248148 0.014063 0.025926
0 0.008073 0.663426 0.016146 0.030556
0 0.025781 0.299537 0.014063 0.025000
0 0.534896 0.977315 0.017708 0.025000
0 0.580729 0.979167 0.018750 0.030556
0 0.062500 0.299074 0.013542 0.024074
0 0.043750 0.584259 0.015625 0.022222
0 0.044271 0.352778 0.015625 0.025926
0 0.672917 0.981019 0.016667 0.028704
0 0.676562 0.087963 0.012500 0.022222
0 0.117969 0.326389 0.017188 0.023148
0 0.909896 0.034259 0.013542 0.025926
0 0.604167 0.979630 0.020833 0.031481
0 0.063281 0.726852 0.016146 0.020370
0 0.007812 0.325463 0.015625 0.023148
0 0.466146 0.978241 0.017708 0.026852
0 0.117188 0.701389 0.014583 0.023148
0 0.062500 0.221759 0.013542 0.023148
0 0.207552 0.145833 0.017188 0.025000
0 0.327344 0.978241 0.021354 0.025000
0 0.098698 0.325926 0.013021 0.025926
0 0.650260 0.981019 0.017188 0.028704
0 0.026042 0.273148 0.015625 0.025926
0 0.098958 0.635648 0.015625 0.025000
0 0.946354 0.146759 0.013542 0.023148
0 0.008333 0.727778 0.016667 0.020370
0 0.026042 0.700463 0.014583 0.026852
0 0.659115 0.088426 0.013021 0.021296
0 0.894271 0.034722 0.013542 0.023148
0 0.008073 0.352315 0.015104 0.023148
0 0.080469 0.221296 0.013021 0.022222
0 0.967708 0.145833 0.019792 0.023148
0 0.008594 0.635648 0.014063 0.025000
0 0.025521 0.584259 0.017708 0.024074
0 0.025521 0.352315 0.014583 0.026852
0 0.846875 0.199537 0.035417 0.028704
0 0.043750 0.222222 0.013542 0.022222
0 0.008333 0.700463 0.016667 0.026852
0 0.627083 0.980556 0.016667 0.027778
0 0.110937 0.063426 0.018750 0.021296
0 0.061719 0.583796 0.015104 0.021296
0 0.117448 0.636574 0.017188 0.025000
0 0.111198 0.089815 0.016146 0.027778
0 0.190365 0.145833 0.015104 0.025000
0 0.098958 0.610185 0.015625 0.024074
0 0.026042 0.726852 0.015625 0.020370
0 0.008073 0.584259 0.016146 0.025926
0 0.007812 0.610185 0.015625 0.022222
0 0.007552 0.194907 0.015104 0.025000
0 0.007812 0.298148 0.015625 0.027778
0 0.917448 0.200000 0.035937 0.024074
0 0.008333 0.273148 0.014583 0.024074
0 0.025521 0.222222 0.015625 0.024074
0 0.918750 0.062963 0.036458 0.024074
0 0.080208 0.194907 0.012500 0.023148
0 0.134375 0.145833 0.018750 0.026852
0 0.154688 0.145370 0.016667 0.025926
0 0.099219 0.221296 0.014063 0.022222
0 0.114844 0.145833 0.017188 0.026852
0 0.988802 0.145370 0.019271 0.022222
0 0.116927 0.221759 0.013021 0.023148
0 0.641667 0.089815 0.014583 0.024074
0 0.117708 0.585185 0.016667 0.022222
0 0.881250 0.199537 0.032292 0.028704
0 0.062500 0.195370 0.013542 0.024074
0 0.846615 0.978241 0.014063 0.023148
0 0.080208 0.584722 0.015625 0.021296
0 0.134896 0.756481 0.007292 0.016667
0 0.117969 0.609722 0.019271 0.025000
0 0.116406 0.194444 0.010937 0.022222
0 0.097135 0.145833 0.016146 0.025000
0 0.994792 0.172222 0.009375 0.016667
0 0.115104 0.561111 0.009375 0.018519
0 0.105990 0.756481 0.009896 0.018519
0 0.965365 0.171759 0.010937 0.015741
0 0.080469 0.662037 0.014063 0.027778
0 0.098698 0.585185 0.016146 0.022222
0 0.880208 0.977778 0.013542 0.024074
0 0.078906 0.145833 0.017188 0.025000
0 0.863021 0.977778 0.015625 0.024074
0 0.172917 0.144907 0.015625 0.025000
0 0.115365 0.756481 0.006771 0.016667
0 0.608854 0.077315 0.035417 0.056481
0 0.819010 0.173611 0.013021 0.021296
0 0.025781 0.609259 0.018229 0.020370
0 0.197135 0.173148 0.008854 0.020370
0 0.115625 0.172222 0.010417 0.020370
0 0.984375 0.171296 0.009375 0.016667
0 0.026042 0.145370 0.050000 0.027778
0 0.842708 0.514352 0.007292 0.012037
0 0.070052 0.857870 0.140104 0.026852
0 0.124740 0.756481 0.007812 0.016667
0 0.124479 0.560648 0.007292 0.017593
0 0.134635 0.172222 0.009896 0.020370
0 0.135156 0.560185 0.007812 0.016667
0 0.124740 0.172685 0.007812 0.017593
0 0.974479 0.172222 0.008333 0.014815
0 0.060417 0.146296 0.015625 0.025926
0 0.864323 0.514352 0.051562 0.015741
0 0.237240 0.033333 0.017188 0.020370
0 0.846615 0.461574 0.034896 0.019444
0 0.858661 0.080593 0.025896 0.050000
0 0.009297 0.032157 0.013906 0.018519
0 0.910294 0.355569 0.159620 0.016972
0 0.898833 0.976963 0.015677 0.023056
0 0.874487 0.884167 0.075297 0.012963
0 0.914898 0.567273 0.150557 0.017546
0 0.881245 0.778731 0.088031 0.016963
0 0.915023 0.742014 0.152661 0.016972
0 0.913672 0.585185 0.152344 0.016667
0 0.915023 0.724810 0.152661 0.016972
0 0.913073 0.900000 0.151979 0.018519
0 0.910461 0.390667 0.159620 0.016963
0 0.914635 0.707602 0.152656 0.016963
0 0.939323 0.008273 0.010937 0.016546
0 0.878802 0.848148 0.079479 0.012963
0 0.913997 0.920051 0.168880 0.020639
0 0.195781 0.213426 0.083229 0.017593
0 0.909828 0.443954 0.159615 0.016963
0 0.857161 0.865741 0.037240 0.012963
0 0.026797 0.195278 0.018177 0.025741
0 0.988500 0.009398 0.014063 0.018796
0 0.932578 0.033796 0.020365 0.025000
0 0.044349 0.194907 0.016198 0.025000
0 0.182745 0.863500 0.049167 0.076204
0 0.914247 0.690056 0.152661 0.016963
0 0.975578 0.977653 0.037937 0.033380
0 0.865547 0.813426 0.052969 0.012037
0 0.806250 0.065880 0.016667 0.022500
0 0.356427 0.088958 0.145271 0.026898
0 0.821354 0.064352 0.013542 0.019444
0 0.914055 0.672509 0.152661 0.016963
0 0.931641 0.974037 0.008906 0.025463
0 0.918383 0.975588 0.014516 0.028565
0 0.788802 0.064398 0.016146 0.019537
0 0.913151 0.496713 0.151302 0.017500
0 0.954167 0.080185 0.021875 0.058519
0 0.166224 0.173611 0.048802 0.017593
0 0.913982 0.654750 0.152661 0.016963
0 0.911198 0.479630 0.157812 0.016667
0 0.913776 0.619907 0.152552 0.017593
0 0.910128 0.372819 0.159620 0.016972
0 0.854583 0.795833 0.050833 0.013889
0 0.910294 0.408806 0.159620 0.016963
0 0.772135 0.066713 0.017188 0.022315
0 0.028130 0.031898 0.015104 0.020370
0 0.026604 0.247111 0.014188 0.024074
0 0.355419 0.063792 0.145620 0.024065
0 0.928885 0.090796 0.017188 0.030556
0 0.913438 0.637500 0.151875 0.017593
0 0.045768 0.035264 0.016995 0.017324
0 0.071445 0.033157 0.022870 0.019333
0 0.097932 0.031958 0.019667 0.020046
0 0.518797 0.064440 0.135010 0.024806
0 0.862375 0.426352 0.066042 0.015741
0 0.868490 0.760648 0.058854 0.013889
0 0.189117 0.064722 0.134891 0.022407
0 0.877682 0.831019 0.077240 0.013889
0 0.643500 0.062352 0.019792 0.023148
0 0.119906 0.031833 0.014458 0.022370
0 0.273526 0.062815 0.018750 0.025000
0 0.140148 0.032736 0.018505 0.020565
0 0.684078 0.063528 0.060906 0.023907
0 0.162125 0.034019 0.016771 0.019019
0 0.836979 0.065185 0.016667 0.021111
0 0.190021 0.088093 0.135375 0.025667
0 0.081917 0.246843 0.014583 0.024074
0 0.186995 0.032796 0.026708 0.015833
0 0.214383 0.032282 0.021870 0.021676
0 0.771607 0.089824 0.015214 0.021574
0 0.788266 0.089407 0.014750 0.022407
0 0.805628 0.088579 0.014557 0.021731
0 0.910146 0.090833 0.017708 0.026852
0 0.009625 0.248944 0.015604 0.024074
0 0.273779 0.089194 0.019224 0.025926
0 0.884073 0.081148 0.024479 0.054630
0 0.914167 0.601852 0.154375 0.018519
0 0.099849 0.196944 0.019271 0.024074
0 0.820656 0.089491 0.012323 0.022574
0 0.069792 0.904630 0.139583 0.025926
0 0.910656 0.250954 0.159615 0.016963
0 0.510104 0.088426 0.152500 0.025000
0 0.295703 0.145370 0.152344 0.024074
0 0.910656 0.286157 0.159615 0.016963
0 0.064750 0.247796 0.015625 0.024074
0 0.909357 0.302611 0.159620 0.016963
0 0.731393 0.063769 0.033464 0.023648
0 0.070451 0.926046 0.140349 0.014389
0 0.909789 0.320602 0.159620 0.016963
0 0.910367 0.338593 0.159620 0.016963
0 0.963203 0.009380 0.014583 0.018759
