0 0.135156 0.560185 0.007812 0.016667
0 0.134635 0.172222 0.009896 0.020370
0 0.124740 0.172685 0.007812 0.017593
0 0.060417 0.146296 0.015625 0.025926
0 0.974479 0.172222 0.008333 0.014815
0 0.939323 0.008333 0.010937 0.016667
0 0.864323 0.514352 0.051562 0.015741
0 0.236979 0.033333 0.016667 0.020370
0 0.908854 0.408796 0.162500 0.019444
0 0.070573 0.804630 0.141146 0.027778
0 0.070573 0.830556 0.141146 0.027778
0 0.016406 0.081944 0.026562 0.062037
0 0.098698 0.273611 0.013021 0.025000
0 0.062240 0.636111 0.016146 0.025926
0 0.065104 0.083333 0.021875 0.061111
0 0.080469 0.272685 0.015104 0.025000
0 0.116927 0.273611 0.014063 0.023148
0 0.396875 0.976389 0.116667 0.034259
0 0.080469 0.635648 0.015104 0.025000
0 0.088542 0.082407 0.023958 0.061111
0 0.080469 0.727315 0.014063 0.023148
0 0.044010 0.325926 0.014063 0.024074
0 0.118229 0.300463 0.017708 0.025000
0 0.380990 0.147222 0.014063 0.020370
0 0.044010 0.636111 0.015104 0.025926
0 0.044531 0.726852 0.016146 0.020370
0 0.062240 0.610648 0.015104 0.021296
0 0.040885 0.083333 0.021354 0.061111
0 0.044271 0.298611 0.014583 0.025000
0 0.098437 0.247685 0.012500 0.025000
0 0.099479 0.299537 0.013542 0.025000
0 0.983073 0.081481 0.025521 0.062963
0 0.044010 0.662500 0.014063 0.028704
0 0.025521 0.325463 0.015625 0.023148
0 0.080729 0.299074 0.014583 0.024074
0 0.044010 0.273148 0.015104 0.024074
0 0.512500 0.977315 0.017708 0.025000
0 0.711979 0.088426 0.013542 0.023148
0 0.694792 0.088426 0.017708 0.023148
0 0.025260 0.636111 0.017188 0.024074
0 0.099219 0.701389 0.014063 0.023148
0 0.044271 0.700926 0.014583 0.025926
0 0.008594 0.221759 0.014063 0.025000
0 0.080469 0.610185 0.015104 0.022222
0 0.043750 0.247685 0.013542 0.023148
0 0.747396 0.088889 0.014583 0.022222
0 0.080729 0.247222 0.014583 0.024074
0 0.883333 0.081944 0.023958 0.054630
0 0.441667 0.064815 0.015625 0.024074
0 0.025781 0.662963 0.014063 0.029630
0 0.558333 0.977778 0.018750 0.027778
0 0.063281 0.700463 0.017188 0.025000
0 0.729948 0.088889 0.015104 0.022222
0 0.080469 0.326389 0.015104 0.025000
0 0.080990 0.700463 0.013021 0.023148
0 0.062500 0.662500 0.015625 0.028704
0 0.973437 0.033333 0.051042 0.025926
0 0.044010 0.610648 0.015104 0.023148
0 0.062240 0.325463 0.013021 0.025000
0 0.008073 0.663426 0.016146 0.030556
0 0.490104 0.976852 0.018750 0.024074
0 0.025781 0.299537 0.014063 0.025000
0 0.043750 0.584259 0.015625 0.022222
0 0.117448 0.248148 0.014063 0.025926
0 0.580729 0.979167 0.018750 0.030556
0 0.534896 0.977778 0.017708 0.025926
0 0.062760 0.299074 0.014063 0.024074
0 0.044271 0.352778 0.015625 0.025926
0 0.117969 0.326389 0.017188 0.023148
0 0.909896 0.034259 0.013542 0.025926
0 0.676562 0.087963 0.012500 0.022222
0 0.672917 0.981019 0.016667 0.028704
0 0.604167 0.979630 0.020833 0.031481
0 0.063281 0.727315 0.016146 0.021296
0 0.466146 0.978241 0.017708 0.026852
0 0.007812 0.325463 0.015625 0.023148
0 0.327083 0.978241 0.021875 0.025000
0 0.117188 0.701389 0.014583 0.023148
0 0.062240 0.221759 0.014063 0.023148
0 0.207813 0.145833 0.017708 0.025000
0 0.098698 0.325463 0.013021 0.025000
0 0.026042 0.273148 0.015625 0.025926
0 0.098958 0.635648 0.015625 0.025000
0 0.650260 0.981019 0.017188 0.028704
0 0.946354 0.146759 0.013542 0.023148
0 0.008333 0.727778 0.016667 0.020370
0 0.008073 0.352315 0.015104 0.023148
0 0.894271 0.034722 0.013542 0.023148
0 0.026042 0.700463 0.014583 0.026852
0 0.659375 0.088426 0.013542 0.021296
0 0.008594 0.635648 0.014063 0.025000
0 0.080469 0.221296 0.013021 0.022222
0 0.025521 0.584259 0.017708 0.024074
0 0.967708 0.145833 0.019792 0.023148
0 0.025521 0.352315 0.014583 0.026852
0 0.008333 0.700463 0.016667 0.026852
0 0.043750 0.222222 0.013542 0.022222
0 0.117448 0.636574 0.017188 0.025000
0 0.846875 0.199537 0.035417 0.028704
0 0.061719 0.583796 0.015104 0.021296
0 0.627083 0.980556 0.016667 0.027778
0 0.190365 0.145833 0.015104 0.025000
0 0.111198 0.089815 0.016146 0.027778
0 0.098958 0.609722 0.015625 0.025000
0 0.026042 0.726852 0.015625 0.020370
0 0.008073 0.584259 0.016146 0.025926
0 0.008073 0.610185 0.016146 0.022222
0 0.007552 0.194907 0.015104 0.025000
0 0.008333 0.298148 0.015625 0.027778
0 0.008333 0.273148 0.014583 0.024074
0 0.917448 0.200000 0.035937 0.024074
0 0.025521 0.222222 0.015625 0.024074
0 0.079948 0.194907 0.013021 0.023148
0 0.154688 0.145370 0.016667 0.025926
0 0.098958 0.221296 0.014583 0.022222
0 0.134375 0.145833 0.018750 0.026852
0 0.114844 0.145833 0.017188 0.026852
0 0.988802 0.145370 0.019271 0.022222
0 0.116927 0.221759 0.013021 0.023148
0 0.117708 0.585185 0.016667 0.022222
0 0.641667 0.089815 0.014583 0.024074
0 0.062500 0.195370 0.013542 0.024074
0 0.881250 0.199537 0.032292 0.028704
0 0.846615 0.978241 0.014063 0.023148
0 0.080208 0.584722 0.015625 0.021296
0 0.134896 0.756481 0.007292 0.016667
0 0.116406 0.194444 0.010937 0.022222
0 0.117969 0.610185 0.019271 0.025926
0 0.097135 0.145833 0.016146 0.025000
0 0.994792 0.172222 0.009375 0.016667
0 0.115104 0.561111 0.009375 0.018519
0 0.080469 0.662037 0.014063 0.027778
0 0.965625 0.171759 0.011458 0.015741
0 0.105990 0.756481 0.009896 0.018519
0 0.098698 0.585185 0.016146 0.022222
0 0.608854 0.077315 0.035417 0.056481
0 0.172917 0.144907 0.015625 0.025000
0 0.880208 0.977778 0.013542 0.024074
0 0.078906 0.145833 0.017188 0.025000
0 0.863021 0.977778 0.015625 0.024074
0 0.115365 0.756481 0.006771 0.016667
0 0.819010 0.173611 0.013021 0.021296
0 0.025781 0.609259 0.018229 0.020370
0 0.197396 0.173148 0.009375 0.020370
0 0.115885 0.172222 0.010937 0.020370
0 0.984375 0.171296 0.009375 0.016667
0 0.026042 0.145370 0.050000 0.027778
0 0.070573 0.858333 0.141146 0.027778
0 0.124740 0.756481 0.007812 0.016667
0 0.070833 0.904630 0.141667 0.025926
0 0.124479 0.560648 0.007292 0.017593
0 0.189583 0.212500 0.077083 0.019444
0 0.837526 0.064306 0.015573 0.021204
0 0.189674 0.064176 0.134401 0.022981
0 0.355714 0.064259 0.143260 0.025185
0 0.064109 0.273028 0.015104 0.025000
0 0.932474 0.033796 0.020156 0.025000
0 0.806250 0.065463 0.016667 0.021667
0 0.821198 0.064676 0.013229 0.020093
0 0.272604 0.064352 0.021250 0.025000
0 0.683862 0.063667 0.059984 0.024185
0 0.190086 0.088426 0.134932 0.025000
0 0.009130 0.248593 0.016563 0.024074
0 0.518677 0.063769 0.136094 0.023796
0 0.064563 0.248935 0.015625 0.024074
0 0.954167 0.080648 0.021875 0.059444
0 0.788802 0.065880 0.016146 0.022500
0 0.026802 0.247806 0.016146 0.024074
0 0.772135 0.065926 0.017188 0.022593
0 0.988099 0.009861 0.014583 0.019722
0 0.858828 0.081481 0.025052 0.050000
0 0.272656 0.089815 0.020313 0.024074
0 0.731148 0.063380 0.034474 0.025093
0 0.100318 0.197185 0.019271 0.024074
0 0.111667 0.063426 0.020208 0.021296
0 0.919312 0.062537 0.036458 0.024074
0 0.643286 0.062537 0.019792 0.023148
0 0.356169 0.089481 0.144953 0.026593
0 0.180276 0.864380 0.048698 0.078611
0 0.045479 0.194907 0.017188 0.025000
0 0.913542 0.566898 0.153125 0.018056
0 0.027068 0.195370 0.017948 0.025926
0 0.010443 0.032296 0.013906 0.018519
0 0.963146 0.009329 0.014583 0.018657
0 0.295703 0.145370 0.152344 0.024074
0 0.070312 0.928153 0.140625 0.013324
0 0.913021 0.601852 0.152083 0.018519
0 0.862630 0.425463 0.065885 0.015741
0 0.909818 0.088213 0.017708 0.024685
0 0.857031 0.865741 0.036979 0.012963
0 0.928870 0.089157 0.017188 0.026130
0 0.913672 0.619907 0.152344 0.017593
0 0.912708 0.900000 0.152708 0.018519
0 0.877708 0.848148 0.077292 0.012963
0 0.165521 0.173611 0.050208 0.017593
0 0.854349 0.795833 0.050365 0.013889
0 0.864141 0.813426 0.050156 0.012037
0 0.877786 0.831019 0.077448 0.013889
0 0.913594 0.585185 0.152188 0.016667
0 0.869896 0.761111 0.061667 0.014815
0 0.913646 0.637500 0.152292 0.017593
0 0.847479 0.461713 0.034896 0.015093
0 0.028484 0.031889 0.015104 0.020370
0 0.910990 0.479630 0.158438 0.016667
0 0.913854 0.497222 0.152708 0.018519
0 0.047815 0.033606 0.017568 0.022046
0 0.071068 0.032463 0.020667 0.018833
0 0.097799 0.033079 0.023682 0.016009
0 0.119984 0.032782 0.016010 0.018972
0 0.140497 0.033227 0.018682 0.018083
0 0.161849 0.032486 0.015677 0.019565
0 0.186781 0.032782 0.027188 0.020157
0 0.214221 0.031597 0.021682 0.022528
0 0.771854 0.089356 0.014490 0.019731
0 0.787781 0.089213 0.015760 0.021444
0 0.805315 0.089069 0.015776 0.022880
0 0.821156 0.088023 0.011823 0.021306
0 0.909646 0.250468 0.157271 0.016787
0 0.911737 0.303514 0.157266 0.016787
0 0.910583 0.286597 0.157271 0.016787
0 0.910503 0.321199 0.158266 0.016787
0 0.910854 0.338856 0.159021 0.016787
0 0.909365 0.355856 0.159021 0.016787
0 0.909654 0.372255 0.159016 0.016787
0 0.909943 0.390199 0.159021 0.016787
0 0.909422 0.443269 0.159021 0.016778
0 0.913604 0.655398 0.152344 0.017593
0 0.913354 0.672181 0.152344 0.015269
0 0.911594 0.690403 0.152344 0.015269
0 0.911917 0.707278 0.152344 0.016407
0 0.914312 0.725759 0.152344 0.017593
0 0.914495 0.743972 0.152344 0.017593
0 0.882008 0.778273 0.087276 0.016583
0 0.875323 0.883741 0.074531 0.015481
0 0.898253 0.975528 0.016286 0.028185
0 0.918938 0.976685 0.014125 0.028444
0 0.931841 0.976042 0.011964 0.023583
0 0.944812 0.977069 0.011677 0.023065
0 0.974661 0.976310 0.037635 0.035898
0 0.509893 0.089398 0.152068 0.024019
