0 0.613854 0.226852 0.256667 0.024074
0 0.604870 0.749074 0.254844 0.025926
0 0.605755 0.776389 0.253802 0.025000
0 0.519323 0.693981 0.063646 0.013889
0 0.516719 0.203704 0.085521 0.016667
0 0.509036 0.261574 0.070156 0.015741
0 0.520659 0.806954 0.079099 0.023148
0 0.720313 0.284259 0.041667 0.024074
0 0.738281 0.170370 0.010937 0.020370
0 0.674219 0.893056 0.041146 0.025000
0 0.720833 0.893056 0.041667 0.025000
0 0.714323 0.169907 0.008854 0.019444
0 0.743229 0.912037 0.008333 0.014815
0 0.606510 0.852778 0.272396 0.042593
