0 0.585938 0.728241 0.041667 0.025000
0 0.834375 0.506481 0.055208 0.025926
0 0.632812 0.728241 0.041667 0.025000
0 0.755208 0.728241 0.056250 0.025000
0 0.701042 0.728241 0.041667 0.025000
0 0.538802 0.728241 0.042188 0.025000
0 0.492188 0.728241 0.041667 0.025000
0 0.806510 0.826852 0.042188 0.025926
0 0.837500 0.728704 0.047917 0.024074
0 0.534896 0.505556 0.127083 0.025926
0 0.845052 0.473611 0.034896 0.026852
0 0.846094 0.440741 0.007812 0.018519
0 0.570063 0.478231 0.034833 0.020648
0 0.870698 0.438685 0.013542 0.025000
0 0.675846 0.476972 0.033016 0.018574
0 0.804961 0.472620 0.028516 0.022222
0 0.539323 0.477315 0.022396 0.019444
0 0.853724 0.827319 0.042708 0.025565
0 0.472586 0.477370 0.022974 0.019037
0 0.747109 0.506944 0.115156 0.026852
0 0.517430 0.553102 0.087641 0.015463
0 0.666068 0.695833 0.387344 0.017593
0 0.507031 0.479167 0.041146 0.021296
0 0.514479 0.569444 0.082083 0.016667
0 0.604172 0.478806 0.026708 0.014907
0 0.638760 0.478116 0.035740 0.017657
