0 0.118490 0.300463 0.017188 0.025000
0 0.043750 0.636574 0.014583 0.025000
0 0.062240 0.611111 0.015104 0.020370
0 0.062500 0.272222 0.014583 0.024074
0 0.197396 0.174074 0.007292 0.016667
0 0.134896 0.560185 0.007292 0.014815
0 0.125000 0.756481 0.007292 0.014815
0 0.736979 0.170370 0.016667 0.025926
0 0.069792 0.857870 0.139583 0.026852
0 0.185677 0.174074 0.009896 0.016667
0 0.720313 0.892593 0.041667 0.024074
0 0.974479 0.172222 0.008333 0.014815
0 0.097135 0.145833 0.017188 0.023148
0 0.115365 0.756481 0.005729 0.014815
0 0.098698 0.585185 0.016146 0.020370
0 0.080469 0.662500 0.014063 0.026852
0 0.115104 0.560648 0.009375 0.017593
0 0.984375 0.171296 0.009375 0.016667
0 0.819792 0.173148 0.011458 0.020370
0 0.070312 0.905093 0.140625 0.026852
0 0.115885 0.172222 0.009896 0.018519
0 0.025781 0.609722 0.017188 0.019444
0 0.115104 0.146759 0.015625 0.023148
0 0.105990 0.756481 0.009896 0.016667
0 0.134896 0.756944 0.007292 0.015741
0 0.080208 0.584722 0.015625 0.019444
0 0.132812 0.146296 0.014583 0.020370
0 0.994792 0.171296 0.009375 0.016667
0 0.116667 0.194907 0.010417 0.021296
0 0.124740 0.561111 0.006771 0.016667
0 0.846875 0.978704 0.013542 0.022222
0 0.863281 0.978241 0.015104 0.021296
0 0.061719 0.584259 0.015104 0.020370
0 0.062500 0.195833 0.012500 0.023148
0 0.964844 0.172685 0.009896 0.015741
0 0.659375 0.088426 0.013542 0.021296
0 0.880208 0.978241 0.013542 0.021296
0 0.007812 0.584722 0.015625 0.023148
0 0.117188 0.585185 0.015625 0.020370
0 0.080208 0.195370 0.012500 0.022222
0 0.008333 0.194907 0.016667 0.025000
0 0.025521 0.222222 0.014583 0.024074
0 0.009375 0.635648 0.013542 0.025000
0 0.116406 0.609722 0.015104 0.021296
0 0.676562 0.087500 0.013542 0.021296
0 0.116667 0.637037 0.014583 0.024074
0 0.988802 0.145370 0.019271 0.022222
0 0.008333 0.272685 0.014583 0.023148
0 0.008333 0.298148 0.015625 0.027778
0 0.098958 0.636111 0.014583 0.024074
0 0.098958 0.609722 0.015625 0.023148
0 0.327344 0.978241 0.020313 0.023148
0 0.881510 0.199537 0.032813 0.028704
0 0.025781 0.584722 0.017188 0.023148
0 0.063021 0.726852 0.014583 0.022222
0 0.008073 0.663426 0.016146 0.028704
0 0.026302 0.726852 0.015104 0.020370
0 0.134896 0.172222 0.009375 0.018519
0 0.674219 0.892593 0.041146 0.024074
0 0.161458 0.173148 0.035417 0.018519
0 0.199479 0.212500 0.098958 0.019444
0 0.124740 0.173148 0.007812 0.016667
0 0.939063 0.008333 0.010417 0.014815
0 0.079687 0.145833 0.013542 0.023148
0 0.237500 0.032870 0.017708 0.019444
0 0.008333 0.033333 0.013542 0.020370
0 0.025781 0.144907 0.050521 0.028704
0 0.088542 0.082407 0.023958 0.059259
0 0.512500 0.977315 0.016667 0.023148
0 0.098437 0.247685 0.012500 0.023148
0 0.065104 0.083333 0.021875 0.059259
0 0.116927 0.274074 0.014063 0.022222
0 0.080208 0.272685 0.014583 0.025000
0 0.062240 0.636111 0.015104 0.025926
0 0.016667 0.082870 0.026042 0.060185
0 0.396354 0.975926 0.115625 0.033333
0 0.098698 0.273611 0.013021 0.025000
0 0.720573 0.283796 0.042188 0.025000
0 0.070312 0.830093 0.140625 0.026852
0 0.070312 0.804630 0.140625 0.027778
0 0.909635 0.034259 0.013021 0.024074
0 0.151823 0.146296 0.018229 0.024074
0 0.026042 0.662500 0.013542 0.028704
0 0.894271 0.034259 0.013542 0.022222
0 0.062500 0.662500 0.015625 0.028704
0 0.026302 0.700926 0.014063 0.025926
0 0.099219 0.221296 0.013021 0.022222
0 0.190365 0.146759 0.014063 0.023148
0 0.008073 0.352315 0.014063 0.023148
0 0.117188 0.701852 0.013542 0.022222
0 0.967708 0.146296 0.019792 0.022222
0 0.946094 0.146759 0.013021 0.021296
0 0.973437 0.033333 0.051042 0.025926
0 0.588542 0.284722 0.213542 0.026852
0 0.025521 0.351852 0.014583 0.025926
0 0.172396 0.146296 0.017708 0.024074
0 0.099740 0.194444 0.019271 0.024074
0 0.116927 0.222222 0.011979 0.022222
0 0.044010 0.222222 0.013021 0.022222
0 0.008073 0.728241 0.016146 0.019444
0 0.008073 0.700463 0.016146 0.025000
0 0.043750 0.584259 0.015625 0.022222
0 0.729948 0.088426 0.016146 0.023148
0 0.007812 0.325463 0.015625 0.023148
0 0.919010 0.062963 0.035937 0.024074
0 0.044010 0.352778 0.015104 0.025926
0 0.007812 0.610648 0.015625 0.021296
0 0.080729 0.700463 0.012500 0.023148
0 0.227083 0.147222 0.017708 0.022222
0 0.207813 0.146759 0.013542 0.021296
0 0.117969 0.326389 0.017188 0.023148
0 0.080729 0.221759 0.012500 0.021296
0 0.747396 0.089352 0.014583 0.021296
0 0.673177 0.981019 0.017188 0.028704
0 0.044010 0.662500 0.014063 0.028704
0 0.466146 0.978241 0.016667 0.025000
0 0.098698 0.325463 0.013021 0.025000
0 0.441667 0.064815 0.014583 0.024074
0 0.025781 0.299537 0.014063 0.025000
0 0.044010 0.700926 0.014063 0.024074
0 0.650521 0.981019 0.016667 0.028704
0 0.062500 0.221759 0.013542 0.021296
0 0.694792 0.088426 0.017708 0.023148
0 0.008854 0.221759 0.013542 0.025000
0 0.062500 0.299074 0.013542 0.024074
0 0.627344 0.980556 0.015104 0.025926
0 0.044010 0.610648 0.015104 0.023148
0 0.603906 0.979167 0.019271 0.030556
0 0.712500 0.088426 0.014583 0.023148
0 0.063281 0.700463 0.016146 0.025000
0 0.917448 0.200463 0.035937 0.025000
0 0.080469 0.325926 0.015104 0.025926
0 0.580990 0.978704 0.017188 0.027778
0 0.062240 0.325463 0.013021 0.025000
0 0.117188 0.247685 0.013542 0.025000
0 0.080469 0.610185 0.015104 0.022222
0 0.535417 0.977778 0.016667 0.024074
0 0.043750 0.247222 0.013542 0.022222
0 0.044531 0.726852 0.015104 0.020370
0 0.025521 0.636111 0.016667 0.024074
0 0.025781 0.325000 0.015104 0.022222
0 0.099219 0.701389 0.014063 0.023148
0 0.080729 0.246759 0.013542 0.023148
0 0.040885 0.083796 0.021354 0.060185
0 0.558594 0.977315 0.018229 0.025000
0 0.490104 0.976852 0.017708 0.022222
0 0.846875 0.199074 0.035417 0.027778
0 0.044531 0.298611 0.014063 0.025000
0 0.044010 0.273148 0.015104 0.024074
0 0.080729 0.727315 0.013542 0.023148
0 0.080469 0.299074 0.014063 0.024074
0 0.044271 0.325463 0.013542 0.023148
0 0.099479 0.300000 0.013542 0.024074
0 0.080469 0.636111 0.015104 0.024074
0 0.180719 0.863009 0.043698 0.075833
0 0.606615 0.749074 0.253438 0.025926
0 0.355445 0.089014 0.144005 0.024139
0 0.715625 0.172963 0.018750 0.026852
0 0.643318 0.060815 0.019792 0.024074
0 0.027792 0.032315 0.014937 0.018519
0 0.521719 0.693981 0.068438 0.013889
0 0.506484 0.262037 0.062969 0.012963
0 0.060622 0.146764 0.017057 0.022787
0 0.642250 0.087014 0.015104 0.025046
0 0.914375 0.918056 0.171250 0.023148
0 0.027359 0.196167 0.016177 0.025000
0 0.963042 0.009106 0.009896 0.018213
0 0.071276 0.925486 0.142552 0.013102
0 0.515312 0.204630 0.081667 0.014815
0 0.945305 0.976690 0.013172 0.023417
0 0.931589 0.977361 0.009500 0.021704
0 0.918305 0.976116 0.012526 0.022269
0 0.899458 0.977069 0.016521 0.021120
0 0.821693 0.087773 0.012656 0.023083
0 0.804891 0.089370 0.015896 0.020333
0 0.788438 0.089185 0.014781 0.021685
0 0.772435 0.089370 0.012755 0.023556
0 0.214544 0.032565 0.023839 0.021185
0 0.185654 0.031875 0.025651 0.019806
0 0.162464 0.032333 0.015031 0.021648
0 0.141992 0.031644 0.021766 0.021194
0 0.118026 0.030954 0.014771 0.018889
0 0.096779 0.032565 0.024099 0.019352
0 0.070398 0.032935 0.024266 0.020741
0 0.355438 0.064120 0.143917 0.025463
0 0.789245 0.065509 0.015260 0.021759
0 0.771990 0.065287 0.015990 0.020463
0 0.684740 0.062894 0.060417 0.023380
0 0.806250 0.065741 0.016667 0.022222
0 0.189831 0.064722 0.133255 0.022407
0 0.822031 0.064861 0.012188 0.020463
0 0.509740 0.088889 0.151771 0.024074
0 0.611641 0.227778 0.259010 0.025926
0 0.518484 0.064343 0.134375 0.022778
0 0.520451 0.805556 0.080245 0.014815
0 0.063229 0.248954 0.018229 0.022222
0 0.883802 0.081519 0.025000 0.052778
0 0.026448 0.246657 0.015625 0.023148
0 0.932240 0.034259 0.019687 0.024074
0 0.009687 0.248102 0.016250 0.025833
0 0.954167 0.082454 0.021875 0.061204
0 0.983073 0.080741 0.025521 0.061481
0 0.987276 0.008824 0.012500 0.017648
0 0.046792 0.031954 0.015104 0.020370
0 0.976177 0.976676 0.037750 0.028537
0 0.608594 0.076481 0.034896 0.058519
0 0.858724 0.079167 0.025260 0.047222
0 0.026734 0.272685 0.015104 0.025000
0 0.928760 0.089537 0.017188 0.026852
0 0.273021 0.064352 0.021042 0.023148
0 0.112448 0.063889 0.021771 0.020370
0 0.909896 0.088611 0.017708 0.025000
0 0.190086 0.088894 0.135557 0.023880
0 0.111370 0.088278 0.016667 0.027778
0 0.730896 0.063380 0.033417 0.025093
0 0.837747 0.063481 0.015464 0.020833
0 0.605573 0.775926 0.252396 0.025926
0 0.043635 0.194843 0.014708 0.025000
0 0.272760 0.089815 0.020521 0.024074
