0 0.884026 0.080907 0.024479 0.053704
0 0.044242 0.273565 0.015057 0.022685
0 0.113177 0.062593 0.018750 0.021296
0 0.026406 0.272065 0.014583 0.021241
0 0.918812 0.063741 0.036979 0.025926
0 0.509427 0.088889 0.151146 0.024074
0 0.099839 0.196741 0.019792 0.024074
0 0.914563 0.302352 0.170042 0.017593
0 0.918458 0.200463 0.036979 0.025000
0 0.044385 0.222056 0.013021 0.022222
0 0.044786 0.195204 0.015417 0.025926
0 0.858646 0.081481 0.025417 0.050000
0 0.848854 0.320833 0.038333 0.017593
0 0.070495 0.924537 0.140990 0.017593
0 0.730755 0.063704 0.034427 0.024444
0 0.070529 0.033213 0.023245 0.015741
0 0.788737 0.090264 0.015057 0.022306
0 0.189740 0.088731 0.133854 0.025685
0 0.987521 0.009204 0.014583 0.018407
0 0.354904 0.063792 0.142693 0.025361
0 0.009375 0.248657 0.016875 0.024074
0 0.806328 0.065648 0.016510 0.022037
0 0.189260 0.063389 0.133146 0.024185
0 0.932292 0.034259 0.019792 0.024074
0 0.214557 0.032292 0.022750 0.022602
0 0.063799 0.248083 0.016974 0.024074
0 0.187122 0.033176 0.026766 0.019630
0 0.954167 0.079444 0.021875 0.057037
0 0.272917 0.064352 0.021875 0.025000
0 0.027828 0.197324 0.016927 0.025000
0 0.963219 0.007944 0.011563 0.015889
0 0.772891 0.065880 0.015677 0.022500
0 0.111312 0.089148 0.016667 0.027778
0 0.161945 0.034815 0.015224 0.018741
0 0.979612 0.226398 0.036505 0.014833
0 0.027323 0.034171 0.015896 0.021120
0 0.683599 0.064065 0.060469 0.023426
0 0.070219 0.905463 0.140437 0.025926
0 0.026370 0.247426 0.015625 0.024074
0 0.517794 0.063356 0.133995 0.020972
0 0.789349 0.065972 0.015052 0.022685
0 0.273333 0.090741 0.021667 0.025926
0 0.140823 0.034778 0.020198 0.020741
0 0.356010 0.090926 0.144854 0.026852
0 0.910703 0.090796 0.017708 0.026852
0 0.119604 0.033241 0.015552 0.019204
0 0.098000 0.033718 0.022031 0.017083
0 0.821693 0.065880 0.012865 0.022500
0 0.837839 0.063657 0.014948 0.019907
0 0.913932 0.250000 0.168490 0.014815
0 0.928115 0.089199 0.015354 0.024935
0 0.821333 0.089745 0.012552 0.022806
0 0.899932 0.976227 0.017927 0.025157
0 0.931633 0.976500 0.009609 0.023037
0 0.643750 0.062574 0.019792 0.023148
0 0.914193 0.267407 0.170573 0.020000
0 0.914669 0.285718 0.170661 0.015602
0 0.975938 0.976829 0.037708 0.031806
0 0.772490 0.090028 0.014781 0.022556
0 0.805958 0.090338 0.015896 0.022935
0 0.973151 0.033796 0.050573 0.025000
0 0.135044 0.560912 0.011422 0.024157
0 0.046797 0.034213 0.017542 0.016519
0 0.070990 0.858333 0.141979 0.025926
0 0.914401 0.919120 0.171198 0.021574
0 0.098698 0.325463 0.013021 0.025000
0 0.007812 0.584722 0.015625 0.025000
0 0.994531 0.171296 0.009896 0.018519
0 0.116146 0.609722 0.015625 0.023148
0 0.879948 0.977315 0.014063 0.026852
0 0.134896 0.756944 0.007292 0.017593
0 0.115365 0.146296 0.016146 0.024074
0 0.080208 0.584259 0.015625 0.020370
0 0.846875 0.978241 0.014583 0.025000
0 0.062500 0.195370 0.013542 0.024074
0 0.105990 0.756481 0.009896 0.018519
0 0.641667 0.089815 0.014583 0.022222
0 0.116406 0.194444 0.010937 0.022222
0 0.863281 0.977315 0.016146 0.026852
0 0.115104 0.561111 0.009375 0.018519
0 0.133073 0.145833 0.015104 0.021296
0 0.080469 0.662037 0.014063 0.027778
0 0.819010 0.174074 0.011979 0.020370
0 0.115104 0.756481 0.006250 0.016667
0 0.098958 0.585185 0.016667 0.022222
0 0.608854 0.077315 0.035417 0.056481
0 0.097135 0.146296 0.017188 0.024074
0 0.984375 0.171296 0.009375 0.018519
0 0.115625 0.172685 0.010417 0.019444
0 0.025781 0.609259 0.017188 0.020370
0 0.025781 0.145370 0.050521 0.027778
0 0.124740 0.756481 0.007812 0.016667
0 0.236979 0.033333 0.016667 0.020370
0 0.124479 0.561111 0.007292 0.016667
0 0.161198 0.172685 0.035937 0.019444
0 0.185938 0.173611 0.010417 0.017593
0 0.974479 0.172222 0.008333 0.016667
0 0.197396 0.173611 0.008333 0.019444
0 0.134896 0.172222 0.009375 0.020370
0 0.079427 0.145833 0.013021 0.025000
0 0.939323 0.008333 0.010937 0.016667
0 0.189583 0.212500 0.077083 0.019444
0 0.124740 0.172685 0.007812 0.017593
0 0.944531 0.976852 0.014063 0.027778
0 0.008073 0.033796 0.014063 0.023148
0 0.918750 0.976389 0.013542 0.026852
0 0.870573 0.338889 0.067187 0.016667
0 0.061458 0.145833 0.016667 0.025000
0 0.466146 0.979167 0.017708 0.036111
0 0.058594 0.584259 0.019271 0.022222
0 0.025521 0.222222 0.014583 0.024074
0 0.079948 0.194907 0.013021 0.023148
0 0.099219 0.221296 0.014063 0.022222
0 0.008333 0.194907 0.016667 0.025000
0 0.117188 0.585185 0.015625 0.020370
0 0.098698 0.609722 0.016146 0.023148
0 0.008333 0.273148 0.014583 0.024074
0 0.025521 0.584259 0.017708 0.024074
0 0.008594 0.635185 0.014063 0.024074
0 0.098698 0.636111 0.015104 0.024074
0 0.008333 0.298148 0.015625 0.027778
0 0.116927 0.221759 0.013021 0.023148
0 0.327083 0.978241 0.020833 0.025000
0 0.061719 0.583796 0.015104 0.021296
0 0.007812 0.610185 0.015625 0.022222
0 0.964844 0.172685 0.009896 0.017593
0 0.627083 0.980556 0.016667 0.027778
0 0.116667 0.636574 0.015625 0.025000
0 0.880990 0.199537 0.032813 0.028704
0 0.227083 0.146296 0.018750 0.024074
0 0.026042 0.726852 0.015625 0.020370
0 0.465885 0.977778 0.017188 0.025926
0 0.152083 0.145833 0.018750 0.025000
0 0.659375 0.088426 0.013542 0.021296
0 0.025521 0.352315 0.014583 0.026852
0 0.172135 0.146296 0.018229 0.025926
0 0.650260 0.981019 0.017188 0.028704
0 0.008073 0.700463 0.016146 0.026852
0 0.008073 0.351852 0.015104 0.024074
0 0.080469 0.221759 0.013021 0.023148
0 0.672917 0.981019 0.016667 0.028704
0 0.988802 0.145370 0.019271 0.022222
0 0.026042 0.700926 0.014583 0.025926
0 0.063021 0.726852 0.015625 0.020370
0 0.190365 0.146296 0.015104 0.025926
0 0.207552 0.146296 0.015104 0.024074
0 0.008073 0.663426 0.016146 0.028704
0 0.007812 0.325463 0.015625 0.023148
0 0.894531 0.034259 0.014063 0.022222
0 0.117188 0.701389 0.014583 0.023148
0 0.008333 0.727778 0.016667 0.020370
0 0.441667 0.064815 0.015625 0.024074
0 0.534896 0.977315 0.017708 0.025000
0 0.490104 0.977315 0.018750 0.023148
0 0.062500 0.221759 0.013542 0.023148
0 0.043750 0.584259 0.015625 0.022222
0 0.604167 0.979630 0.020833 0.031481
0 0.025781 0.662963 0.014063 0.029630
0 0.676562 0.087963 0.012500 0.022222
0 0.967448 0.145833 0.020313 0.023148
0 0.044271 0.352778 0.015625 0.025926
0 0.118229 0.326852 0.017708 0.024074
0 0.062500 0.662500 0.015625 0.028704
0 0.025781 0.299537 0.014063 0.025000
0 0.062500 0.299074 0.013542 0.024074
0 0.580729 0.979167 0.018750 0.030556
0 0.909896 0.034259 0.013542 0.025926
0 0.080990 0.700463 0.013021 0.023148
0 0.062240 0.325463 0.013021 0.025000
0 0.044010 0.610648 0.015104 0.023148
0 0.117188 0.248148 0.013542 0.025926
0 0.558594 0.978704 0.019271 0.027778
0 0.008594 0.221759 0.014063 0.025000
0 0.080469 0.325926 0.015104 0.025926
0 0.729948 0.088426 0.015104 0.023148
0 0.747396 0.088889 0.014583 0.022222
0 0.080729 0.247222 0.014583 0.024074
0 0.080469 0.610185 0.015104 0.022222
0 0.063281 0.700463 0.017188 0.025000
0 0.044010 0.662500 0.014063 0.028704
0 0.512760 0.977315 0.017188 0.025000
0 0.043750 0.247222 0.013542 0.024074
0 0.025521 0.636111 0.016667 0.024074
0 0.983073 0.081944 0.025521 0.065741
0 0.099219 0.701389 0.014063 0.023148
0 0.044010 0.700926 0.014063 0.025926
0 0.025521 0.325463 0.015625 0.023148
0 0.694792 0.088426 0.017708 0.023148
0 0.711979 0.088426 0.013542 0.023148
0 0.080729 0.299074 0.014583 0.024074
0 0.396615 0.976389 0.117188 0.034259
0 0.946094 0.146759 0.014063 0.023148
0 0.099479 0.300000 0.013542 0.024074
0 0.044271 0.298611 0.014583 0.025000
0 0.846875 0.199537 0.035417 0.028704
0 0.098437 0.247685 0.012500 0.025000
0 0.044010 0.636111 0.015104 0.025926
0 0.044010 0.325463 0.014063 0.023148
0 0.088542 0.082870 0.023958 0.060185
0 0.118490 0.300463 0.018229 0.025000
0 0.040625 0.083333 0.021875 0.061111
0 0.062500 0.610648 0.014583 0.021296
0 0.080469 0.635648 0.015104 0.025000
0 0.044531 0.726852 0.015104 0.020370
0 0.080469 0.727315 0.014063 0.023148
0 0.062500 0.272685 0.014583 0.025000
0 0.080469 0.272685 0.015104 0.025000
0 0.065104 0.083333 0.021875 0.059259
0 0.116927 0.274074 0.014063 0.022222
0 0.062240 0.636111 0.016146 0.025926
0 0.098698 0.273611 0.013021 0.025000
0 0.016406 0.081944 0.026562 0.062037
0 0.070573 0.830556 0.141146 0.027778
0 0.070573 0.804630 0.141146 0.027778
