0 0.061672 0.147185 0.019271 0.019444
0 0.561328 0.312963 0.088802 0.022222
0 0.562526 0.336574 0.087448 0.023148
0 0.983313 0.079731 0.026042 0.065741
0 0.046091 0.033000 0.019526 0.018519
0 0.919714 0.062824 0.036458 0.024074
0 0.962760 0.007468 0.009896 0.014935
0 0.624266 0.204468 0.017594 0.023398
0 0.975065 0.977065 0.037151 0.032352
0 0.945568 0.976000 0.012552 0.020185
0 0.850052 0.320833 0.040729 0.017593
0 0.932625 0.976046 0.010833 0.020093
0 0.919187 0.976000 0.012500 0.023889
0 0.914438 0.303398 0.169802 0.017722
0 0.914362 0.284843 0.169214 0.016944
0 0.836922 0.062069 0.016062 0.020880
0 0.821383 0.089074 0.012099 0.021259
0 0.572734 0.399074 0.106406 0.022222
0 0.821625 0.064606 0.011615 0.019528
0 0.806190 0.089935 0.015224 0.024222
0 0.805641 0.063981 0.015229 0.022741
0 0.788953 0.089259 0.015781 0.021630
0 0.789062 0.065162 0.014177 0.020639
0 0.110271 0.089519 0.016667 0.027778
0 0.731232 0.063657 0.034411 0.024537
0 0.772339 0.089384 0.015229 0.021880
0 0.772724 0.065958 0.013479 0.020269
0 0.213333 0.031944 0.020677 0.021815
0 0.186198 0.032898 0.025844 0.019907
0 0.161443 0.032306 0.015396 0.022204
0 0.140068 0.033074 0.019594 0.019907
0 0.509583 0.088889 0.151458 0.024074
0 0.118854 0.032208 0.017229 0.023546
0 0.096620 0.033273 0.022073 0.020306
0 0.070615 0.033560 0.023687 0.018972
0 0.590781 0.261574 0.105938 0.021296
0 0.988036 0.008856 0.013021 0.017713
0 0.978885 0.226537 0.037646 0.019444
0 0.354836 0.088694 0.145641 0.026870
0 0.043438 0.194037 0.012708 0.025926
0 0.099849 0.196556 0.019271 0.024074
0 0.910458 0.088750 0.017708 0.025926
0 0.191229 0.088259 0.137500 0.025926
0 0.167969 0.172685 0.048438 0.019444
0 0.608854 0.077546 0.034375 0.048611
0 0.027797 0.032389 0.015104 0.020370
0 0.914214 0.918093 0.171354 0.022870
0 0.939672 0.007468 0.010937 0.014935
0 0.573146 0.372722 0.102208 0.025000
0 0.064516 0.248111 0.016635 0.024074
0 0.070312 0.905093 0.140625 0.025000
0 0.027203 0.247306 0.016146 0.023148
0 0.954427 0.079028 0.022396 0.056204
0 0.914297 0.267843 0.169219 0.015648
0 0.590703 0.286111 0.106094 0.022222
0 0.111771 0.063426 0.021458 0.021296
0 0.009651 0.248370 0.015656 0.024074
0 0.355117 0.062264 0.144453 0.027120
0 0.571328 0.423611 0.103177 0.023148
0 0.191823 0.062796 0.136979 0.026852
0 0.272979 0.088278 0.019187 0.024074
0 0.517318 0.063565 0.135677 0.024722
0 0.027380 0.195833 0.016740 0.025000
0 0.932786 0.033796 0.021823 0.025000
0 0.070807 0.925787 0.141615 0.015093
0 0.272794 0.062769 0.019443 0.024074
0 0.585651 0.480093 0.125573 0.026852
0 0.914401 0.249222 0.169427 0.018148
0 0.583385 0.506019 0.130104 0.025000
0 0.584344 0.235907 0.130521 0.022778
0 0.584896 0.533333 0.128125 0.025926
0 0.585104 0.561574 0.128750 0.025000
0 0.568242 0.450000 0.105026 0.022222
0 0.684208 0.062593 0.058875 0.023704
0 0.558594 0.977778 0.019271 0.027778
0 0.880208 0.976852 0.014583 0.025926
0 0.994531 0.171296 0.009896 0.018519
0 0.396615 0.975926 0.117188 0.035185
0 0.659115 0.088426 0.014063 0.021296
0 0.676562 0.087963 0.013542 0.022222
0 0.080208 0.194907 0.012500 0.023148
0 0.025521 0.221759 0.015625 0.025000
0 0.116406 0.609722 0.015104 0.023148
0 0.227083 0.146296 0.018750 0.024074
0 0.117188 0.701389 0.014583 0.023148
0 0.008594 0.635648 0.014063 0.025000
0 0.026042 0.727315 0.015625 0.021296
0 0.964844 0.172222 0.009896 0.016667
0 0.007812 0.584722 0.015625 0.025000
0 0.063021 0.726852 0.015625 0.022222
0 0.116667 0.636574 0.014583 0.025000
0 0.098958 0.610185 0.015625 0.024074
0 0.008073 0.298148 0.016146 0.027778
0 0.152083 0.145833 0.018750 0.025000
0 0.098958 0.636574 0.014583 0.025000
0 0.117188 0.584722 0.015625 0.021296
0 0.008594 0.194907 0.017188 0.025000
0 0.327083 0.978241 0.020833 0.025000
0 0.008333 0.273148 0.014583 0.024074
0 0.026042 0.700926 0.014583 0.025926
0 0.207552 0.146296 0.015104 0.024074
0 0.190365 0.146296 0.015104 0.025926
0 0.099219 0.221296 0.014063 0.022222
0 0.988802 0.145370 0.019271 0.022222
0 0.008333 0.700463 0.016667 0.026852
0 0.627083 0.981019 0.016667 0.028704
0 0.650260 0.981481 0.017188 0.029630
0 0.061719 0.584259 0.015104 0.022222
0 0.008333 0.727778 0.016667 0.020370
0 0.062500 0.195370 0.013542 0.024074
0 0.172135 0.146296 0.018229 0.025926
0 0.062500 0.662500 0.015625 0.028704
0 0.465885 0.977315 0.017188 0.025000
0 0.007812 0.610185 0.015625 0.022222
0 0.008333 0.352315 0.014583 0.023148
0 0.881250 0.199537 0.032292 0.028704
0 0.025521 0.351852 0.014583 0.025926
0 0.116927 0.221759 0.013021 0.023148
0 0.025781 0.584259 0.017188 0.024074
0 0.044010 0.222685 0.013021 0.023148
0 0.672917 0.981481 0.016667 0.029630
0 0.967708 0.145370 0.019792 0.024074
0 0.894271 0.034722 0.014583 0.023148
0 0.080729 0.221296 0.012500 0.022222
0 0.534896 0.977315 0.017708 0.025000
0 0.008073 0.663889 0.016146 0.029630
0 0.007812 0.325463 0.015625 0.023148
0 0.044271 0.352778 0.015625 0.025926
0 0.917188 0.200000 0.036458 0.025926
0 0.025781 0.662963 0.014063 0.029630
0 0.117969 0.326389 0.017188 0.023148
0 0.062500 0.221759 0.013542 0.023148
0 0.729948 0.088426 0.016146 0.023148
0 0.025781 0.299537 0.014063 0.025000
0 0.080990 0.700463 0.013021 0.023148
0 0.026042 0.273148 0.015625 0.025926
0 0.098698 0.325463 0.013021 0.025000
0 0.044271 0.700926 0.014583 0.025926
0 0.858333 0.079167 0.026042 0.047222
0 0.044531 0.726852 0.015104 0.020370
0 0.043750 0.584259 0.015625 0.022222
0 0.044010 0.662500 0.014063 0.028704
0 0.946354 0.146759 0.013542 0.023148
0 0.099479 0.701389 0.014583 0.023148
0 0.490104 0.976389 0.018750 0.023148
0 0.747396 0.088889 0.014583 0.022222
0 0.603906 0.979630 0.020313 0.031481
0 0.062500 0.299074 0.013542 0.024074
0 0.580729 0.979167 0.018750 0.030556
0 0.044010 0.610648 0.015104 0.023148
0 0.628906 0.732407 0.042188 0.025926
0 0.441927 0.064815 0.015104 0.024074
0 0.008594 0.221759 0.014063 0.025000
0 0.063281 0.700463 0.017188 0.025000
0 0.694792 0.088426 0.017708 0.023148
0 0.909896 0.034259 0.013542 0.025926
0 0.080469 0.727315 0.014063 0.023148
0 0.080469 0.610185 0.015104 0.022222
0 0.712240 0.088426 0.015104 0.023148
0 0.062240 0.325463 0.013021 0.025000
0 0.080469 0.325926 0.015104 0.025926
0 0.512500 0.977315 0.017708 0.025000
0 0.025260 0.636111 0.017188 0.024074
0 0.043750 0.247685 0.013542 0.023148
0 0.080729 0.247222 0.013542 0.024074
0 0.117448 0.248148 0.014063 0.025926
0 0.883333 0.081481 0.025000 0.053704
0 0.582031 0.732870 0.041146 0.025000
0 0.025521 0.325463 0.015625 0.023148
0 0.846875 0.199537 0.035417 0.028704
0 0.044271 0.298611 0.014583 0.025000
0 0.062240 0.610648 0.015104 0.021296
0 0.080729 0.299074 0.014583 0.024074
0 0.044010 0.636111 0.015104 0.025926
0 0.044010 0.273148 0.015104 0.024074
0 0.973698 0.032870 0.051562 0.026852
0 0.099479 0.299537 0.013542 0.025000
0 0.040885 0.083796 0.022396 0.060185
0 0.044010 0.325463 0.014063 0.023148
0 0.080469 0.635648 0.015104 0.025000
0 0.098437 0.247685 0.012500 0.025000
0 0.118229 0.300463 0.017708 0.025000
0 0.062500 0.272685 0.014583 0.025000
0 0.062240 0.636111 0.016146 0.025926
0 0.080469 0.272685 0.015104 0.025000
0 0.088542 0.082407 0.023958 0.059259
0 0.116927 0.274074 0.014063 0.022222
0 0.065104 0.083333 0.022917 0.059259
0 0.595313 0.612037 0.109375 0.025926
0 0.016406 0.082407 0.026562 0.061111
0 0.098698 0.273611 0.013021 0.025000
0 0.070312 0.830556 0.140625 0.027778
0 0.070312 0.804630 0.140625 0.027778
0 0.595052 0.586574 0.109896 0.025000
0 0.080469 0.584722 0.015104 0.021296
0 0.846875 0.978241 0.014583 0.025000
0 0.116406 0.194444 0.010937 0.022222
0 0.819271 0.173611 0.011458 0.019444
0 0.643750 0.064815 0.019792 0.024074
0 0.863281 0.976852 0.016146 0.025926
0 0.098958 0.584722 0.016667 0.021296
0 0.134896 0.756944 0.007292 0.017593
0 0.025781 0.609722 0.018229 0.019444
0 0.105729 0.757407 0.010417 0.018519
0 0.115365 0.146296 0.016146 0.024074
0 0.115104 0.561111 0.009375 0.018519
0 0.133073 0.146296 0.015104 0.022222
0 0.080469 0.662037 0.014063 0.027778
0 0.984375 0.170833 0.009375 0.017593
0 0.646354 0.203704 0.011458 0.024074
0 0.637500 0.425000 0.018750 0.025926
0 0.115625 0.171759 0.010417 0.019444
0 0.641667 0.089815 0.014583 0.022222
0 0.097135 0.146296 0.017188 0.024074
0 0.115365 0.756481 0.006771 0.016667
0 0.974479 0.171759 0.008333 0.015741
0 0.069792 0.857870 0.139583 0.026852
0 0.236719 0.033333 0.018229 0.022222
0 0.025781 0.145370 0.050521 0.027778
0 0.124740 0.756481 0.007812 0.016667
0 0.928125 0.088426 0.017708 0.026852
0 0.124479 0.561111 0.007292 0.016667
0 0.134896 0.172222 0.009375 0.020370
0 0.135156 0.560648 0.007812 0.015741
0 0.899479 0.976852 0.021875 0.025926
0 0.124740 0.172685 0.007812 0.017593
0 0.197135 0.173611 0.007812 0.017593
0 0.008073 0.034259 0.014063 0.022222
0 0.594531 0.637500 0.107813 0.019444
0 0.870573 0.338889 0.067187 0.016667
0 0.079427 0.145833 0.014063 0.025000
0 0.189844 0.212500 0.076563 0.019444
0 0.042448 0.728241 0.018229 0.021296
