0 0.919182 0.062852 0.036458 0.025000
0 0.561979 0.312500 0.087500 0.023148
0 0.590922 0.285537 0.108260 0.022222
0 0.954427 0.080139 0.022396 0.058426
0 0.772638 0.065296 0.012964 0.023352
0 0.027708 0.196722 0.016875 0.025000
0 0.272969 0.064352 0.020938 0.025000
0 0.560599 0.337037 0.090260 0.022222
0 0.913958 0.268056 0.171042 0.021296
0 0.572065 0.399648 0.107047 0.022222
0 0.180255 0.862667 0.046406 0.081296
0 0.009740 0.248880 0.016094 0.024074
0 0.584531 0.479630 0.129896 0.025926
0 0.026568 0.246981 0.016146 0.024074
0 0.584193 0.236111 0.130573 0.025926
0 0.683924 0.063907 0.059547 0.023370
0 0.584375 0.506019 0.128125 0.025000
0 0.585104 0.533333 0.128750 0.025926
0 0.585026 0.561574 0.128906 0.025000
0 0.044458 0.195370 0.016500 0.025926
0 0.064474 0.248509 0.015625 0.024074
0 0.945112 0.975986 0.013995 0.027324
0 0.932305 0.976986 0.010370 0.027546
0 0.772878 0.089667 0.012599 0.020889
0 0.919995 0.976319 0.011500 0.027102
0 0.914536 0.302866 0.170208 0.017861
0 0.914698 0.285106 0.169667 0.015750
0 0.837284 0.063106 0.014766 0.018787
0 0.821146 0.088278 0.010906 0.020889
0 0.821875 0.066685 0.011031 0.021000
0 0.806117 0.088972 0.013745 0.020574
0 0.789122 0.065185 0.013016 0.021426
0 0.788638 0.089185 0.015432 0.021000
0 0.806357 0.065671 0.014224 0.023250
0 0.590130 0.261574 0.107240 0.021296
0 0.988260 0.008426 0.013542 0.016852
0 0.189323 0.064574 0.131979 0.023593
0 0.189885 0.087639 0.134396 0.025278
0 0.518312 0.064375 0.132750 0.022083
0 0.272760 0.089815 0.020521 0.024074
0 0.113552 0.063204 0.019271 0.021296
0 0.608854 0.073426 0.034375 0.056852
0 0.858984 0.079167 0.024740 0.047222
0 0.100547 0.196444 0.017656 0.024074
0 0.356065 0.063880 0.144016 0.024796
0 0.914349 0.250000 0.169323 0.014815
0 0.069974 0.925412 0.139948 0.013991
0 0.645979 0.203306 0.010937 0.022222
0 0.509141 0.088889 0.150573 0.024074
0 0.730859 0.064028 0.034635 0.023796
0 0.975797 0.977139 0.039031 0.030759
0 0.847318 0.319907 0.035573 0.017593
0 0.061104 0.144676 0.017375 0.021296
0 0.570208 0.424815 0.098750 0.018519
0 0.069818 0.033185 0.025052 0.021296
0 0.097865 0.033185 0.022500 0.020370
0 0.120474 0.032880 0.017562 0.020222
0 0.140615 0.033921 0.020073 0.022898
0 0.622690 0.202880 0.012255 0.022389
0 0.162706 0.034667 0.017047 0.022000
0 0.070260 0.858333 0.140521 0.025926
0 0.187721 0.034519 0.027266 0.019926
0 0.191667 0.213889 0.075000 0.016667
0 0.914323 0.918981 0.171354 0.015741
0 0.213810 0.032287 0.021932 0.023204
0 0.571289 0.373185 0.101641 0.024074
0 0.046250 0.034352 0.015104 0.020370
0 0.644010 0.062500 0.019271 0.023148
0 0.569195 0.450222 0.100057 0.022222
0 0.167891 0.172685 0.048281 0.019444
0 0.932708 0.033796 0.021667 0.025000
0 0.928159 0.089708 0.015870 0.024287
0 0.355930 0.088056 0.144807 0.026111
0 0.910979 0.087588 0.017271 0.022417
0 0.963646 0.008032 0.009896 0.016065
0 0.027682 0.034630 0.015573 0.018519
0 0.007812 0.610185 0.015625 0.022222
0 0.042448 0.728241 0.018229 0.021296
0 0.939323 0.008333 0.010937 0.016667
0 0.870573 0.338889 0.067187 0.016667
0 0.079427 0.145833 0.014063 0.025000
0 0.008073 0.034259 0.014063 0.022222
0 0.197396 0.173611 0.007292 0.017593
0 0.595052 0.637037 0.108854 0.020370
0 0.899479 0.976389 0.021875 0.026852
0 0.124740 0.172685 0.007812 0.017593
0 0.134896 0.172222 0.009375 0.020370
0 0.135156 0.560648 0.007812 0.015741
0 0.124479 0.561111 0.007292 0.016667
0 0.236719 0.033333 0.018229 0.022222
0 0.124740 0.756481 0.007812 0.016667
0 0.025781 0.145370 0.050521 0.027778
0 0.974479 0.172222 0.008333 0.016667
0 0.115365 0.756481 0.006771 0.016667
0 0.641667 0.089815 0.014583 0.022222
0 0.097135 0.145833 0.017188 0.025000
0 0.115625 0.172222 0.010417 0.020370
0 0.637760 0.425000 0.018229 0.025926
0 0.070312 0.905093 0.140625 0.026852
0 0.984375 0.170833 0.009375 0.017593
0 0.080469 0.662037 0.014063 0.027778
0 0.133073 0.146296 0.015104 0.022222
0 0.025781 0.609259 0.018229 0.020370
0 0.105729 0.757407 0.010417 0.018519
0 0.115104 0.561111 0.009375 0.018519
0 0.134896 0.756944 0.007292 0.017593
0 0.115365 0.146296 0.016146 0.024074
0 0.819271 0.173611 0.011458 0.019444
0 0.863281 0.977315 0.016146 0.026852
0 0.098958 0.585185 0.016667 0.022222
0 0.116406 0.194907 0.010937 0.023148
0 0.846615 0.977778 0.015104 0.025926
0 0.080208 0.584722 0.015625 0.021296
0 0.659115 0.088426 0.014063 0.021296
0 0.062500 0.195370 0.013542 0.024074
0 0.676562 0.087963 0.013542 0.022222
0 0.994531 0.171296 0.009896 0.018519
0 0.880208 0.977315 0.014583 0.026852
0 0.227083 0.146296 0.018750 0.024074
0 0.080208 0.194907 0.012500 0.023148
0 0.025521 0.221759 0.015625 0.025000
0 0.116406 0.609722 0.015104 0.023148
0 0.117188 0.701389 0.014583 0.023148
0 0.026042 0.727315 0.015625 0.021296
0 0.964844 0.172685 0.009896 0.017593
0 0.007812 0.584722 0.015625 0.025000
0 0.008594 0.635648 0.014063 0.025000
0 0.062760 0.726852 0.016146 0.022222
0 0.207552 0.145833 0.015104 0.025000
0 0.026302 0.700926 0.015104 0.027778
0 0.152083 0.145833 0.018750 0.025000
0 0.008073 0.298148 0.016146 0.027778
0 0.008333 0.194907 0.016667 0.025000
0 0.098958 0.636111 0.014583 0.025926
0 0.099219 0.221296 0.014063 0.022222
0 0.098958 0.609722 0.015625 0.025000
0 0.116667 0.636574 0.015625 0.025000
0 0.008073 0.273148 0.015104 0.024074
0 0.327083 0.978241 0.020833 0.025000
0 0.062500 0.662500 0.015625 0.028704
0 0.190365 0.146296 0.015104 0.025926
0 0.650260 0.981481 0.017188 0.029630
0 0.008333 0.700463 0.016667 0.026852
0 0.172135 0.146296 0.018229 0.025926
0 0.117188 0.584722 0.015625 0.021296
0 0.008333 0.727778 0.016667 0.020370
0 0.988802 0.145370 0.019271 0.022222
0 0.881250 0.199537 0.032292 0.028704
0 0.627344 0.981019 0.017188 0.028704
0 0.061719 0.584259 0.015104 0.022222
0 0.110937 0.089815 0.016667 0.027778
0 0.116927 0.221759 0.013021 0.023148
0 0.008333 0.352315 0.014583 0.023148
0 0.396615 0.975926 0.117188 0.035185
0 0.025260 0.351852 0.015104 0.025926
0 0.025521 0.584259 0.017708 0.024074
0 0.044010 0.222685 0.013021 0.023148
0 0.672917 0.981481 0.016667 0.029630
0 0.466146 0.978241 0.017708 0.025000
0 0.967448 0.145370 0.020313 0.024074
0 0.894271 0.034722 0.014583 0.023148
0 0.080469 0.221296 0.013021 0.022222
0 0.917448 0.200000 0.036979 0.025926
0 0.008073 0.663426 0.016146 0.030556
0 0.044271 0.352778 0.015625 0.025926
0 0.062500 0.221759 0.013542 0.023148
0 0.007812 0.325000 0.015625 0.024074
0 0.044271 0.727315 0.015625 0.021296
0 0.535156 0.977315 0.018229 0.025000
0 0.098698 0.325463 0.013021 0.025000
0 0.026042 0.273148 0.015625 0.025926
0 0.118229 0.326389 0.017708 0.023148
0 0.080729 0.700926 0.013542 0.024074
0 0.025781 0.662963 0.014063 0.029630
0 0.044010 0.700926 0.015104 0.025926
0 0.025781 0.299537 0.014063 0.025000
0 0.099219 0.701389 0.015104 0.023148
0 0.729948 0.088426 0.016146 0.023148
0 0.044010 0.662500 0.014063 0.028704
0 0.043750 0.584259 0.015625 0.022222
0 0.080469 0.727315 0.014063 0.023148
0 0.747396 0.088889 0.014583 0.022222
0 0.062500 0.299074 0.013542 0.024074
0 0.044010 0.610648 0.015104 0.023148
0 0.441667 0.064352 0.015625 0.023148
0 0.694792 0.088426 0.017708 0.023148
0 0.063281 0.700463 0.017188 0.025000
0 0.946354 0.146759 0.013542 0.023148
0 0.489844 0.976852 0.018229 0.024074
0 0.558594 0.977778 0.019271 0.027778
0 0.008594 0.221759 0.014063 0.025000
0 0.062240 0.325463 0.013021 0.025000
0 0.080469 0.610185 0.015104 0.022222
0 0.712240 0.088426 0.015104 0.023148
0 0.080729 0.247222 0.014583 0.024074
0 0.080469 0.325926 0.015104 0.025926
0 0.909896 0.034259 0.013542 0.025926
0 0.603906 0.979630 0.020313 0.031481
0 0.117448 0.248148 0.014063 0.025926
0 0.580729 0.979167 0.018750 0.030556
0 0.044010 0.247685 0.014063 0.023148
0 0.025260 0.636111 0.017188 0.024074
0 0.883594 0.081481 0.024479 0.053704
0 0.982812 0.081944 0.026042 0.065741
0 0.582031 0.732870 0.041146 0.025000
0 0.025521 0.325463 0.015625 0.023148
0 0.512500 0.977315 0.017708 0.025000
0 0.973437 0.033333 0.051042 0.027778
0 0.628906 0.732407 0.042188 0.025926
0 0.846615 0.199537 0.035937 0.028704
0 0.062240 0.610648 0.015104 0.021296
0 0.044010 0.636111 0.015104 0.025926
0 0.044271 0.298611 0.014583 0.025000
0 0.080729 0.299074 0.014583 0.024074
0 0.044010 0.273148 0.015104 0.024074
0 0.099479 0.299537 0.013542 0.025000
0 0.044010 0.325463 0.014063 0.023148
0 0.080469 0.635648 0.015104 0.025000
0 0.040885 0.083796 0.022396 0.060185
0 0.098437 0.247685 0.012500 0.025000
0 0.118229 0.300463 0.017708 0.025000
0 0.062500 0.272685 0.014583 0.025000
0 0.062240 0.636111 0.016146 0.025926
0 0.080469 0.272685 0.015104 0.025000
0 0.088542 0.082870 0.023958 0.060185
0 0.116927 0.274074 0.014063 0.022222
0 0.065104 0.083333 0.022917 0.059259
0 0.098698 0.273611 0.013021 0.025000
0 0.016406 0.082407 0.026562 0.061111
0 0.595313 0.612037 0.109375 0.025926
0 0.070312 0.830556 0.140625 0.027778
0 0.070573 0.804630 0.141146 0.027778
0 0.594792 0.586574 0.109375 0.025000
