0 0.007812 0.297685 0.015625 0.026852
0 0.190365 0.146296 0.014063 0.024074
0 0.110937 0.089815 0.016667 0.025926
0 0.116406 0.610185 0.015104 0.022222
0 0.026302 0.726852 0.015104 0.020370
0 0.946094 0.146759 0.013021 0.021296
0 0.117188 0.585185 0.015625 0.020370
0 0.098958 0.610185 0.015625 0.024074
0 0.909896 0.034259 0.013542 0.024074
0 0.116667 0.636574 0.014583 0.023148
0 0.226823 0.146759 0.017188 0.023148
0 0.152083 0.146296 0.018750 0.024074
0 0.988802 0.145370 0.019271 0.022222
0 0.098958 0.636111 0.014583 0.024074
0 0.008594 0.635648 0.014063 0.023148
0 0.701562 0.728241 0.041667 0.025000
0 0.964583 0.172685 0.009375 0.015741
0 0.659115 0.088889 0.013021 0.020370
0 0.008073 0.584722 0.016146 0.025000
0 0.008333 0.194907 0.016667 0.025000
0 0.070312 0.905093 0.140625 0.026852
0 0.881510 0.199537 0.032813 0.028704
0 0.025521 0.222222 0.014583 0.024074
0 0.062240 0.195370 0.013021 0.024074
0 0.870052 0.441204 0.013021 0.025000
0 0.115104 0.561574 0.009375 0.017593
0 0.116667 0.195370 0.010417 0.022222
0 0.880208 0.978704 0.013542 0.022222
0 0.819531 0.173611 0.010937 0.019444
0 0.641927 0.088889 0.015104 0.024074
0 0.080208 0.584722 0.015625 0.021296
0 0.134896 0.756944 0.007292 0.015741
0 0.115104 0.146759 0.015625 0.023148
0 0.994792 0.171759 0.009375 0.017593
0 0.098958 0.584722 0.016667 0.021296
0 0.846875 0.977778 0.013542 0.022222
0 0.863021 0.977778 0.014583 0.022222
0 0.132812 0.146296 0.014583 0.020370
0 0.963021 0.010185 0.009375 0.020370
0 0.025781 0.609722 0.017188 0.019444
0 0.105729 0.756481 0.009375 0.016667
0 0.115625 0.172222 0.010417 0.018519
0 0.097135 0.145833 0.017188 0.023148
0 0.080469 0.662500 0.014063 0.026852
0 0.984115 0.171296 0.008854 0.016667
0 0.844792 0.472685 0.035417 0.028704
0 0.974479 0.172222 0.008333 0.014815
0 0.507292 0.476852 0.041667 0.024074
0 0.025781 0.145370 0.050521 0.027778
0 0.124479 0.561111 0.007292 0.016667
0 0.135156 0.560185 0.007812 0.014815
0 0.534115 0.506481 0.125521 0.027778
0 0.069792 0.857870 0.139583 0.026852
0 0.197396 0.174074 0.007292 0.016667
0 0.125000 0.756481 0.007292 0.014815
0 0.199219 0.212500 0.099479 0.019444
0 0.124740 0.173148 0.007812 0.016667
0 0.079687 0.145833 0.013542 0.023148
0 0.134896 0.172222 0.009375 0.018519
0 0.115885 0.756944 0.007812 0.015741
0 0.939323 0.007870 0.010937 0.015741
0 0.008333 0.033333 0.014583 0.020370
0 0.847135 0.440741 0.018229 0.027778
0 0.608594 0.075000 0.034896 0.055556
0 0.899479 0.978241 0.020833 0.023148
0 0.237240 0.033796 0.016146 0.017593
0 0.473698 0.478241 0.023438 0.015741
0 0.042448 0.728704 0.018229 0.020370
0 0.834375 0.506019 0.055208 0.026852
0 0.044531 0.726852 0.015104 0.020370
0 0.098698 0.273611 0.013021 0.025000
0 0.016406 0.082407 0.026562 0.061111
0 0.396875 0.976389 0.116667 0.034259
0 0.070312 0.830556 0.140625 0.027778
0 0.070573 0.804630 0.141146 0.027778
0 0.065104 0.083333 0.022917 0.059259
0 0.512500 0.976852 0.016667 0.024074
0 0.062500 0.636111 0.015625 0.025926
0 0.973698 0.033333 0.051562 0.025926
0 0.116667 0.274074 0.013542 0.022222
0 0.099219 0.701389 0.014063 0.023148
0 0.080469 0.272685 0.015104 0.025000
0 0.118229 0.300463 0.016667 0.025000
0 0.492188 0.728241 0.041667 0.025000
0 0.080469 0.635648 0.015104 0.025000
0 0.098437 0.247685 0.012500 0.023148
0 0.099479 0.300000 0.013542 0.024074
0 0.080729 0.299074 0.014583 0.024074
0 0.080469 0.326389 0.015104 0.025000
0 0.062500 0.272222 0.014583 0.024074
0 0.044271 0.325463 0.013542 0.023148
0 0.088542 0.082407 0.023958 0.059259
0 0.062240 0.610648 0.015104 0.021296
0 0.040625 0.083796 0.021875 0.060185
0 0.062240 0.325926 0.013021 0.024074
0 0.044010 0.636574 0.015104 0.025000
0 0.586198 0.727778 0.042188 0.025926
0 0.044010 0.273148 0.015104 0.024074
0 0.846875 0.199074 0.035417 0.027778
0 0.044271 0.298611 0.014583 0.025000
0 0.025521 0.325000 0.015625 0.022222
0 0.080469 0.726852 0.014063 0.022222
0 0.117708 0.325926 0.017708 0.024074
0 0.694792 0.088426 0.017708 0.023148
0 0.098698 0.325463 0.013021 0.025000
0 0.490104 0.977315 0.017708 0.023148
0 0.025521 0.636111 0.016667 0.024074
0 0.044271 0.352778 0.015625 0.025926
0 0.712240 0.088889 0.013021 0.022222
0 0.117188 0.247685 0.013542 0.025000
0 0.983073 0.081019 0.025521 0.062037
0 0.043750 0.247222 0.013542 0.022222
0 0.558594 0.977778 0.018229 0.025926
0 0.117188 0.701389 0.013542 0.021296
0 0.747396 0.088889 0.013542 0.020370
0 0.080469 0.610185 0.015104 0.022222
0 0.044010 0.700926 0.014063 0.024074
0 0.883333 0.080556 0.023958 0.051852
0 0.080990 0.247222 0.014063 0.024074
0 0.063281 0.700926 0.017188 0.024074
0 0.580729 0.978241 0.017708 0.028704
0 0.062500 0.299074 0.013542 0.024074
0 0.026042 0.272685 0.015625 0.025000
0 0.008594 0.221759 0.014063 0.025000
0 0.539062 0.727778 0.041667 0.025926
0 0.043750 0.584259 0.015625 0.022222
0 0.731510 0.062963 0.035937 0.025926
0 0.988021 0.010648 0.012500 0.021296
0 0.535156 0.977315 0.017188 0.025000
0 0.007812 0.325463 0.015625 0.023148
0 0.080990 0.700463 0.013021 0.023148
0 0.603906 0.979630 0.020313 0.031481
0 0.466146 0.978241 0.016667 0.025000
0 0.730208 0.088889 0.014583 0.022222
0 0.044010 0.662500 0.014063 0.028704
0 0.044010 0.610648 0.015104 0.023148
0 0.917448 0.200000 0.035937 0.024074
0 0.025781 0.299537 0.014063 0.025000
0 0.062500 0.221759 0.013542 0.021296
0 0.755208 0.728241 0.056250 0.025000
0 0.632552 0.728241 0.042188 0.025000
0 0.026042 0.662500 0.013542 0.028704
0 0.676823 0.087500 0.010937 0.021296
0 0.080729 0.221296 0.012500 0.022222
0 0.025781 0.352315 0.014063 0.025000
0 0.063281 0.727315 0.015104 0.019444
0 0.837500 0.728241 0.047917 0.025000
0 0.806250 0.826852 0.041667 0.024074
0 0.008073 0.663426 0.016146 0.028704
0 0.650781 0.981481 0.017188 0.029630
0 0.025781 0.584259 0.017188 0.024074
0 0.008073 0.728241 0.016146 0.019444
0 0.627083 0.980556 0.015625 0.027778
0 0.008073 0.352315 0.014063 0.023148
0 0.008073 0.700926 0.016146 0.025926
0 0.207552 0.146296 0.014063 0.022222
0 0.044010 0.222222 0.013021 0.022222
0 0.953906 0.083333 0.021354 0.062963
0 0.967708 0.146296 0.019792 0.022222
0 0.062500 0.662500 0.015625 0.028704
0 0.441667 0.064352 0.015625 0.023148
0 0.007812 0.610185 0.015625 0.020370
0 0.672917 0.981481 0.016667 0.029630
0 0.061719 0.583796 0.015104 0.021296
0 0.894531 0.034259 0.014063 0.022222
0 0.079948 0.195370 0.011979 0.022222
0 0.172135 0.146296 0.018229 0.025926
0 0.116667 0.221759 0.012500 0.021296
0 0.008333 0.272685 0.014583 0.023148
0 0.026042 0.700926 0.013542 0.025926
0 0.852865 0.826852 0.042188 0.024074
0 0.099219 0.221296 0.014063 0.022222
0 0.327083 0.978704 0.019792 0.024074
0 0.027958 0.247685 0.016146 0.023148
0 0.043307 0.195880 0.014740 0.025926
0 0.273177 0.090741 0.021354 0.025926
0 0.538833 0.476870 0.018167 0.023148
0 0.684437 0.062963 0.060937 0.025926
0 0.932109 0.034259 0.019427 0.024074
0 0.071227 0.925444 0.140182 0.014278
0 0.975289 0.976116 0.035859 0.030657
0 0.944737 0.976338 0.013245 0.024880
0 0.931680 0.975116 0.010870 0.022880
0 0.918932 0.976671 0.011375 0.022880
0 0.674938 0.474301 0.032073 0.018435
0 0.638651 0.476222 0.035531 0.016889
0 0.603604 0.476412 0.028729 0.016509
0 0.569693 0.477088 0.034990 0.019009
0 0.927971 0.088037 0.017068 0.023815
0 0.910474 0.086884 0.016417 0.021509
0 0.919547 0.062884 0.035635 0.025731
0 0.837055 0.062296 0.015307 0.021574
0 0.821159 0.087213 0.012276 0.019704
0 0.821227 0.064347 0.009203 0.020083
0 0.805469 0.089264 0.014083 0.020824
0 0.806273 0.064347 0.014016 0.022806
0 0.789156 0.089630 0.015479 0.022556
0 0.789156 0.065708 0.014083 0.020824
0 0.773049 0.090685 0.014505 0.021944
0 0.772492 0.065463 0.013109 0.020333
0 0.215799 0.034486 0.023807 0.020991
0 0.186766 0.033625 0.027292 0.022028
0 0.161893 0.032935 0.015099 0.018574
0 0.139732 0.032190 0.016849 0.018991
0 0.119753 0.031819 0.014901 0.017083
0 0.097505 0.032875 0.021812 0.018824
0 0.070180 0.033065 0.023328 0.019204
0 0.112427 0.063667 0.019271 0.020370
0 0.915052 0.918056 0.169896 0.023148
0 0.273359 0.064815 0.021719 0.024074
0 0.189818 0.088333 0.133594 0.026667
0 0.356146 0.088407 0.143958 0.025037
0 0.510339 0.088889 0.152969 0.024074
0 0.518102 0.064028 0.133068 0.023796
0 0.099714 0.197269 0.018750 0.024074
0 0.190255 0.064583 0.131885 0.022685
0 0.859036 0.079167 0.024635 0.047222
0 0.062214 0.146306 0.018177 0.020370
0 0.027005 0.032000 0.015104 0.020370
0 0.167969 0.173148 0.048438 0.018519
0 0.748672 0.506481 0.112031 0.025926
0 0.355698 0.062366 0.143917 0.023620
0 0.065010 0.249259 0.015104 0.023148
0 0.805245 0.473630 0.026448 0.025000
0 0.667448 0.694907 0.385937 0.019444
0 0.518177 0.569444 0.089479 0.014815
0 0.046057 0.032194 0.016812 0.018519
0 0.181547 0.861926 0.043177 0.077222
0 0.512995 0.584722 0.077031 0.015741
0 0.027708 0.195833 0.016875 0.025000
0 0.009141 0.247685 0.016198 0.025000
0 0.643536 0.063583 0.019792 0.023148
0 0.517057 0.600463 0.085156 0.015741
0 0.516536 0.553241 0.087240 0.019444
