0 0.518266 0.064046 0.133125 0.021667
0 0.189062 0.087500 0.134792 0.025000
0 0.063414 0.249315 0.018495 0.024074
0 0.858464 0.081481 0.024740 0.050000
0 0.925000 0.285185 0.150000 0.016667
0 0.954167 0.078287 0.021875 0.054722
0 0.100198 0.198389 0.018750 0.025000
0 0.509687 0.088426 0.151667 0.025000
0 0.112031 0.063426 0.020937 0.021296
0 0.273438 0.090741 0.021875 0.025926
0 0.118297 0.221065 0.013021 0.023148
0 0.642990 0.060759 0.019792 0.023148
0 0.044927 0.195954 0.014833 0.025000
0 0.117385 0.196648 0.010937 0.023148
0 0.964266 0.171815 0.011458 0.016667
0 0.181703 0.861264 0.044844 0.081417
0 0.925260 0.303241 0.149479 0.015741
0 0.027594 0.195722 0.018333 0.025926
0 0.045948 0.032944 0.015500 0.018519
0 0.356227 0.088491 0.145776 0.026167
0 0.069961 0.905556 0.139922 0.027778
0 0.061159 0.147199 0.015703 0.023472
0 0.963990 0.009171 0.013542 0.018343
0 0.166328 0.172222 0.045156 0.020370
0 0.865461 0.496042 0.070224 0.015694
0 0.914125 0.337500 0.171354 0.018519
0 0.928823 0.090139 0.017188 0.027870
0 0.910333 0.089324 0.017708 0.028704
0 0.069698 0.924750 0.136229 0.014389
0 0.345807 0.144907 0.141719 0.025000
0 0.912917 0.918519 0.174167 0.024074
0 0.925260 0.319444 0.149479 0.014815
0 0.028120 0.033870 0.015104 0.020370
0 0.973698 0.033796 0.049479 0.025000
0 0.025443 0.273148 0.014427 0.025926
0 0.189818 0.145778 0.014844 0.027778
0 0.915177 0.249009 0.169646 0.015889
0 0.837862 0.061815 0.016099 0.018204
0 0.933411 0.033796 0.022031 0.025000
0 0.821469 0.087491 0.014542 0.021130
0 0.788523 0.089176 0.015932 0.023611
0 0.806482 0.062986 0.014922 0.026083
0 0.806102 0.089625 0.014672 0.023602
0 0.822167 0.063773 0.013406 0.021361
0 0.071927 0.805556 0.140729 0.022222
0 0.789977 0.062421 0.013026 0.023157
0 0.772143 0.090412 0.014797 0.024731
0 0.772083 0.064106 0.014167 0.021583
0 0.213643 0.033546 0.020995 0.019870
0 0.186721 0.032190 0.026411 0.018361
0 0.162823 0.034250 0.014667 0.019500
0 0.142172 0.033727 0.019198 0.022639
0 0.096331 0.031287 0.019984 0.019852
0 0.069984 0.033380 0.022917 0.021241
0 0.975177 0.976634 0.039802 0.031472
0 0.943938 0.975593 0.011563 0.020037
0 0.931492 0.977935 0.010109 0.023667
0 0.915052 0.461352 0.169896 0.018519
0 0.915375 0.425917 0.169250 0.018519
0 0.915474 0.408852 0.169052 0.018519
0 0.914594 0.392130 0.170813 0.018519
0 0.914276 0.374019 0.171354 0.018519
0 0.914276 0.356259 0.171354 0.018519
0 0.914823 0.267546 0.169844 0.015889
0 0.355833 0.063704 0.142500 0.026296
0 0.683388 0.062704 0.059266 0.023741
0 0.273047 0.064352 0.022135 0.025000
0 0.189135 0.064884 0.133917 0.023287
0 0.044141 0.247222 0.013542 0.024074
0 0.009979 0.247574 0.017042 0.024074
0 0.027938 0.247454 0.015625 0.024074
0 0.008073 0.663889 0.016146 0.029630
0 0.070573 0.830556 0.141146 0.027778
0 0.016406 0.081944 0.026562 0.062037
0 0.098698 0.273611 0.013021 0.025000
0 0.065104 0.083333 0.021875 0.059259
0 0.116927 0.273611 0.014063 0.023148
0 0.062240 0.636111 0.016146 0.025926
0 0.088542 0.082870 0.023958 0.060185
0 0.080469 0.272685 0.015104 0.025000
0 0.080469 0.636111 0.015104 0.025926
0 0.062500 0.272685 0.014583 0.025000
0 0.062500 0.610648 0.014583 0.021296
0 0.040625 0.083333 0.021875 0.061111
0 0.080469 0.727315 0.014063 0.023148
0 0.044010 0.325463 0.014063 0.025000
0 0.396875 0.976389 0.117708 0.034259
0 0.044010 0.636111 0.015104 0.025926
0 0.118490 0.300463 0.018229 0.025000
0 0.044271 0.298611 0.014583 0.025000
0 0.837760 0.287963 0.017188 0.020370
0 0.099479 0.299537 0.013542 0.025000
0 0.044010 0.272685 0.015104 0.025000
0 0.098437 0.247685 0.012500 0.025000
0 0.080729 0.299074 0.014583 0.024074
0 0.044010 0.662500 0.014063 0.028704
0 0.025521 0.325463 0.015625 0.023148
0 0.025521 0.636111 0.016667 0.024074
0 0.512760 0.977315 0.017188 0.025000
0 0.044531 0.727315 0.015104 0.021296
0 0.983073 0.081481 0.025521 0.062963
0 0.080469 0.610185 0.015104 0.022222
0 0.008594 0.221759 0.014063 0.025000
0 0.044271 0.700926 0.014583 0.025926
0 0.883333 0.081944 0.023958 0.054630
0 0.711979 0.088426 0.013542 0.023148
0 0.099219 0.701389 0.014063 0.023148
0 0.424479 0.146759 0.013542 0.021296
0 0.063281 0.700463 0.017188 0.025000
0 0.558594 0.978704 0.019271 0.027778
0 0.044010 0.610648 0.015104 0.023148
0 0.080469 0.325926 0.015104 0.025926
0 0.062500 0.662500 0.015625 0.028704
0 0.025781 0.662963 0.014063 0.029630
0 0.080990 0.700463 0.013021 0.023148
0 0.080729 0.247222 0.014583 0.024074
0 0.729948 0.088426 0.015104 0.023148
0 0.694792 0.088426 0.017708 0.023148
0 0.747396 0.088889 0.014583 0.022222
0 0.117448 0.248148 0.014063 0.025926
0 0.441667 0.064815 0.015625 0.024074
0 0.025781 0.299537 0.014063 0.025000
0 0.580729 0.979167 0.018750 0.030556
0 0.062240 0.325463 0.013021 0.025000
0 0.062500 0.299074 0.013542 0.024074
0 0.604167 0.979630 0.020833 0.031481
0 0.489844 0.976852 0.018229 0.024074
0 0.988021 0.010648 0.014583 0.021296
0 0.118229 0.326852 0.017708 0.024074
0 0.043750 0.584259 0.015625 0.022222
0 0.672917 0.981019 0.016667 0.028704
0 0.846875 0.199537 0.035417 0.028704
0 0.534896 0.977778 0.017708 0.025926
0 0.650260 0.981019 0.017188 0.028704
0 0.007812 0.325000 0.015625 0.024074
0 0.062500 0.221759 0.013542 0.023148
0 0.063281 0.727315 0.016146 0.021296
0 0.008333 0.727778 0.016667 0.020370
0 0.044271 0.353241 0.015625 0.026852
0 0.098698 0.325926 0.013021 0.025926
0 0.946354 0.146759 0.013542 0.023148
0 0.909896 0.034259 0.013542 0.025926
0 0.676562 0.087963 0.012500 0.022222
0 0.117188 0.701389 0.014583 0.023148
0 0.026042 0.700463 0.014583 0.026852
0 0.007812 0.352315 0.014583 0.023148
0 0.327083 0.978241 0.020833 0.025000
0 0.894271 0.034259 0.013542 0.022222
0 0.008073 0.700463 0.016146 0.026852
0 0.080469 0.221759 0.013021 0.023148
0 0.967708 0.145833 0.019792 0.023148
0 0.025521 0.352315 0.014583 0.026852
0 0.008594 0.635648 0.014063 0.025000
0 0.044010 0.222685 0.013021 0.023148
0 0.627083 0.980556 0.016667 0.027778
0 0.466146 0.978241 0.017708 0.026852
0 0.146615 0.193519 0.011979 0.022222
0 0.658854 0.088426 0.013542 0.021296
0 0.025521 0.584259 0.017708 0.024074
0 0.917448 0.200463 0.035937 0.025000
0 0.007812 0.610185 0.015625 0.022222
0 0.116667 0.636574 0.015625 0.025000
0 0.026042 0.727315 0.015625 0.021296
0 0.061719 0.584259 0.015104 0.022222
0 0.007552 0.194907 0.015104 0.025000
0 0.099219 0.145833 0.018229 0.026852
0 0.008333 0.298148 0.015625 0.027778
0 0.098958 0.636574 0.015625 0.025000
0 0.008333 0.273148 0.014583 0.024074
0 0.111198 0.090278 0.016146 0.028704
0 0.079948 0.194907 0.011979 0.023148
0 0.007812 0.584722 0.015625 0.025000
0 0.098958 0.609722 0.016667 0.023148
0 0.117448 0.145370 0.014063 0.025926
0 0.207813 0.145833 0.016667 0.028704
0 0.988802 0.145833 0.019271 0.023148
0 0.117448 0.585185 0.015104 0.022222
0 0.099219 0.221296 0.014063 0.022222
0 0.025260 0.222222 0.015104 0.024074
0 0.918490 0.063426 0.036979 0.025000
0 0.837760 0.312037 0.017188 0.027778
0 0.641927 0.089815 0.015104 0.024074
0 0.263021 0.146296 0.014583 0.024074
0 0.153125 0.146296 0.018750 0.025926
0 0.879948 0.977315 0.014063 0.026852
0 0.731510 0.062963 0.035937 0.025926
0 0.243229 0.146296 0.015625 0.025926
0 0.099479 0.584722 0.017708 0.023148
0 0.116667 0.610185 0.014583 0.022222
0 0.062500 0.195370 0.013542 0.024074
0 0.225260 0.146296 0.013021 0.027778
0 0.171615 0.146759 0.016146 0.026852
0 0.994792 0.172222 0.009375 0.016667
0 0.863542 0.977315 0.014583 0.028704
0 0.881250 0.199537 0.032292 0.028704
0 0.846615 0.978241 0.014063 0.026852
0 0.080208 0.584722 0.015625 0.021296
0 0.135156 0.145370 0.015104 0.025926
0 0.134896 0.756944 0.007292 0.017593
0 0.080469 0.662037 0.014063 0.027778
0 0.105729 0.757407 0.010417 0.018519
0 0.115365 0.561111 0.008854 0.018519
0 0.608854 0.077315 0.035417 0.054630
0 0.818750 0.174074 0.013542 0.022222
0 0.115104 0.756481 0.006250 0.016667
0 0.025781 0.609259 0.017188 0.020370
0 0.025781 0.145370 0.050521 0.027778
0 0.984375 0.171296 0.009375 0.016667
0 0.116146 0.171759 0.009375 0.019444
0 0.070573 0.858333 0.141146 0.027778
0 0.124740 0.756481 0.007812 0.016667
0 0.197135 0.173148 0.007812 0.018519
0 0.236979 0.033333 0.016667 0.022222
0 0.135156 0.560185 0.007812 0.016667
0 0.124479 0.561111 0.007292 0.016667
0 0.134635 0.172222 0.009896 0.020370
0 0.973958 0.172222 0.008333 0.014815
0 0.189062 0.212500 0.078125 0.019444
0 0.079687 0.146296 0.014583 0.024074
0 0.124740 0.172685 0.007812 0.017593
0 0.939323 0.008333 0.010937 0.016667
0 0.008073 0.033796 0.014063 0.023148
0 0.899479 0.977315 0.020833 0.025000
0 0.919010 0.977315 0.013021 0.025000
0 0.119531 0.033333 0.017188 0.022222
