0 0.070312 0.804630 0.140625 0.027778
0 0.070573 0.830556 0.141146 0.027778
0 0.016406 0.081944 0.026562 0.062037
0 0.098698 0.273611 0.013021 0.025000
0 0.065104 0.083333 0.021875 0.059259
0 0.116927 0.274074 0.014063 0.022222
0 0.062240 0.636111 0.016146 0.025926
0 0.080469 0.272685 0.015104 0.025000
0 0.062760 0.272685 0.015104 0.025000
0 0.080469 0.635648 0.015104 0.025000
0 0.118490 0.300463 0.018229 0.025000
0 0.088542 0.082407 0.023958 0.061111
0 0.396875 0.976389 0.116667 0.034259
0 0.044010 0.325463 0.014063 0.023148
0 0.040625 0.083333 0.021875 0.061111
0 0.044531 0.726852 0.016146 0.020370
0 0.099479 0.300000 0.013542 0.024074
0 0.929167 0.034259 0.013542 0.024074
0 0.080469 0.727315 0.014063 0.023148
0 0.044271 0.298611 0.014583 0.025000
0 0.044010 0.636111 0.015104 0.025926
0 0.098437 0.247685 0.012500 0.025000
0 0.080729 0.299074 0.014583 0.024074
0 0.062240 0.610648 0.015104 0.021296
0 0.044010 0.273148 0.015104 0.024074
0 0.025521 0.325463 0.015625 0.023148
0 0.711979 0.088426 0.013542 0.023148
0 0.982812 0.081944 0.026042 0.063889
0 0.694792 0.088426 0.017708 0.023148
0 0.099219 0.701389 0.014063 0.023148
0 0.512500 0.977315 0.017708 0.025000
0 0.025260 0.636111 0.017188 0.024074
0 0.080469 0.326389 0.015104 0.025000
0 0.044010 0.662500 0.014063 0.028704
0 0.044271 0.700926 0.014583 0.025926
0 0.044010 0.247685 0.014063 0.023148
0 0.973437 0.033796 0.051042 0.026852
0 0.062240 0.325463 0.013021 0.025000
0 0.080729 0.610185 0.015625 0.022222
0 0.883333 0.081944 0.023958 0.054630
0 0.080729 0.247222 0.014583 0.024074
0 0.747396 0.088889 0.014583 0.022222
0 0.063281 0.700463 0.017188 0.025000
0 0.008333 0.221759 0.014583 0.025000
0 0.729948 0.088889 0.015104 0.022222
0 0.558333 0.977778 0.018750 0.027778
0 0.080990 0.700463 0.013021 0.023148
0 0.117448 0.248148 0.014063 0.025926
0 0.044271 0.352778 0.015625 0.025926
0 0.044010 0.610648 0.015104 0.023148
0 0.062760 0.299074 0.014063 0.024074
0 0.026042 0.662963 0.014583 0.029630
0 0.043750 0.584259 0.015625 0.022222
0 0.025781 0.299537 0.014063 0.025000
0 0.117969 0.326389 0.017188 0.023148
0 0.489844 0.976852 0.019271 0.024074
0 0.580729 0.979167 0.018750 0.030556
0 0.098698 0.325463 0.013021 0.025000
0 0.007812 0.325463 0.015625 0.023148
0 0.534896 0.977315 0.017708 0.025000
0 0.676562 0.087963 0.012500 0.022222
0 0.008073 0.663889 0.016146 0.029630
0 0.441667 0.064815 0.015625 0.024074
0 0.673177 0.981019 0.017188 0.028704
0 0.604167 0.979630 0.020833 0.031481
0 0.062500 0.221759 0.014583 0.023148
0 0.026042 0.272685 0.015625 0.025000
0 0.117188 0.701389 0.014583 0.023148
0 0.062500 0.662500 0.015625 0.028704
0 0.909896 0.034259 0.013542 0.025926
0 0.466146 0.978241 0.017708 0.026852
0 0.327083 0.978241 0.021875 0.025000
0 0.650260 0.981019 0.017188 0.028704
0 0.063281 0.726852 0.016146 0.020370
0 0.008073 0.352315 0.015104 0.023148
0 0.008333 0.727778 0.016667 0.020370
0 0.080469 0.221296 0.013021 0.022222
0 0.025521 0.352315 0.015625 0.026852
0 0.043750 0.222222 0.013542 0.022222
0 0.026042 0.700463 0.014583 0.026852
0 0.946354 0.146759 0.013542 0.023148
0 0.190365 0.146296 0.015104 0.025926
0 0.659375 0.088426 0.013542 0.021296
0 0.207552 0.146296 0.015104 0.024074
0 0.894271 0.034722 0.014583 0.023148
0 0.025781 0.584259 0.017188 0.024074
0 0.967708 0.145833 0.019792 0.023148
0 0.008333 0.700463 0.016667 0.026852
0 0.008594 0.635648 0.014063 0.025000
0 0.061719 0.584259 0.015104 0.022222
0 0.846875 0.199537 0.035417 0.028704
0 0.110937 0.089815 0.016667 0.027778
0 0.627083 0.980556 0.016667 0.027778
0 0.116667 0.636574 0.015625 0.025000
0 0.172135 0.146296 0.018229 0.025926
0 0.117188 0.584722 0.015625 0.021296
0 0.008333 0.273148 0.014583 0.024074
0 0.026042 0.726852 0.015625 0.020370
0 0.099219 0.609722 0.016146 0.025000
0 0.146615 0.193519 0.011979 0.022222
0 0.008333 0.194907 0.016667 0.025000
0 0.008073 0.297685 0.016146 0.026852
0 0.152083 0.145833 0.018750 0.025000
0 0.098958 0.636574 0.015625 0.025000
0 0.008073 0.610185 0.016146 0.022222
0 0.116927 0.221759 0.013021 0.023148
0 0.227083 0.146296 0.018750 0.024074
0 0.098958 0.221296 0.014583 0.022222
0 0.917448 0.200000 0.035937 0.024074
0 0.079948 0.194907 0.013021 0.023148
0 0.008073 0.584259 0.016146 0.025926
0 0.025521 0.222222 0.015625 0.024074
0 0.918750 0.062963 0.036458 0.024074
0 0.988802 0.145370 0.019271 0.022222
0 0.116146 0.609722 0.015625 0.023148
0 0.062500 0.195370 0.013542 0.024074
0 0.881250 0.199537 0.032292 0.028704
0 0.641927 0.089815 0.015104 0.022222
0 0.080208 0.584722 0.015625 0.021296
0 0.846615 0.978241 0.014063 0.023148
0 0.115104 0.561111 0.009375 0.018519
0 0.115365 0.146296 0.016146 0.024074
0 0.098958 0.585185 0.016667 0.022222
0 0.134896 0.756944 0.007292 0.017593
0 0.116406 0.194907 0.010937 0.023148
0 0.965365 0.171759 0.010937 0.015741
0 0.994792 0.172222 0.009375 0.016667
0 0.080469 0.662037 0.014063 0.027778
0 0.105729 0.757407 0.010417 0.018519
0 0.879948 0.977778 0.014063 0.024074
0 0.133073 0.146296 0.015104 0.022222
0 0.863021 0.978241 0.015625 0.026852
0 0.818750 0.173611 0.013542 0.021296
0 0.025781 0.609259 0.018229 0.020370
0 0.097135 0.145833 0.017188 0.025000
0 0.115625 0.172222 0.010417 0.020370
0 0.115365 0.756481 0.006771 0.016667
0 0.025781 0.145370 0.050521 0.027778
0 0.984375 0.171296 0.009375 0.016667
0 0.070052 0.858333 0.140104 0.027778
0 0.070312 0.905093 0.140625 0.026852
0 0.124740 0.756481 0.007812 0.016667
0 0.124479 0.560648 0.007292 0.017593
0 0.135156 0.560185 0.007812 0.016667
0 0.135156 0.172222 0.009896 0.020370
0 0.940365 0.496759 0.098437 0.019444
0 0.079427 0.145833 0.014063 0.025000
0 0.197396 0.173611 0.008333 0.019444
0 0.608594 0.077778 0.034896 0.055556
0 0.974479 0.172222 0.008333 0.014815
0 0.124740 0.173148 0.007812 0.018519
0 0.189583 0.212500 0.077083 0.019444
0 0.939323 0.008333 0.010937 0.016667
0 0.846615 0.461574 0.034896 0.019444
0 0.864323 0.514352 0.051562 0.015741
0 0.944792 0.976389 0.013542 0.026852
0 0.899740 0.977315 0.022396 0.025000
0 0.919010 0.976389 0.013021 0.025000
0 0.863542 0.497222 0.051042 0.018519
0 0.045797 0.033139 0.018062 0.016278
0 0.911589 0.901741 0.154948 0.017222
0 0.857474 0.795833 0.056615 0.013889
0 0.913438 0.601852 0.151875 0.018519
0 0.272839 0.064352 0.021719 0.025000
0 0.518635 0.064870 0.136146 0.023056
0 0.684104 0.063875 0.060229 0.023491
0 0.189341 0.088181 0.135068 0.025306
0 0.909469 0.284435 0.158802 0.017593
0 0.820667 0.089231 0.012042 0.021407
0 0.821448 0.062472 0.010927 0.027352
0 0.026307 0.247880 0.016146 0.024074
0 0.806227 0.089329 0.015724 0.021602
0 0.355383 0.063602 0.144755 0.022944
0 0.189201 0.064681 0.133891 0.021954
0 0.064068 0.248019 0.015625 0.024074
0 0.806445 0.064255 0.015734 0.026954
0 0.788206 0.089426 0.015609 0.021407
0 0.789779 0.065343 0.013828 0.023593
0 0.772776 0.089625 0.014604 0.022602
0 0.772219 0.065440 0.015052 0.023787
0 0.237677 0.030190 0.020208 0.025491
0 0.953906 0.080741 0.022396 0.061481
0 0.213409 0.031727 0.022109 0.023028
0 0.184997 0.031880 0.026078 0.022722
0 0.009271 0.248546 0.016458 0.024074
0 0.858333 0.081481 0.026042 0.050000
0 0.988021 0.008347 0.014583 0.016694
0 0.730990 0.063426 0.033854 0.025000
0 0.272240 0.090278 0.019479 0.025000
0 0.509219 0.088889 0.150729 0.024074
0 0.100448 0.197102 0.019792 0.024074
0 0.112099 0.062963 0.018750 0.021296
0 0.838396 0.061394 0.017188 0.029083
0 0.161336 0.033259 0.016755 0.020574
0 0.643406 0.060667 0.019792 0.023148
0 0.140437 0.032801 0.020896 0.020269
0 0.120510 0.034014 0.015615 0.022250
0 0.180464 0.862435 0.045677 0.075278
0 0.045229 0.195370 0.015771 0.025000
0 0.909661 0.249537 0.158802 0.017593
0 0.096365 0.034222 0.021969 0.021759
0 0.914893 0.920426 0.170214 0.021370
0 0.008599 0.033537 0.015104 0.020370
0 0.909766 0.409259 0.158073 0.014815
0 0.912396 0.566213 0.155417 0.017593
0 0.026620 0.032343 0.013531 0.018519
0 0.027786 0.195833 0.017031 0.025000
0 0.913346 0.724546 0.152578 0.018519
0 0.355714 0.088444 0.145031 0.024037
0 0.167057 0.172685 0.047656 0.021296
0 0.964823 0.008958 0.015104 0.017917
0 0.913841 0.706491 0.152526 0.017593
0 0.861484 0.425463 0.063594 0.015741
0 0.914383 0.690102 0.153005 0.017389
0 0.859375 0.865741 0.041667 0.012963
0 0.909896 0.088880 0.017708 0.026852
0 0.878281 0.848148 0.078437 0.012963
0 0.914378 0.672963 0.152495 0.017407
0 0.867240 0.813426 0.056354 0.012037
0 0.060880 0.147431 0.015865 0.021102
0 0.975206 0.976745 0.037026 0.031657
0 0.931404 0.975940 0.009547 0.024546
0 0.875112 0.883444 0.076859 0.016574
0 0.882586 0.778139 0.088203 0.013481
0 0.870042 0.761389 0.063115 0.017241
0 0.913839 0.655546 0.150885 0.017593
0 0.914089 0.637769 0.150885 0.017593
0 0.909687 0.444463 0.158802 0.017593
0 0.909281 0.390778 0.158802 0.017593
0 0.908682 0.374074 0.158802 0.017593
0 0.908682 0.356315 0.158802 0.017593
0 0.910068 0.337019 0.158802 0.017593
0 0.909667 0.320324 0.158802 0.017593
0 0.070826 0.032454 0.024255 0.020870
0 0.912760 0.584398 0.153646 0.016944
0 0.913880 0.619907 0.152760 0.017593
0 0.909667 0.301491 0.158802 0.017593
0 0.069271 0.926079 0.138542 0.013935
0 0.914760 0.743139 0.153188 0.016000
0 0.913307 0.479306 0.153594 0.017315
0 0.878542 0.831019 0.078958 0.013889
0 0.928385 0.087389 0.017188 0.023926
