0 0.355518 0.064583 0.143234 0.024537
0 0.963068 0.008250 0.012802 0.016500
0 0.514948 0.638889 0.045521 0.016667
0 0.070654 0.905731 0.139630 0.026759
0 0.061906 0.147972 0.017333 0.021296
0 0.664505 0.470370 0.349948 0.020370
0 0.664505 0.400000 0.347031 0.024074
0 0.027255 0.033157 0.016427 0.020370
0 0.665807 0.372991 0.347552 0.025556
0 0.665513 0.344125 0.347828 0.020954
0 0.837716 0.063537 0.013984 0.022000
0 0.773664 0.064546 0.014359 0.022000
0 0.112719 0.064296 0.019271 0.020370
0 0.562708 0.493981 0.145417 0.023148
0 0.166432 0.173611 0.045365 0.017593
0 0.570286 0.518981 0.161510 0.021296
0 0.929172 0.091556 0.017188 0.026852
0 0.910286 0.918056 0.179427 0.023148
0 0.973151 0.033796 0.051615 0.025000
0 0.978177 0.975500 0.040729 0.030074
0 0.910286 0.090398 0.017708 0.025926
0 0.135065 0.562981 0.009807 0.021074
0 0.135005 0.755000 0.008917 0.015852
0 0.811159 0.261468 0.015078 0.024676
0 0.070323 0.925231 0.140510 0.013944
0 0.070594 0.858662 0.141031 0.025583
0 0.636042 0.293750 0.291458 0.021759
0 0.070555 0.831421 0.141109 0.024676
0 0.028151 0.195833 0.017760 0.025000
0 0.772674 0.089741 0.013891 0.021000
0 0.046383 0.034241 0.018870 0.018519
0 0.597682 0.425463 0.211927 0.025000
0 0.179885 0.864551 0.042135 0.076454
0 0.933036 0.975352 0.010833 0.020167
0 0.790529 0.063708 0.014266 0.019991
0 0.788734 0.088227 0.015396 0.020324
0 0.643313 0.062269 0.019792 0.023148
0 0.044542 0.193972 0.015604 0.025926
0 0.946581 0.976861 0.014224 0.024389
0 0.214232 0.032384 0.022151 0.022657
0 0.356714 0.088597 0.145844 0.025583
0 0.185865 0.031037 0.027917 0.022111
0 0.161133 0.033194 0.016078 0.021037
0 0.140500 0.034005 0.017292 0.019417
0 0.118805 0.031310 0.018203 0.019417
0 0.096872 0.031954 0.022828 0.021593
0 0.070755 0.033250 0.024729 0.020556
0 0.666565 0.551926 0.347807 0.028704
0 0.190651 0.087949 0.131615 0.024287
0 0.272797 0.088389 0.019448 0.025926
0 0.807109 0.065218 0.015302 0.025361
0 0.100370 0.197815 0.019271 0.024074
0 0.806305 0.089486 0.014078 0.023176
0 0.821893 0.063620 0.014078 0.024519
0 0.519464 0.064769 0.134740 0.022315
0 0.272839 0.064352 0.021719 0.023148
0 0.730807 0.063843 0.034531 0.024167
0 0.509115 0.088889 0.150521 0.024074
0 0.684141 0.063806 0.060573 0.023722
0 0.822365 0.088310 0.016719 0.020824
0 0.010214 0.249250 0.016042 0.024074
0 0.933359 0.033796 0.021927 0.025000
0 0.859271 0.078704 0.024167 0.046296
0 0.027401 0.247463 0.015625 0.023148
0 0.065432 0.249250 0.015104 0.022222
0 0.190276 0.064704 0.132677 0.021630
0 0.079687 0.145833 0.013542 0.023148
0 0.237240 0.033333 0.017188 0.018519
0 0.070573 0.804630 0.141146 0.027778
0 0.815365 0.579630 0.045312 0.025926
0 0.815104 0.293056 0.046875 0.025000
0 0.016406 0.082407 0.026562 0.061111
0 0.098698 0.273611 0.013021 0.025000
0 0.062500 0.636111 0.015625 0.025926
0 0.523698 0.976852 0.017188 0.024074
0 0.065104 0.083333 0.022917 0.059259
0 0.570052 0.977778 0.017188 0.025926
0 0.080469 0.272685 0.015104 0.025000
0 0.116927 0.274074 0.014063 0.022222
0 0.088542 0.082870 0.023958 0.060185
0 0.707812 0.604630 0.048958 0.024074
0 0.044531 0.726852 0.015104 0.020370
0 0.098437 0.247685 0.012500 0.023148
0 0.080729 0.636111 0.014583 0.024074
0 0.062500 0.272222 0.014583 0.024074
0 0.080729 0.299074 0.014583 0.024074
0 0.118490 0.300463 0.017188 0.025000
0 0.080469 0.727315 0.014063 0.023148
0 0.847135 0.199537 0.035937 0.028704
0 0.099479 0.300000 0.013542 0.024074
0 0.762500 0.604630 0.052083 0.024074
0 0.044010 0.636574 0.015104 0.025000
0 0.501302 0.976852 0.017188 0.022222
0 0.062240 0.610648 0.015104 0.021296
0 0.044271 0.325463 0.013542 0.023148
0 0.044010 0.273148 0.015104 0.024074
0 0.041146 0.083796 0.021875 0.060185
0 0.547135 0.977778 0.016146 0.024074
0 0.099219 0.701389 0.014063 0.023148
0 0.044271 0.298611 0.014583 0.025000
0 0.815625 0.604630 0.045833 0.024074
0 0.694792 0.088426 0.017708 0.023148
0 0.025521 0.325000 0.015625 0.022222
0 0.080469 0.326389 0.015104 0.025000
0 0.478125 0.977778 0.016667 0.024074
0 0.592708 0.979167 0.017708 0.028704
0 0.062240 0.325926 0.013021 0.024074
0 0.711979 0.088889 0.013542 0.022222
0 0.025521 0.636111 0.016667 0.024074
0 0.043750 0.247222 0.013542 0.022222
0 0.080469 0.610185 0.015104 0.022222
0 0.080729 0.246759 0.013542 0.023148
0 0.044010 0.701389 0.014063 0.025000
0 0.117188 0.247685 0.013542 0.025000
0 0.063281 0.700926 0.017188 0.024074
0 0.747396 0.089352 0.013542 0.021296
0 0.044010 0.662500 0.014063 0.028704
0 0.983073 0.081944 0.025521 0.063889
0 0.883594 0.080556 0.024479 0.051852
0 0.062500 0.299074 0.013542 0.024074
0 0.044010 0.610648 0.015104 0.023148
0 0.816667 0.318981 0.042708 0.025000
0 0.008594 0.221759 0.014063 0.025000
0 0.098698 0.325463 0.013021 0.025000
0 0.080990 0.700463 0.013021 0.023148
0 0.044271 0.352778 0.015625 0.025926
0 0.043750 0.584259 0.015625 0.022222
0 0.026042 0.272685 0.015625 0.025000
0 0.730208 0.088889 0.014583 0.022222
0 0.025781 0.299537 0.014063 0.025000
0 0.062500 0.221759 0.013542 0.021296
0 0.988021 0.010648 0.012500 0.021296
0 0.676823 0.087963 0.011979 0.022222
0 0.007812 0.325463 0.015625 0.023148
0 0.117188 0.701852 0.013542 0.022222
0 0.615885 0.979630 0.019271 0.029630
0 0.227083 0.147222 0.017708 0.022222
0 0.062500 0.662500 0.015625 0.028704
0 0.117969 0.326389 0.017188 0.023148
0 0.080729 0.221296 0.012500 0.022222
0 0.025781 0.662500 0.014063 0.028704
0 0.207813 0.146759 0.013542 0.021296
0 0.917708 0.200463 0.036458 0.025000
0 0.408073 0.975926 0.116146 0.033333
0 0.954167 0.087500 0.021875 0.071296
0 0.025521 0.351852 0.014583 0.025926
0 0.967969 0.145833 0.019271 0.023148
0 0.008073 0.663426 0.016146 0.028704
0 0.008073 0.728241 0.016146 0.019444
0 0.007812 0.610648 0.015625 0.021296
0 0.008073 0.700926 0.016146 0.025926
0 0.044010 0.222222 0.013021 0.022222
0 0.008333 0.352315 0.014583 0.023148
0 0.918750 0.062963 0.035417 0.024074
0 0.659115 0.088889 0.013021 0.020370
0 0.026302 0.700926 0.014063 0.025926
0 0.116927 0.222222 0.011979 0.022222
0 0.061719 0.584259 0.015104 0.022222
0 0.172396 0.146296 0.017708 0.024074
0 0.098958 0.221296 0.013542 0.022222
0 0.063281 0.727315 0.015104 0.019444
0 0.638542 0.980093 0.014583 0.025000
0 0.025781 0.584722 0.017188 0.023148
0 0.441927 0.063889 0.015104 0.022222
0 0.026042 0.726852 0.015625 0.020370
0 0.190104 0.146759 0.013542 0.023148
0 0.881250 0.199537 0.033333 0.028704
0 0.110937 0.089815 0.016667 0.027778
0 0.007812 0.297685 0.015625 0.026852
0 0.710938 0.634722 0.077083 0.025000
0 0.008333 0.272685 0.014583 0.023148
0 0.909635 0.033796 0.013021 0.025000
0 0.116667 0.637037 0.014583 0.024074
0 0.098958 0.609722 0.015625 0.023148
0 0.098958 0.636111 0.014583 0.024074
0 0.894271 0.034259 0.014583 0.022222
0 0.146615 0.193056 0.011979 0.021296
0 0.796094 0.634259 0.084896 0.024074
0 0.152083 0.146296 0.018750 0.024074
0 0.946354 0.146759 0.012500 0.023148
0 0.988802 0.145370 0.019271 0.022222
0 0.608594 0.074537 0.034896 0.054630
0 0.817187 0.815278 0.041667 0.025000
0 0.007812 0.584722 0.015625 0.023148
0 0.079948 0.195370 0.013021 0.022222
0 0.117188 0.585185 0.015625 0.020370
0 0.008594 0.635648 0.014063 0.023148
0 0.641406 0.090278 0.014063 0.023148
0 0.008333 0.194907 0.016667 0.025000
0 0.025521 0.222222 0.014583 0.024074
0 0.116406 0.610185 0.015104 0.022222
0 0.661458 0.979630 0.016667 0.025926
0 0.080208 0.585185 0.015625 0.020370
0 0.964583 0.172685 0.009375 0.015741
0 0.338281 0.977778 0.019271 0.025926
0 0.062500 0.195370 0.013542 0.024074
0 0.994792 0.171759 0.009375 0.017593
0 0.770052 0.814815 0.042188 0.025926
0 0.116406 0.194907 0.010937 0.021296
0 0.025781 0.609722 0.017188 0.019444
0 0.098698 0.585185 0.016146 0.020370
0 0.819010 0.174074 0.013021 0.020370
0 0.132812 0.146296 0.014583 0.020370
0 0.899479 0.977315 0.019792 0.025000
0 0.105990 0.756481 0.009896 0.016667
0 0.115104 0.561574 0.009375 0.017593
0 0.080469 0.662037 0.014063 0.027778
0 0.115104 0.146759 0.015625 0.023148
0 0.835417 0.261111 0.011458 0.022222
0 0.115885 0.172222 0.009896 0.018519
0 0.984375 0.171296 0.009375 0.016667
0 0.115365 0.756481 0.005729 0.014815
0 0.097135 0.145833 0.017188 0.023148
0 0.863281 0.978241 0.015104 0.030556
0 0.879687 0.977315 0.015625 0.026852
0 0.974479 0.172222 0.008333 0.014815
0 0.025781 0.145370 0.050521 0.027778
0 0.124479 0.561111 0.007292 0.016667
0 0.125000 0.756481 0.007292 0.014815
0 0.197396 0.173611 0.007292 0.015741
0 0.134896 0.172222 0.009375 0.018519
0 0.124740 0.173148 0.007812 0.016667
0 0.919271 0.977315 0.013542 0.023148
0 0.939063 0.008333 0.010417 0.014815
0 0.199479 0.212500 0.098958 0.019444
0 0.008333 0.033333 0.014583 0.020370
