0 0.917188 0.200000 0.036458 0.025926
0 0.080208 0.194907 0.012500 0.023148
0 0.116406 0.609722 0.015104 0.023148
0 0.227083 0.146296 0.018750 0.024074
0 0.117188 0.701389 0.014583 0.023148
0 0.008594 0.635648 0.014063 0.025000
0 0.026042 0.727315 0.015625 0.021296
0 0.964844 0.172222 0.009896 0.016667
0 0.007812 0.584722 0.015625 0.025000
0 0.063021 0.726852 0.015625 0.022222
0 0.116667 0.636574 0.014583 0.025000
0 0.098958 0.610185 0.015625 0.024074
0 0.008073 0.298148 0.016146 0.027778
0 0.152083 0.145833 0.018750 0.025000
0 0.098958 0.636574 0.014583 0.025000
0 0.117188 0.584722 0.015625 0.021296
0 0.008594 0.194907 0.017188 0.025000
0 0.595052 0.586574 0.109896 0.025000
0 0.070312 0.804630 0.140625 0.027778
0 0.070312 0.830556 0.140625 0.027778
0 0.098698 0.273611 0.013021 0.025000
0 0.016406 0.082407 0.026562 0.061111
0 0.595313 0.612037 0.109375 0.025926
0 0.065104 0.083333 0.022917 0.059259
0 0.116927 0.274074 0.014063 0.022222
0 0.088542 0.082407 0.023958 0.059259
0 0.080469 0.272685 0.015104 0.025000
0 0.062240 0.636111 0.016146 0.025926
0 0.062500 0.272685 0.014583 0.025000
0 0.118229 0.300463 0.017708 0.025000
0 0.098437 0.247685 0.012500 0.025000
0 0.080469 0.635648 0.015104 0.025000
0 0.044010 0.325463 0.014063 0.023148
0 0.040885 0.083796 0.022396 0.060185
0 0.099479 0.299537 0.013542 0.025000
0 0.973698 0.032870 0.051562 0.026852
0 0.044010 0.273148 0.015104 0.024074
0 0.044010 0.636111 0.015104 0.025926
0 0.080729 0.299074 0.014583 0.024074
0 0.062240 0.610648 0.015104 0.021296
0 0.044271 0.298611 0.014583 0.025000
0 0.846875 0.199537 0.035417 0.028704
0 0.928906 0.033796 0.014063 0.025000
0 0.025521 0.325463 0.015625 0.023148
0 0.582031 0.732870 0.041146 0.025000
0 0.883333 0.081481 0.025000 0.053704
0 0.982812 0.081944 0.026042 0.065741
0 0.117448 0.248148 0.014063 0.025926
0 0.080729 0.247222 0.013542 0.024074
0 0.043750 0.247685 0.013542 0.023148
0 0.025260 0.636111 0.017188 0.024074
0 0.080469 0.325926 0.015104 0.025926
0 0.512500 0.977315 0.017708 0.025000
0 0.062240 0.325463 0.013021 0.025000
0 0.712240 0.088426 0.015104 0.023148
0 0.080469 0.610185 0.015104 0.022222
0 0.080469 0.727315 0.014063 0.023148
0 0.909896 0.034259 0.013542 0.025926
0 0.694792 0.088426 0.017708 0.023148
0 0.063281 0.700463 0.017188 0.025000
0 0.008594 0.221759 0.014063 0.025000
0 0.441927 0.064815 0.015104 0.024074
0 0.628906 0.732407 0.042188 0.025926
0 0.044010 0.610648 0.015104 0.023148
0 0.062500 0.299074 0.013542 0.024074
0 0.580729 0.979167 0.018750 0.030556
0 0.603906 0.979630 0.020313 0.031481
0 0.747396 0.088889 0.014583 0.022222
0 0.490104 0.976389 0.018750 0.023148
0 0.099479 0.701389 0.014583 0.023148
0 0.918750 0.062963 0.036458 0.024074
0 0.946354 0.146759 0.013542 0.023148
0 0.558594 0.977778 0.019271 0.027778
0 0.044010 0.662500 0.014063 0.028704
0 0.043750 0.584259 0.015625 0.022222
0 0.098698 0.325463 0.013021 0.025000
0 0.044531 0.726852 0.015104 0.020370
0 0.044271 0.700926 0.014583 0.025926
0 0.026042 0.273148 0.015625 0.025926
0 0.080990 0.700463 0.013021 0.023148
0 0.025781 0.299537 0.014063 0.025000
0 0.729948 0.088426 0.016146 0.023148
0 0.062500 0.221759 0.013542 0.023148
0 0.117969 0.326389 0.017188 0.023148
0 0.025781 0.662963 0.014063 0.029630
0 0.676562 0.087963 0.013542 0.022222
0 0.044271 0.352778 0.015625 0.025926
0 0.007812 0.325000 0.015625 0.024074
0 0.008073 0.663889 0.016146 0.029630
0 0.534896 0.977315 0.017708 0.025000
0 0.080729 0.221296 0.012500 0.022222
0 0.939844 0.033796 0.008854 0.023148
0 0.894271 0.034722 0.014583 0.023148
0 0.967708 0.145370 0.019792 0.024074
0 0.672917 0.981481 0.016667 0.029630
0 0.044010 0.222685 0.013021 0.023148
0 0.025781 0.584259 0.017188 0.024074
0 0.116927 0.221759 0.013021 0.023148
0 0.025521 0.351852 0.014583 0.025926
0 0.881250 0.199537 0.032292 0.028704
0 0.008333 0.352315 0.014583 0.023148
0 0.007812 0.610185 0.015625 0.022222
0 0.465885 0.977315 0.017188 0.025000
0 0.172135 0.146296 0.018229 0.025926
0 0.008333 0.727778 0.016667 0.020370
0 0.062500 0.662500 0.015625 0.028704
0 0.146615 0.193519 0.011979 0.022222
0 0.061719 0.584259 0.015104 0.022222
0 0.650260 0.981481 0.017188 0.029630
0 0.627083 0.981019 0.016667 0.028704
0 0.008333 0.700463 0.016667 0.026852
0 0.988802 0.145370 0.019271 0.022222
0 0.099219 0.221296 0.014063 0.022222
0 0.190365 0.146296 0.015104 0.025926
0 0.207552 0.146296 0.015104 0.024074
0 0.026042 0.700926 0.014583 0.025926
0 0.008073 0.273148 0.015104 0.024074
0 0.327083 0.978241 0.020833 0.025000
0 0.042448 0.728241 0.018229 0.021296
0 0.189844 0.212500 0.076563 0.019444
0 0.833854 0.320833 0.008333 0.017593
0 0.916146 0.942593 0.023958 0.018519
0 0.079427 0.145833 0.014063 0.025000
0 0.870573 0.338889 0.067187 0.016667
0 0.594531 0.637500 0.107813 0.019444
0 0.939323 0.008333 0.010937 0.016667
0 0.919010 0.976389 0.014063 0.026852
0 0.008073 0.034259 0.014063 0.022222
0 0.197135 0.173611 0.007812 0.017593
0 0.124740 0.172685 0.007812 0.017593
0 0.899479 0.976852 0.021875 0.025926
0 0.842448 0.338889 0.007812 0.016667
0 0.135156 0.560648 0.007812 0.015741
0 0.134896 0.172222 0.009375 0.020370
0 0.124479 0.561111 0.007292 0.016667
0 0.124740 0.756481 0.007812 0.016667
0 0.025781 0.145370 0.050521 0.027778
0 0.236719 0.033333 0.018229 0.022222
0 0.069792 0.857870 0.139583 0.026852
0 0.974479 0.171759 0.008333 0.015741
0 0.115365 0.756481 0.006771 0.016667
0 0.070312 0.904630 0.140625 0.025926
0 0.097135 0.146296 0.017188 0.024074
0 0.641667 0.089815 0.014583 0.022222
0 0.115625 0.171759 0.010417 0.019444
0 0.646354 0.203704 0.011458 0.024074
0 0.984375 0.170833 0.009375 0.017593
0 0.080469 0.662037 0.014063 0.027778
0 0.133073 0.146296 0.015104 0.022222
0 0.115104 0.561111 0.009375 0.018519
0 0.115365 0.146296 0.016146 0.024074
0 0.105729 0.757407 0.010417 0.018519
0 0.025781 0.609722 0.018229 0.019444
0 0.134896 0.756944 0.007292 0.017593
0 0.098958 0.584722 0.016667 0.021296
0 0.863281 0.976852 0.016146 0.025926
0 0.134635 0.858796 0.009896 0.023148
0 0.819271 0.173611 0.011458 0.019444
0 0.116406 0.194444 0.010937 0.022222
0 0.846875 0.978241 0.014583 0.025000
0 0.080469 0.584722 0.015104 0.021296
0 0.062500 0.195370 0.013542 0.024074
0 0.880208 0.976852 0.014583 0.025926
0 0.994531 0.171296 0.009896 0.018519
0 0.659115 0.088426 0.014063 0.021296
0 0.396615 0.975926 0.117188 0.035185
0 0.112833 0.062731 0.019271 0.021296
0 0.608854 0.074213 0.034375 0.055278
0 0.189781 0.088542 0.135021 0.025694
0 0.099740 0.197759 0.019271 0.024074
0 0.509323 0.088889 0.150937 0.024074
0 0.730729 0.063843 0.034375 0.024167
0 0.111526 0.089815 0.016667 0.027778
0 0.564219 0.312963 0.083021 0.022222
0 0.571667 0.450000 0.101771 0.022222
0 0.026708 0.221759 0.015625 0.025000
0 0.915964 0.251088 0.168073 0.016806
0 0.044740 0.195370 0.014323 0.025926
0 0.571719 0.399074 0.105938 0.022222
0 0.182380 0.866648 0.045833 0.077500
0 0.562526 0.336574 0.087448 0.023148
0 0.643750 0.062704 0.019792 0.024074
0 0.027813 0.195833 0.017083 0.025000
0 0.046177 0.033037 0.015146 0.018519
0 0.964328 0.008792 0.009896 0.017583
0 0.989370 0.226898 0.016156 0.019444
0 0.639380 0.427509 0.018750 0.025926
0 0.589505 0.286944 0.102969 0.021111
0 0.356523 0.088440 0.145286 0.026269
0 0.910943 0.090306 0.017708 0.025926
0 0.928911 0.089361 0.017188 0.027778
0 0.167083 0.172685 0.046667 0.019444
0 0.914323 0.918259 0.171354 0.022778
0 0.571198 0.371759 0.101771 0.025000
0 0.622208 0.204861 0.013500 0.021759
0 0.060430 0.146361 0.015286 0.021296
0 0.570911 0.424074 0.100156 0.024074
0 0.967872 0.226019 0.022932 0.017593
0 0.070469 0.925944 0.140938 0.014778
0 0.186247 0.033481 0.026839 0.019852
0 0.214359 0.034861 0.019979 0.018426
0 0.161661 0.034880 0.018417 0.021944
0 0.139919 0.034356 0.016849 0.016713
0 0.119643 0.033310 0.013911 0.017417
0 0.097018 0.032611 0.020766 0.014630
0 0.068906 0.032963 0.025667 0.018111
0 0.026487 0.247079 0.014547 0.017991
0 0.974591 0.976847 0.040359 0.034472
0 0.944521 0.975106 0.013906 0.020546
0 0.932180 0.975282 0.009599 0.023676
0 0.914292 0.304097 0.168073 0.016806
0 0.914180 0.285875 0.168068 0.016806
0 0.915552 0.268810 0.168073 0.016806
0 0.837581 0.063014 0.013036 0.018657
0 0.820479 0.088444 0.014729 0.020167
0 0.820651 0.063616 0.012698 0.019269
0 0.804734 0.087713 0.014396 0.021704
0 0.806852 0.065153 0.015578 0.024083
0 0.029339 0.033148 0.015104 0.020370
0 0.585885 0.561574 0.127188 0.025000
0 0.585885 0.533333 0.126146 0.025926
0 0.585599 0.236111 0.127760 0.025926
0 0.585599 0.506019 0.125677 0.025000
0 0.585729 0.480093 0.125417 0.026852
0 0.272891 0.064815 0.020781 0.024074
0 0.683281 0.064074 0.060312 0.023704
0 0.008737 0.249630 0.017474 0.024074
0 0.954427 0.082593 0.022396 0.063333
0 0.065219 0.248120 0.015625 0.024074
0 0.987562 0.009954 0.013021 0.019907
0 0.591302 0.261574 0.104896 0.021296
0 0.517648 0.062944 0.131995 0.024963
0 0.788818 0.088181 0.016760 0.021972
0 0.789328 0.064819 0.014052 0.019861
0 0.772482 0.088597 0.013203 0.022269
0 0.858932 0.079167 0.024844 0.047222
0 0.772143 0.064384 0.014224 0.022546
0 0.272526 0.089815 0.020052 0.024074
0 0.189188 0.065148 0.133188 0.020852
0 0.355534 0.063278 0.140807 0.024148
