0 0.189302 0.087593 0.134521 0.025185
0 0.061073 0.146120 0.015875 0.021296
0 0.070781 0.925190 0.141563 0.012954
0 0.662422 0.400000 0.351198 0.024074
0 0.028193 0.032889 0.015104 0.020370
0 0.662958 0.374000 0.349667 0.026259
0 0.929417 0.090259 0.017188 0.026852
0 0.167656 0.173148 0.047813 0.018519
0 0.571198 0.518981 0.160729 0.021296
0 0.911573 0.089102 0.017708 0.025000
0 0.976404 0.975954 0.036359 0.028944
0 0.913229 0.918056 0.173542 0.023148
0 0.596000 0.426019 0.216094 0.019630
0 0.635859 0.293981 0.289740 0.026852
0 0.518646 0.637500 0.051875 0.012037
0 0.963151 0.008005 0.009375 0.016009
0 0.046229 0.034491 0.016083 0.018519
0 0.027760 0.195833 0.016979 0.025000
0 0.182047 0.861759 0.043229 0.078333
0 0.355953 0.088810 0.144760 0.024972
0 0.643849 0.062056 0.019792 0.022222
0 0.045115 0.195370 0.015573 0.025926
0 0.273107 0.089944 0.019130 0.025926
0 0.562083 0.493981 0.146667 0.023148
0 0.111719 0.063889 0.021354 0.020370
0 0.099479 0.197824 0.019792 0.024074
0 0.954167 0.079120 0.021875 0.054537
0 0.989052 0.008241 0.012500 0.016481
0 0.272883 0.063824 0.019724 0.023148
0 0.608854 0.074306 0.034375 0.055093
0 0.510000 0.088889 0.152292 0.024074
0 0.730391 0.064074 0.033698 0.023704
0 0.933229 0.034259 0.021667 0.024074
0 0.518599 0.065435 0.133906 0.022037
0 0.009716 0.249676 0.015266 0.024074
0 0.027245 0.247685 0.015625 0.023148
0 0.684279 0.063704 0.059984 0.023519
0 0.188857 0.064259 0.132599 0.021481
0 0.355370 0.063282 0.143010 0.023417
0 0.665042 0.471380 0.349687 0.024889
0 0.945135 0.976995 0.011490 0.020620
0 0.932372 0.976292 0.010484 0.020620
0 0.811344 0.261972 0.015260 0.018500
0 0.846630 0.200273 0.032844 0.024417
0 0.859052 0.078231 0.024771 0.049315
0 0.837672 0.063079 0.016865 0.016083
0 0.821721 0.087741 0.012911 0.021593
0 0.821914 0.064278 0.012911 0.016093
0 0.805867 0.088852 0.014745 0.021074
0 0.805628 0.064185 0.013495 0.023130
0 0.788703 0.089264 0.015740 0.017194
0 0.789411 0.064111 0.015375 0.020963
0 0.772620 0.090245 0.014333 0.022824
0 0.772323 0.064505 0.014927 0.022287
0 0.213680 0.031769 0.021943 0.016870
0 0.185708 0.031144 0.027115 0.016880
0 0.161698 0.033755 0.013990 0.020269
0 0.140799 0.033292 0.019172 0.019954
0 0.119818 0.032681 0.015198 0.019954
0 0.097969 0.032065 0.020552 0.018111
0 0.070857 0.033963 0.024286 0.019352
0 0.835417 0.261111 0.011458 0.022222
0 0.070312 0.804630 0.140625 0.027778
0 0.070312 0.830093 0.140625 0.026852
0 0.815104 0.293056 0.046875 0.025000
0 0.815365 0.579167 0.045312 0.025000
0 0.016406 0.082870 0.026562 0.060185
0 0.098698 0.273611 0.013021 0.025000
0 0.065104 0.083333 0.022917 0.059259
0 0.062500 0.636111 0.015625 0.025926
0 0.512500 0.976852 0.016667 0.024074
0 0.088542 0.082407 0.023958 0.059259
0 0.044531 0.726852 0.015104 0.020370
0 0.707812 0.604630 0.048958 0.024074
0 0.116927 0.274074 0.014063 0.022222
0 0.080469 0.272685 0.015104 0.025000
0 0.080469 0.727315 0.014063 0.023148
0 0.098437 0.247685 0.012500 0.023148
0 0.558594 0.977315 0.018229 0.025000
0 0.080729 0.635648 0.014583 0.025000
0 0.080729 0.299074 0.014583 0.024074
0 0.118490 0.300463 0.017188 0.025000
0 0.099479 0.300000 0.013542 0.024074
0 0.062500 0.272222 0.014583 0.024074
0 0.762500 0.604167 0.052083 0.025000
0 0.044010 0.636574 0.015104 0.025000
0 0.973698 0.032870 0.051562 0.026852
0 0.062240 0.610648 0.015104 0.021296
0 0.044271 0.325463 0.013542 0.023148
0 0.080469 0.325926 0.015104 0.025926
0 0.044010 0.273148 0.015104 0.024074
0 0.099219 0.701389 0.014063 0.023148
0 0.041146 0.083796 0.021875 0.060185
0 0.044531 0.298611 0.014063 0.025000
0 0.694792 0.088426 0.017708 0.023148
0 0.815625 0.604630 0.045833 0.024074
0 0.062240 0.325463 0.013021 0.025000
0 0.490104 0.976852 0.017708 0.022222
0 0.025521 0.325000 0.015625 0.022222
0 0.025521 0.636111 0.016667 0.024074
0 0.711979 0.088426 0.013542 0.023148
0 0.080469 0.610185 0.015104 0.022222
0 0.044010 0.701389 0.014063 0.025000
0 0.098698 0.325463 0.013021 0.025000
0 0.535417 0.977315 0.016667 0.025000
0 0.043750 0.247222 0.013542 0.022222
0 0.063281 0.700926 0.017188 0.024074
0 0.816667 0.318981 0.042708 0.025000
0 0.080729 0.246759 0.013542 0.023148
0 0.063281 0.247222 0.015104 0.022222
0 0.044010 0.662500 0.014063 0.028704
0 0.883594 0.080093 0.024479 0.050926
0 0.117188 0.247685 0.013542 0.025000
0 0.044271 0.352778 0.015625 0.025926
0 0.603906 0.979630 0.020313 0.031481
0 0.747656 0.089352 0.014063 0.021296
0 0.983073 0.081944 0.025521 0.063889
0 0.044010 0.610648 0.015104 0.023148
0 0.062500 0.299074 0.013542 0.024074
0 0.580990 0.978704 0.018229 0.029630
0 0.043750 0.584259 0.015625 0.022222
0 0.008594 0.221759 0.014063 0.025000
0 0.396875 0.976389 0.116667 0.034259
0 0.026042 0.272685 0.015625 0.025000
0 0.080990 0.700463 0.013021 0.023148
0 0.007812 0.325463 0.015625 0.023148
0 0.062500 0.221759 0.013542 0.021296
0 0.025521 0.299537 0.013542 0.025000
0 0.730208 0.088889 0.014583 0.022222
0 0.917708 0.200463 0.036458 0.025000
0 0.117188 0.701389 0.013542 0.023148
0 0.676562 0.087963 0.012500 0.022222
0 0.062500 0.662500 0.015625 0.028704
0 0.117969 0.325926 0.018229 0.024074
0 0.627344 0.980093 0.015104 0.026852
0 0.207552 0.146759 0.014063 0.021296
0 0.650521 0.981481 0.016667 0.029630
0 0.025781 0.662500 0.014063 0.028704
0 0.466406 0.978241 0.017188 0.025000
0 0.008073 0.663426 0.016146 0.028704
0 0.080729 0.221296 0.012500 0.022222
0 0.227083 0.147222 0.017708 0.022222
0 0.007812 0.610648 0.015625 0.021296
0 0.672917 0.981481 0.016667 0.029630
0 0.044010 0.222222 0.013021 0.022222
0 0.025521 0.351852 0.014583 0.025926
0 0.008073 0.700926 0.016146 0.025926
0 0.061719 0.583796 0.015104 0.021296
0 0.008333 0.728241 0.016667 0.019444
0 0.026302 0.700926 0.014063 0.025926
0 0.008073 0.352315 0.014063 0.023148
0 0.967969 0.145833 0.019271 0.023148
0 0.117188 0.222222 0.012500 0.022222
0 0.172396 0.146296 0.017708 0.024074
0 0.441927 0.063889 0.015104 0.022222
0 0.659115 0.088889 0.013021 0.020370
0 0.918750 0.062963 0.036458 0.024074
0 0.063281 0.727315 0.015104 0.019444
0 0.099219 0.221296 0.013021 0.022222
0 0.025781 0.584259 0.017188 0.024074
0 0.190365 0.146759 0.014063 0.023148
0 0.881250 0.199537 0.033333 0.028704
0 0.007812 0.297685 0.015625 0.026852
0 0.008333 0.272685 0.014583 0.023148
0 0.146615 0.193519 0.011979 0.022222
0 0.110937 0.089815 0.016667 0.027778
0 0.026042 0.726852 0.015625 0.020370
0 0.152083 0.146296 0.018750 0.024074
0 0.909635 0.034259 0.013021 0.024074
0 0.098958 0.609722 0.015625 0.023148
0 0.710938 0.634722 0.077083 0.025000
0 0.894271 0.034259 0.014583 0.022222
0 0.327083 0.978241 0.020833 0.025000
0 0.817187 0.815278 0.041667 0.025000
0 0.007812 0.584259 0.015625 0.024074
0 0.116667 0.636574 0.014583 0.023148
0 0.098958 0.636111 0.014583 0.024074
0 0.946354 0.146759 0.012500 0.023148
0 0.117188 0.585185 0.015625 0.020370
0 0.008333 0.635648 0.014583 0.023148
0 0.079948 0.194907 0.013021 0.023148
0 0.988802 0.145370 0.019271 0.022222
0 0.796094 0.634259 0.084896 0.024074
0 0.025521 0.222222 0.014583 0.024074
0 0.008333 0.194907 0.016667 0.025000
0 0.116406 0.610185 0.015104 0.022222
0 0.641406 0.090278 0.014063 0.023148
0 0.770052 0.814815 0.042188 0.025926
0 0.062500 0.195370 0.013542 0.024074
0 0.080208 0.584259 0.015625 0.020370
0 0.880208 0.977778 0.013542 0.022222
0 0.964844 0.172685 0.009896 0.015741
0 0.070312 0.905093 0.140625 0.026852
0 0.819531 0.173611 0.010937 0.019444
0 0.994792 0.171759 0.009375 0.017593
0 0.098958 0.585185 0.016667 0.020370
0 0.025781 0.609722 0.017188 0.019444
0 0.116406 0.194444 0.010937 0.022222
0 0.134896 0.756944 0.007292 0.015741
0 0.132812 0.146296 0.014583 0.020370
0 0.863281 0.978241 0.015104 0.023148
0 0.115104 0.561574 0.009375 0.017593
0 0.115365 0.146759 0.016146 0.023148
0 0.846615 0.978241 0.014063 0.023148
0 0.105990 0.756481 0.009896 0.016667
0 0.080469 0.662037 0.014063 0.027778
0 0.115365 0.756481 0.005729 0.014815
0 0.115625 0.172222 0.010417 0.018519
0 0.984375 0.171296 0.009375 0.016667
0 0.097135 0.145833 0.017188 0.023148
0 0.025781 0.145370 0.050521 0.027778
0 0.974479 0.172222 0.008333 0.014815
0 0.069792 0.857870 0.139583 0.026852
0 0.919010 0.977315 0.014063 0.023148
0 0.124479 0.561111 0.007292 0.016667
0 0.135156 0.560185 0.007812 0.014815
0 0.125000 0.756481 0.007292 0.014815
0 0.197396 0.174074 0.007292 0.016667
0 0.134896 0.172222 0.009375 0.018519
0 0.199479 0.212500 0.098958 0.019444
0 0.124740 0.172685 0.007812 0.017593
0 0.939063 0.008333 0.010417 0.014815
0 0.899219 0.977778 0.020313 0.022222
0 0.079687 0.145833 0.013542 0.023148
0 0.008333 0.033333 0.014583 0.020370
0 0.237240 0.032870 0.017188 0.019444
