0 0.025521 0.636111 0.016667 0.024074
0 0.070312 0.804630 0.140625 0.027778
0 0.815365 0.579167 0.045312 0.025000
0 0.070312 0.830093 0.140625 0.026852
0 0.815104 0.293056 0.046875 0.025000
0 0.016406 0.082870 0.026562 0.060185
0 0.098698 0.273611 0.013021 0.025000
0 0.707812 0.604630 0.048958 0.024074
0 0.065104 0.083333 0.022917 0.059259
0 0.062500 0.636111 0.015625 0.025926
0 0.044531 0.726852 0.015104 0.020370
0 0.080469 0.727315 0.014063 0.023148
0 0.088542 0.082407 0.023958 0.059259
0 0.762500 0.604630 0.052083 0.024074
0 0.512500 0.976852 0.016667 0.024074
0 0.847135 0.199074 0.035937 0.027778
0 0.973698 0.032870 0.051562 0.026852
0 0.116927 0.274074 0.014063 0.022222
0 0.558594 0.977315 0.018229 0.025000
0 0.079687 0.145833 0.013542 0.023148
0 0.008333 0.033333 0.014583 0.020370
0 0.237240 0.032870 0.017188 0.019444
0 0.124740 0.172685 0.007812 0.017593
0 0.899219 0.977778 0.020313 0.022222
0 0.199219 0.212500 0.099479 0.019444
0 0.134896 0.172222 0.009375 0.018519
0 0.197396 0.174074 0.007292 0.016667
0 0.124740 0.561111 0.007812 0.016667
0 0.135156 0.560185 0.007812 0.014815
0 0.125000 0.756481 0.007292 0.014815
0 0.069792 0.857870 0.139583 0.026852
0 0.974479 0.172222 0.008333 0.014815
0 0.025781 0.145370 0.050521 0.027778
0 0.466406 0.977778 0.017188 0.024074
0 0.207813 0.146759 0.013542 0.021296
0 0.080729 0.221296 0.012500 0.022222
0 0.008073 0.663426 0.016146 0.028704
0 0.627344 0.980093 0.015104 0.026852
0 0.025781 0.662500 0.014063 0.028704
0 0.730208 0.088889 0.014583 0.022222
0 0.650521 0.981481 0.016667 0.029630
0 0.917708 0.200000 0.036458 0.024074
0 0.676823 0.087963 0.011979 0.022222
0 0.396875 0.976389 0.116667 0.034259
0 0.117188 0.701389 0.013542 0.023148
0 0.025521 0.299537 0.013542 0.025000
0 0.062500 0.221759 0.013542 0.021296
0 0.117969 0.325926 0.018229 0.024074
0 0.007812 0.325463 0.015625 0.023148
0 0.008594 0.221759 0.014063 0.025000
0 0.062500 0.662500 0.015625 0.028704
0 0.080990 0.700463 0.013021 0.023148
0 0.747396 0.089352 0.013542 0.021296
0 0.043750 0.584259 0.015625 0.022222
0 0.983073 0.081481 0.025521 0.062963
0 0.580990 0.978704 0.018229 0.029630
0 0.044010 0.610648 0.015104 0.023148
0 0.603906 0.979630 0.020313 0.031481
0 0.883333 0.080093 0.023958 0.050926
0 0.062500 0.299074 0.013542 0.024074
0 0.117188 0.247685 0.013542 0.025000
0 0.080729 0.246759 0.013542 0.023148
0 0.858333 0.078241 0.026042 0.045370
0 0.044271 0.352778 0.015625 0.025926
0 0.043750 0.247222 0.013542 0.022222
0 0.063281 0.700926 0.017188 0.024074
0 0.535417 0.977315 0.016667 0.025000
0 0.712240 0.088889 0.013021 0.022222
0 0.044010 0.662500 0.014063 0.028704
0 0.080469 0.610185 0.015104 0.022222
0 0.044010 0.701389 0.014063 0.025000
0 0.025781 0.325000 0.015104 0.022222
0 0.816667 0.318981 0.042708 0.025000
0 0.490104 0.976852 0.017708 0.022222
0 0.097135 0.145833 0.017188 0.023148
0 0.984375 0.171296 0.009375 0.016667
0 0.115885 0.172222 0.009896 0.018519
0 0.835417 0.261111 0.011458 0.022222
0 0.080469 0.662037 0.014063 0.027778
0 0.115104 0.756481 0.006250 0.014815
0 0.846615 0.978241 0.014063 0.021296
0 0.863281 0.978241 0.015104 0.021296
0 0.115365 0.146759 0.016146 0.023148
0 0.115104 0.561574 0.009375 0.017593
0 0.132812 0.145833 0.014583 0.021296
0 0.134896 0.756944 0.007292 0.015741
0 0.116667 0.194907 0.010417 0.021296
0 0.994792 0.171759 0.009375 0.017593
0 0.105990 0.756481 0.009896 0.016667
0 0.070312 0.905093 0.140625 0.026852
0 0.819531 0.173611 0.010937 0.019444
0 0.025781 0.609722 0.017188 0.019444
0 0.098698 0.584722 0.016146 0.021296
0 0.880208 0.978241 0.013542 0.021296
0 0.964844 0.172685 0.009896 0.015741
0 0.080208 0.584259 0.015625 0.020370
0 0.062500 0.195370 0.013542 0.024074
0 0.643750 0.063889 0.019792 0.022222
0 0.025521 0.222222 0.014583 0.024074
0 0.909635 0.034259 0.013021 0.024074
0 0.152083 0.146296 0.018750 0.024074
0 0.026562 0.727315 0.015625 0.019444
0 0.327083 0.978241 0.020833 0.025000
0 0.894271 0.034259 0.014583 0.022222
0 0.641406 0.090278 0.014063 0.023148
0 0.770312 0.814815 0.041667 0.024074
0 0.061719 0.583796 0.015104 0.021296
0 0.098958 0.635648 0.015625 0.025000
0 0.080208 0.194907 0.012500 0.023148
0 0.008594 0.636111 0.014063 0.024074
0 0.117188 0.585185 0.015625 0.020370
0 0.116667 0.636574 0.014583 0.023148
0 0.946354 0.146759 0.012500 0.023148
0 0.988542 0.145370 0.018750 0.022222
0 0.116406 0.610185 0.015104 0.022222
0 0.008333 0.194907 0.016667 0.025000
0 0.007812 0.610185 0.015625 0.020370
0 0.025521 0.352315 0.014583 0.025000
0 0.080469 0.272685 0.015104 0.025000
0 0.918490 0.062963 0.035937 0.024074
0 0.227083 0.147222 0.017708 0.022222
0 0.044010 0.222222 0.013021 0.022222
0 0.659115 0.088889 0.013021 0.020370
0 0.672917 0.981481 0.016667 0.029630
0 0.026302 0.700926 0.014063 0.025926
0 0.796094 0.634722 0.084896 0.025000
0 0.008073 0.700926 0.016146 0.025926
0 0.710938 0.634722 0.077083 0.025000
0 0.063281 0.727315 0.015104 0.019444
0 0.116927 0.222222 0.011979 0.022222
0 0.008333 0.727778 0.016667 0.020370
0 0.008073 0.352315 0.014063 0.023148
0 0.967708 0.145833 0.019792 0.023148
0 0.099219 0.221296 0.013021 0.022222
0 0.172396 0.146296 0.017708 0.024074
0 0.025781 0.584259 0.017188 0.024074
0 0.007812 0.297685 0.015625 0.026852
0 0.008333 0.272685 0.014583 0.023148
0 0.817187 0.815278 0.041667 0.025000
0 0.146615 0.193519 0.011979 0.022222
0 0.190365 0.146759 0.014063 0.023148
0 0.881510 0.199537 0.032813 0.028704
0 0.098437 0.247685 0.012500 0.023148
0 0.008073 0.584259 0.016146 0.024074
0 0.098958 0.609722 0.015625 0.023148
0 0.080729 0.635648 0.014583 0.025000
0 0.080729 0.299074 0.014583 0.024074
0 0.080469 0.325926 0.015104 0.025926
0 0.099479 0.300000 0.013542 0.024074
0 0.118490 0.300463 0.017188 0.025000
0 0.062500 0.272222 0.014583 0.024074
0 0.044010 0.636574 0.015104 0.025000
0 0.815625 0.604630 0.045833 0.024074
0 0.044010 0.273148 0.015104 0.024074
0 0.062240 0.610648 0.015104 0.021296
0 0.044271 0.325463 0.013542 0.023148
0 0.099219 0.701389 0.014063 0.023148
0 0.062240 0.325463 0.013021 0.025000
0 0.041146 0.083796 0.021875 0.060185
0 0.044531 0.298611 0.014063 0.025000
0 0.098698 0.325463 0.013021 0.025000
0 0.694792 0.088426 0.017708 0.023148
0 0.931904 0.976907 0.010932 0.019037
0 0.570521 0.522472 0.162812 0.025926
0 0.945229 0.977398 0.014833 0.022796
0 0.664570 0.470296 0.348255 0.023148
0 0.665076 0.346051 0.349182 0.021009
0 0.988021 0.009361 0.012500 0.018722
0 0.518177 0.064361 0.134271 0.022315
0 0.099740 0.198426 0.019271 0.024074
0 0.517344 0.637037 0.049271 0.011111
0 0.112078 0.087231 0.018229 0.025352
0 0.189891 0.088213 0.136771 0.025370
0 0.954568 0.080917 0.021875 0.060259
0 0.684578 0.064630 0.060010 0.022593
0 0.910005 0.088694 0.017708 0.025000
0 0.010052 0.248139 0.015625 0.024074
0 0.112318 0.062963 0.018750 0.020370
0 0.167005 0.173611 0.046510 0.017593
0 0.731448 0.063847 0.033354 0.024546
0 0.934714 0.034259 0.024635 0.024074
0 0.928385 0.089815 0.017188 0.026852
0 0.665339 0.374185 0.348490 0.026111
0 0.027510 0.272685 0.015104 0.025000
0 0.190164 0.064338 0.132797 0.022565
0 0.562839 0.493981 0.145156 0.023148
0 0.027255 0.035398 0.015104 0.020370
0 0.273073 0.064352 0.022188 0.023148
0 0.272771 0.089028 0.019583 0.025926
0 0.441927 0.063065 0.015104 0.022222
0 0.044513 0.195676 0.015453 0.025926
0 0.355477 0.087903 0.145714 0.026417
0 0.664427 0.400000 0.347188 0.024074
0 0.509896 0.088889 0.152083 0.024074
0 0.939734 0.006681 0.010417 0.013361
0 0.608854 0.078472 0.034375 0.058796
0 0.975005 0.976065 0.036240 0.026574
0 0.070570 0.034153 0.024641 0.021102
0 0.356049 0.063731 0.144682 0.023648
0 0.025964 0.247278 0.013490 0.020815
0 0.810068 0.260162 0.016323 0.019972
0 0.067456 0.925157 0.134568 0.014500
0 0.097211 0.032310 0.022964 0.022935
0 0.118240 0.032773 0.017292 0.021102
0 0.140560 0.033917 0.016776 0.020185
0 0.160992 0.032431 0.015714 0.019343
0 0.185604 0.034125 0.027635 0.021491
0 0.214792 0.033046 0.023146 0.019963
0 0.773060 0.065648 0.013568 0.018519
0 0.635172 0.295481 0.288073 0.021667
0 0.180018 0.864639 0.044932 0.073870
0 0.772690 0.090153 0.013161 0.022213
0 0.596693 0.425463 0.211823 0.023148
0 0.789352 0.064681 0.014495 0.020731
0 0.064729 0.249204 0.015104 0.022222
0 0.027318 0.195833 0.017135 0.025000
0 0.046589 0.033139 0.015260 0.018519
0 0.788935 0.089634 0.014328 0.020880
0 0.806549 0.064829 0.014078 0.021028
0 0.915677 0.918056 0.168646 0.023148
0 0.963693 0.009194 0.009375 0.018389
0 0.665469 0.550926 0.348229 0.027778
0 0.806133 0.089338 0.014411 0.022657
0 0.821789 0.063069 0.010411 0.019528
0 0.061365 0.147111 0.017688 0.021296
0 0.820729 0.087741 0.010792 0.021926
0 0.837159 0.063764 0.014828 0.023102
0 0.920250 0.976111 0.010594 0.022204
