0 0.622000 0.203704 0.011458 0.024074
0 0.355909 0.089042 0.144328 0.026176
0 0.945932 0.976028 0.010417 0.024074
0 0.909896 0.088639 0.017708 0.025926
0 0.572865 0.424074 0.104062 0.024074
0 0.920042 0.063426 0.036458 0.024074
0 0.517544 0.063472 0.133453 0.024907
0 0.026240 0.272796 0.015625 0.025926
0 0.272708 0.089815 0.020417 0.024074
0 0.189232 0.064444 0.133203 0.022963
0 0.572448 0.371759 0.104271 0.025000
0 0.914323 0.917731 0.171354 0.024815
0 0.062091 0.145657 0.015818 0.021296
0 0.027677 0.033583 0.015104 0.020370
0 0.928385 0.089343 0.017188 0.027778
0 0.975081 0.974741 0.035880 0.030963
0 0.509479 0.088889 0.151250 0.024074
0 0.731344 0.062963 0.033875 0.025926
0 0.111719 0.088426 0.016667 0.027778
0 0.025508 0.246741 0.014776 0.017778
0 0.915115 0.284963 0.169771 0.015741
0 0.987680 0.226144 0.016901 0.016972
0 0.968844 0.225343 0.016646 0.015370
0 0.858977 0.080458 0.023609 0.052528
0 0.838138 0.062796 0.015224 0.017667
0 0.821555 0.088370 0.011474 0.022019
0 0.822336 0.064287 0.010964 0.018815
0 0.805563 0.091005 0.016125 0.022250
0 0.806339 0.065551 0.014063 0.022250
0 0.788727 0.089630 0.015995 0.020870
0 0.790727 0.066694 0.015349 0.024537
0 0.772922 0.090319 0.013292 0.021787
0 0.772987 0.064287 0.011870 0.020648
0 0.213862 0.033537 0.021401 0.021407
0 0.186042 0.031398 0.028354 0.022833
0 0.161828 0.032352 0.018458 0.022833
0 0.140294 0.032111 0.020328 0.025204
0 0.119294 0.033778 0.013641 0.019981
0 0.097599 0.033194 0.022073 0.021074
0 0.070271 0.032421 0.024490 0.020565
0 0.585417 0.561574 0.128125 0.025000
0 0.583672 0.533333 0.130573 0.025926
0 0.585547 0.236111 0.127865 0.025926
0 0.584219 0.506019 0.128438 0.025000
0 0.585495 0.478194 0.128021 0.026852
0 0.932318 0.033796 0.020885 0.025000
0 0.354521 0.062458 0.141115 0.026194
0 0.273021 0.064815 0.021042 0.024074
0 0.111682 0.062435 0.019271 0.021296
0 0.608854 0.073241 0.034375 0.057222
0 0.882818 0.080102 0.025000 0.053704
0 0.189750 0.087093 0.134875 0.024889
0 0.683820 0.063264 0.060589 0.023194
0 0.010271 0.249000 0.014063 0.024074
0 0.954427 0.078796 0.022396 0.055741
0 0.099542 0.197639 0.019271 0.024074
0 0.069792 0.858343 0.139583 0.026852
0 0.641953 0.088875 0.018750 0.026880
0 0.562682 0.312963 0.086094 0.022222
0 0.646677 0.206139 0.015625 0.026852
0 0.914844 0.267741 0.170313 0.015741
0 0.914930 0.250750 0.170141 0.016389
0 0.071391 0.905500 0.140104 0.021296
0 0.573776 0.450000 0.108490 0.022222
0 0.026865 0.222028 0.015625 0.025000
0 0.932703 0.975861 0.011052 0.026852
0 0.043990 0.195102 0.016219 0.025926
0 0.069323 0.925264 0.138646 0.014287
0 0.572057 0.399074 0.102969 0.022222
0 0.589557 0.286111 0.108385 0.022222
0 0.182161 0.863657 0.044115 0.074537
0 0.065260 0.249611 0.015625 0.024074
0 0.563203 0.336574 0.086094 0.023148
0 0.643349 0.060907 0.019792 0.024074
0 0.027471 0.196713 0.015151 0.025000
0 0.046828 0.033111 0.016760 0.018519
0 0.988276 0.008468 0.013021 0.016935
0 0.963276 0.008810 0.009896 0.017620
0 0.588307 0.261574 0.110885 0.021296
0 0.850573 0.320833 0.041771 0.017593
0 0.062240 0.325463 0.013021 0.025000
0 0.595052 0.586574 0.109896 0.025000
0 0.070312 0.804630 0.140625 0.027778
0 0.070312 0.830556 0.140625 0.027778
0 0.098698 0.273611 0.013021 0.025000
0 0.016406 0.082407 0.026562 0.061111
0 0.595313 0.612037 0.109375 0.025926
0 0.065104 0.083333 0.022917 0.059259
0 0.116927 0.274074 0.014063 0.022222
0 0.088542 0.082407 0.023958 0.059259
0 0.080469 0.272685 0.015104 0.025000
0 0.062240 0.636111 0.016146 0.025926
0 0.062500 0.272685 0.014583 0.025000
0 0.118229 0.300463 0.017708 0.025000
0 0.098437 0.247685 0.012500 0.025000
0 0.080469 0.635648 0.015104 0.025000
0 0.044010 0.325463 0.014063 0.023148
0 0.040885 0.083796 0.022396 0.060185
0 0.099479 0.299537 0.013542 0.025000
0 0.973698 0.032870 0.051562 0.026852
0 0.044010 0.273148 0.015104 0.024074
0 0.044010 0.636111 0.015104 0.025926
0 0.080729 0.299074 0.014583 0.024074
0 0.062240 0.610648 0.015104 0.021296
0 0.044271 0.298611 0.014583 0.025000
0 0.846875 0.199537 0.035417 0.028704
0 0.025521 0.325463 0.015625 0.023148
0 0.582031 0.732870 0.041146 0.025000
0 0.982812 0.081944 0.026042 0.065741
0 0.117448 0.248148 0.014063 0.025926
0 0.080729 0.247222 0.013542 0.024074
0 0.043750 0.247685 0.013542 0.023148
0 0.025260 0.636111 0.017188 0.024074
0 0.080469 0.325926 0.015104 0.025926
0 0.512500 0.977315 0.017708 0.025000
0 0.712240 0.088426 0.015104 0.023148
0 0.080469 0.610185 0.015104 0.022222
0 0.080469 0.727315 0.014063 0.023148
0 0.909896 0.034259 0.013542 0.025926
0 0.694792 0.088426 0.017708 0.023148
0 0.063281 0.700463 0.017188 0.025000
0 0.008594 0.221759 0.014063 0.025000
0 0.441927 0.064815 0.015104 0.024074
0 0.628906 0.732407 0.042188 0.025926
0 0.044010 0.610648 0.015104 0.023148
0 0.062500 0.299074 0.013542 0.024074
0 0.580729 0.979167 0.018750 0.030556
0 0.603906 0.979630 0.020313 0.031481
0 0.747396 0.088889 0.014583 0.022222
0 0.490104 0.976389 0.018750 0.023148
0 0.099479 0.701389 0.014583 0.023148
0 0.946354 0.146759 0.013542 0.023148
0 0.558594 0.977778 0.019271 0.027778
0 0.044010 0.662500 0.014063 0.028704
0 0.043750 0.584259 0.015625 0.022222
0 0.098698 0.325463 0.013021 0.025000
0 0.044531 0.726852 0.015104 0.020370
0 0.044271 0.700926 0.014583 0.025926
0 0.080990 0.700463 0.013021 0.023148
0 0.025781 0.299537 0.014063 0.025000
0 0.729948 0.088426 0.016146 0.023148
0 0.062500 0.221759 0.013542 0.023148
0 0.117969 0.326389 0.017188 0.023148
0 0.025781 0.662963 0.014063 0.029630
0 0.917188 0.200000 0.036458 0.025926
0 0.044271 0.352778 0.015625 0.025926
0 0.007812 0.325000 0.015625 0.024074
0 0.008073 0.663889 0.016146 0.029630
0 0.534896 0.977315 0.017708 0.025000
0 0.080729 0.221296 0.012500 0.022222
0 0.894271 0.034722 0.014583 0.023148
0 0.967708 0.145370 0.019792 0.024074
0 0.672917 0.981481 0.016667 0.029630
0 0.044010 0.222685 0.013021 0.023148
0 0.025781 0.584259 0.017188 0.024074
0 0.116927 0.221759 0.013021 0.023148
0 0.025521 0.351852 0.014583 0.025926
0 0.881250 0.199537 0.032292 0.028704
0 0.008333 0.352315 0.014583 0.023148
0 0.007812 0.610185 0.015625 0.022222
0 0.465885 0.977315 0.017188 0.025000
0 0.172135 0.146296 0.018229 0.025926
0 0.008333 0.727778 0.016667 0.020370
0 0.062500 0.662500 0.015625 0.028704
0 0.146615 0.193519 0.011979 0.022222
0 0.061719 0.584259 0.015104 0.022222
0 0.650260 0.981481 0.017188 0.029630
0 0.627083 0.981019 0.016667 0.028704
0 0.008333 0.700463 0.016667 0.026852
0 0.988802 0.145370 0.019271 0.022222
0 0.099219 0.221296 0.014063 0.022222
0 0.190365 0.146296 0.015104 0.025926
0 0.207552 0.146296 0.015104 0.024074
0 0.026042 0.700926 0.014583 0.025926
0 0.008073 0.273148 0.015104 0.024074
0 0.327083 0.978241 0.020833 0.025000
0 0.008594 0.194907 0.017188 0.025000
0 0.117188 0.584722 0.015625 0.021296
0 0.098958 0.636574 0.014583 0.025000
0 0.152083 0.145833 0.018750 0.025000
0 0.008073 0.298148 0.016146 0.027778
0 0.098958 0.610185 0.015625 0.024074
0 0.116667 0.636574 0.014583 0.025000
0 0.063021 0.726852 0.015625 0.022222
0 0.007812 0.584722 0.015625 0.025000
0 0.964844 0.172222 0.009896 0.016667
0 0.026042 0.727315 0.015625 0.021296
0 0.008594 0.635648 0.014063 0.025000
0 0.117188 0.701389 0.014583 0.023148
0 0.227083 0.146296 0.018750 0.024074
0 0.116406 0.609722 0.015104 0.023148
0 0.080208 0.194907 0.012500 0.023148
0 0.676562 0.087963 0.013542 0.022222
0 0.396615 0.975926 0.117188 0.035185
0 0.659115 0.088426 0.014063 0.021296
0 0.994531 0.171296 0.009896 0.018519
0 0.880208 0.976852 0.014583 0.025926
0 0.062500 0.195370 0.013542 0.024074
0 0.080469 0.584722 0.015104 0.021296
0 0.846875 0.978241 0.014583 0.025000
0 0.116406 0.194444 0.010937 0.022222
0 0.819271 0.173611 0.011458 0.019444
0 0.863281 0.976852 0.016146 0.025926
0 0.098958 0.584722 0.016667 0.021296
0 0.134896 0.756944 0.007292 0.017593
0 0.025781 0.609722 0.018229 0.019444
0 0.105729 0.757407 0.010417 0.018519
0 0.115365 0.146296 0.016146 0.024074
0 0.115104 0.561111 0.009375 0.018519
0 0.133073 0.146296 0.015104 0.022222
0 0.080469 0.662037 0.014063 0.027778
0 0.984375 0.170833 0.009375 0.017593
0 0.637500 0.425000 0.018750 0.025926
0 0.115625 0.171759 0.010417 0.019444
0 0.097135 0.146296 0.017188 0.024074
0 0.115365 0.756481 0.006771 0.016667
0 0.974479 0.171759 0.008333 0.015741
0 0.236719 0.033333 0.018229 0.022222
0 0.025781 0.145370 0.050521 0.027778
0 0.124740 0.756481 0.007812 0.016667
0 0.124479 0.561111 0.007292 0.016667
0 0.134896 0.172222 0.009375 0.020370
0 0.135156 0.560648 0.007812 0.015741
0 0.161458 0.172685 0.035417 0.019444
0 0.185938 0.173611 0.010417 0.017593
0 0.899479 0.976852 0.021875 0.025926
0 0.124740 0.172685 0.007812 0.017593
0 0.197135 0.173611 0.007812 0.017593
0 0.008073 0.034259 0.014063 0.022222
0 0.919010 0.976389 0.014063 0.026852
0 0.939323 0.008333 0.010937 0.016667
0 0.594531 0.637500 0.107813 0.019444
0 0.870573 0.338889 0.067187 0.016667
0 0.079427 0.145833 0.014063 0.025000
0 0.189844 0.212500 0.076563 0.019444
0 0.042448 0.728241 0.018229 0.021296
