0 0.844792 0.473148 0.035417 0.027778
0 0.879687 0.977315 0.015625 0.025000
0 0.124479 0.561111 0.007292 0.016667
0 0.134896 0.560185 0.007292 0.014815
0 0.070573 0.804630 0.141146 0.027778
0 0.408333 0.975926 0.115625 0.033333
0 0.070312 0.830556 0.140625 0.027778
0 0.834375 0.506481 0.055208 0.025926
0 0.016406 0.081944 0.026562 0.062037
0 0.098698 0.273611 0.013021 0.025000
0 0.044531 0.726852 0.015104 0.020370
0 0.973698 0.033333 0.051562 0.025926
0 0.062500 0.636111 0.015625 0.025926
0 0.523698 0.977315 0.017188 0.025000
0 0.080208 0.272685 0.014583 0.025000
0 0.099219 0.701389 0.014063 0.023148
0 0.116667 0.274074 0.013542 0.022222
0 0.065104 0.083333 0.021875 0.059259
0 0.098437 0.247685 0.012500 0.023148
0 0.118229 0.300463 0.016667 0.025000
0 0.080729 0.636111 0.014583 0.024074
0 0.062500 0.272222 0.014583 0.024074
0 0.062240 0.610648 0.015104 0.021296
0 0.501302 0.976852 0.016146 0.022222
0 0.099479 0.300000 0.013542 0.024074
0 0.044271 0.325463 0.013542 0.023148
0 0.080469 0.299074 0.014063 0.024074
0 0.477865 0.978241 0.016146 0.025000
0 0.044010 0.636574 0.015104 0.025000
0 0.040885 0.083796 0.021354 0.060185
0 0.044010 0.273148 0.015104 0.024074
0 0.044271 0.298611 0.014583 0.025000
0 0.062240 0.325926 0.013021 0.024074
0 0.683854 0.062963 0.061458 0.025926
0 0.080729 0.326389 0.014583 0.025000
0 0.846875 0.199074 0.035417 0.027778
0 0.025781 0.325000 0.015104 0.022222
0 0.080469 0.726852 0.014063 0.022222
0 0.694792 0.088426 0.017708 0.021296
0 0.088542 0.082870 0.023958 0.060185
0 0.712240 0.088889 0.013021 0.022222
0 0.117188 0.247685 0.013542 0.025000
0 0.983073 0.081019 0.025521 0.062037
0 0.043750 0.247222 0.013542 0.022222
0 0.117188 0.701389 0.013542 0.021296
0 0.080729 0.247222 0.013542 0.024074
0 0.025521 0.636111 0.016667 0.024074
0 0.747396 0.088889 0.013542 0.020370
0 0.731510 0.062963 0.035937 0.025926
0 0.044010 0.352778 0.015104 0.025926
0 0.080469 0.610185 0.015104 0.022222
0 0.117708 0.325926 0.016667 0.024074
0 0.546875 0.977315 0.016667 0.025000
0 0.062500 0.299074 0.013542 0.024074
0 0.063281 0.700926 0.016146 0.024074
0 0.098698 0.325463 0.013021 0.025000
0 0.044010 0.701389 0.014063 0.025000
0 0.008594 0.221759 0.014063 0.025000
0 0.570312 0.977778 0.017708 0.025926
0 0.883333 0.081019 0.023958 0.052778
0 0.730208 0.088889 0.014583 0.022222
0 0.080990 0.700463 0.013021 0.023148
0 0.043750 0.584259 0.015625 0.022222
0 0.586198 0.728241 0.042188 0.025000
0 0.044010 0.610648 0.015104 0.023148
0 0.062500 0.221759 0.013542 0.021296
0 0.044010 0.662500 0.014063 0.028704
0 0.025781 0.299537 0.014063 0.025000
0 0.592187 0.978704 0.017708 0.027778
0 0.007812 0.325463 0.015625 0.023148
0 0.917448 0.200463 0.035937 0.023148
0 0.676823 0.087500 0.010937 0.021296
0 0.080729 0.221296 0.012500 0.022222
0 0.492188 0.728241 0.041667 0.025000
0 0.967708 0.145833 0.019792 0.023148
0 0.026042 0.662500 0.013542 0.028704
0 0.025521 0.351852 0.014583 0.025926
0 0.806510 0.826389 0.042188 0.025000
0 0.008073 0.352315 0.014063 0.023148
0 0.062500 0.662500 0.015625 0.028704
0 0.008073 0.728241 0.016146 0.019444
0 0.063281 0.727315 0.015104 0.019444
0 0.044010 0.222222 0.013021 0.022222
0 0.025781 0.584259 0.017188 0.024074
0 0.008073 0.700926 0.016146 0.025926
0 0.008073 0.663426 0.016146 0.028704
0 0.116927 0.221759 0.011979 0.021296
0 0.007812 0.610648 0.015625 0.021296
0 0.207552 0.146296 0.014063 0.022222
0 0.616146 0.979630 0.019792 0.029630
0 0.098958 0.221296 0.013542 0.022222
0 0.755208 0.728241 0.056250 0.025000
0 0.172135 0.146296 0.018229 0.025926
0 0.632812 0.727778 0.041667 0.025926
0 0.659115 0.088889 0.013021 0.020370
0 0.946094 0.146759 0.013021 0.021296
0 0.061719 0.584722 0.015104 0.021296
0 0.026042 0.700926 0.013542 0.025926
0 0.988802 0.145370 0.019271 0.022222
0 0.080208 0.195370 0.012500 0.022222
0 0.110937 0.090278 0.016667 0.026852
0 0.026302 0.726852 0.015104 0.020370
0 0.116146 0.610185 0.014583 0.022222
0 0.116667 0.636574 0.014583 0.023148
0 0.909896 0.034259 0.013542 0.024074
0 0.190365 0.146296 0.014063 0.024074
0 0.007812 0.297685 0.015625 0.026852
0 0.098958 0.636111 0.014583 0.024074
0 0.008333 0.272685 0.014583 0.023148
0 0.116927 0.585185 0.015104 0.020370
0 0.894531 0.034259 0.014063 0.022222
0 0.441667 0.064352 0.015625 0.023148
0 0.853125 0.827315 0.041667 0.025000
0 0.964583 0.172685 0.009375 0.015741
0 0.146615 0.193056 0.011979 0.021296
0 0.098958 0.610185 0.015625 0.024074
0 0.227083 0.146759 0.017708 0.023148
0 0.008333 0.194907 0.016667 0.025000
0 0.638542 0.979630 0.015625 0.025926
0 0.152083 0.146296 0.018750 0.024074
0 0.338281 0.977778 0.018229 0.025926
0 0.881250 0.199537 0.032292 0.028704
0 0.008594 0.635648 0.014063 0.023148
0 0.007812 0.584722 0.015625 0.025000
0 0.641406 0.090278 0.014063 0.023148
0 0.539062 0.727778 0.041667 0.025926
0 0.661198 0.979630 0.017188 0.025926
0 0.025521 0.222222 0.014583 0.024074
0 0.701042 0.728241 0.041667 0.025000
0 0.070312 0.905093 0.140625 0.026852
0 0.643750 0.073148 0.018750 0.044444
0 0.062500 0.195370 0.013542 0.024074
0 0.134896 0.756944 0.007292 0.015741
0 0.080208 0.585185 0.015625 0.020370
0 0.837500 0.728241 0.047917 0.025000
0 0.116667 0.195370 0.010417 0.020370
0 0.994792 0.171759 0.009375 0.017593
0 0.506771 0.477778 0.041667 0.024074
0 0.643750 0.064815 0.019792 0.024074
0 0.870052 0.441204 0.013021 0.023148
0 0.115365 0.756481 0.005729 0.014815
0 0.115104 0.146759 0.015625 0.023148
0 0.098698 0.585185 0.016146 0.022222
0 0.025781 0.609722 0.017188 0.019444
0 0.132812 0.146296 0.014583 0.020370
0 0.105729 0.756481 0.009375 0.016667
0 0.819531 0.174537 0.011979 0.019444
0 0.115885 0.172222 0.009896 0.018519
0 0.984115 0.171296 0.008854 0.016667
0 0.080469 0.662500 0.014063 0.026852
0 0.097135 0.145833 0.017188 0.023148
0 0.910156 0.087963 0.017188 0.025926
0 0.974479 0.172222 0.008333 0.014815
0 0.863021 0.978704 0.014583 0.029630
0 0.534896 0.506019 0.127083 0.026852
0 0.185417 0.174074 0.009375 0.016667
0 0.025781 0.145370 0.050521 0.027778
0 0.069792 0.857870 0.139583 0.026852
0 0.161458 0.173148 0.035417 0.018519
0 0.125000 0.756944 0.007292 0.015741
0 0.134896 0.172222 0.009375 0.018519
0 0.197396 0.174074 0.007292 0.016667
0 0.124740 0.173148 0.007812 0.016667
0 0.115885 0.756481 0.007812 0.016667
0 0.939323 0.007870 0.010937 0.015741
0 0.919010 0.977315 0.014063 0.023148
0 0.199219 0.212500 0.099479 0.019444
0 0.079687 0.145833 0.013542 0.023148
0 0.008333 0.033333 0.014583 0.020370
0 0.846354 0.440741 0.009375 0.020370
0 0.237240 0.033796 0.016146 0.017593
0 0.608594 0.074074 0.034896 0.053704
0 0.899479 0.977778 0.019792 0.024074
0 0.485938 0.535185 0.027083 0.020370
0 0.042448 0.728704 0.018229 0.020370
0 0.883594 0.171296 0.110937 0.025926
0 0.355646 0.087532 0.142146 0.023269
0 0.953906 0.079583 0.021354 0.057315
0 0.113026 0.063889 0.019271 0.020370
0 0.605971 0.477421 0.029828 0.020602
0 0.569349 0.476491 0.037490 0.019630
0 0.538854 0.476491 0.019563 0.018852
0 0.044820 0.195574 0.015297 0.025926
0 0.912839 0.918056 0.174323 0.023148
0 0.027760 0.195833 0.016979 0.025000
0 0.514062 0.552778 0.082292 0.016667
0 0.181208 0.862704 0.044792 0.080407
0 0.963104 0.009097 0.009375 0.018194
0 0.045826 0.033194 0.014391 0.018519
0 0.516198 0.568981 0.085521 0.015741
0 0.928385 0.088880 0.017188 0.026852
0 0.667813 0.695833 0.389792 0.017593
0 0.026635 0.032037 0.017865 0.020370
0 0.976469 0.974069 0.038417 0.029620
0 0.061531 0.146204 0.019271 0.020370
0 0.807346 0.475500 0.030828 0.021296
0 0.472888 0.477366 0.022297 0.015546
0 0.837690 0.064310 0.014453 0.018639
0 0.821185 0.089167 0.013036 0.019148
0 0.822367 0.063727 0.010109 0.023009
0 0.805599 0.089171 0.015115 0.022843
0 0.807344 0.064648 0.015208 0.027537
0 0.788357 0.088662 0.015401 0.020157
0 0.789677 0.065236 0.013885 0.024009
0 0.772815 0.089843 0.014172 0.022167
0 0.772768 0.065653 0.015401 0.022843
0 0.273125 0.090741 0.020208 0.025926
0 0.213474 0.031347 0.021500 0.018657
0 0.187042 0.033824 0.026052 0.020463
0 0.162253 0.034046 0.017203 0.020463
0 0.140651 0.032815 0.018083 0.019111
0 0.120164 0.032472 0.017328 0.017537
0 0.096766 0.033935 0.022635 0.020463
0 0.070966 0.033259 0.023901 0.021815
0 0.115104 0.561574 0.009375 0.017593
0 0.027216 0.272944 0.015245 0.023963
0 0.070346 0.926333 0.140505 0.012593
0 0.945870 0.976037 0.015802 0.022370
0 0.931677 0.976296 0.009365 0.023407
0 0.355763 0.063435 0.142953 0.022611
0 0.747630 0.506481 0.114115 0.025926
0 0.189797 0.064120 0.134573 0.021759
0 0.515451 0.065023 0.128995 0.020602
0 0.190250 0.086347 0.134187 0.024898
0 0.933724 0.033796 0.022656 0.025000
0 0.273464 0.064815 0.021927 0.024074
0 0.919380 0.062741 0.035417 0.024074
0 0.065583 0.249167 0.015104 0.023148
0 0.025849 0.247852 0.015625 0.023148
0 0.009792 0.248852 0.015469 0.024074
0 0.988021 0.009523 0.012500 0.019046
0 0.858958 0.079167 0.024792 0.047222
0 0.099740 0.198472 0.019271 0.024074
0 0.509141 0.088889 0.150573 0.024074
0 0.677190 0.477333 0.035161 0.018667
0 0.639365 0.476977 0.036552 0.018657
