0 0.099479 0.300000 0.013542 0.024074
0 0.939063 0.008333 0.010417 0.014815
0 0.806510 0.826389 0.042188 0.025000
0 0.079427 0.145370 0.013021 0.024074
0 0.899479 0.977778 0.020833 0.022222
0 0.674219 0.893056 0.041146 0.025000
0 0.134635 0.560648 0.008854 0.017593
0 0.008073 0.033796 0.013021 0.021296
0 0.070312 0.904630 0.140625 0.025926
0 0.124740 0.172685 0.007812 0.017593
0 0.124740 0.561111 0.006771 0.016667
0 0.197396 0.174074 0.007292 0.016667
0 0.193750 0.212963 0.087500 0.018519
0 0.608594 0.078704 0.034896 0.062963
0 0.134896 0.172222 0.009375 0.018519
0 0.736979 0.169907 0.016667 0.025000
0 0.890625 0.619444 0.012500 0.012963
0 0.720313 0.892593 0.041667 0.024074
0 0.853385 0.827315 0.041146 0.025000
0 0.025781 0.144907 0.050521 0.028704
0 0.125000 0.756944 0.007292 0.015741
0 0.974479 0.172222 0.008333 0.014815
0 0.236979 0.032870 0.017708 0.021296
0 0.097135 0.145833 0.017188 0.023148
0 0.098698 0.585185 0.016146 0.020370
0 0.919271 0.977315 0.013542 0.023148
0 0.115104 0.756481 0.006250 0.014815
0 0.115104 0.560648 0.009375 0.017593
0 0.080469 0.662500 0.014063 0.026852
0 0.984115 0.171759 0.008854 0.015741
0 0.115625 0.172222 0.009375 0.018519
0 0.061719 0.584259 0.015104 0.020370
0 0.115104 0.146759 0.015625 0.023148
0 0.025781 0.609722 0.017188 0.019444
0 0.080208 0.584722 0.015625 0.019444
0 0.659375 0.088426 0.013542 0.021296
0 0.820052 0.173148 0.010937 0.020370
0 0.069792 0.858333 0.139583 0.027778
0 0.105990 0.756944 0.009896 0.017593
0 0.132812 0.146296 0.014583 0.020370
0 0.964844 0.172685 0.009896 0.015741
0 0.134896 0.756944 0.007292 0.015741
0 0.352083 0.088426 0.152083 0.026852
0 0.715885 0.170370 0.018229 0.025926
0 0.837760 0.311111 0.016146 0.022222
0 0.994792 0.171759 0.009375 0.015741
0 0.116667 0.194444 0.010417 0.022222
0 0.846875 0.978704 0.013542 0.022222
0 0.863281 0.977778 0.015104 0.022222
0 0.062500 0.195370 0.012500 0.024074
0 0.007812 0.585185 0.015625 0.024074
0 0.676562 0.087963 0.014583 0.022222
0 0.881250 0.199537 0.032292 0.028704
0 0.116927 0.585185 0.015104 0.020370
0 0.080208 0.195370 0.012500 0.022222
0 0.271094 0.089815 0.017188 0.024074
0 0.880208 0.978241 0.013542 0.021296
0 0.025521 0.222222 0.014583 0.024074
0 0.009375 0.635648 0.013542 0.025000
0 0.116406 0.609722 0.014063 0.021296
0 0.008333 0.194907 0.016667 0.025000
0 0.988542 0.145833 0.018750 0.021296
0 0.008333 0.272685 0.014583 0.023148
0 0.026302 0.700926 0.014063 0.025926
0 0.116667 0.637037 0.014583 0.024074
0 0.025781 0.584722 0.017188 0.023148
0 0.098958 0.609722 0.015625 0.023148
0 0.008333 0.298148 0.015625 0.027778
0 0.098958 0.636111 0.014583 0.024074
0 0.026042 0.726852 0.015625 0.020370
0 0.846875 0.199537 0.035417 0.028704
0 0.117188 0.701852 0.013542 0.022222
0 0.062500 0.662500 0.015625 0.028704
0 0.026042 0.662500 0.013542 0.028704
0 0.063021 0.726852 0.014583 0.022222
0 0.151823 0.146296 0.018229 0.024074
0 0.008073 0.663426 0.016146 0.028704
0 0.099219 0.221296 0.013021 0.022222
0 0.327344 0.978704 0.020313 0.024074
0 0.008073 0.352315 0.014063 0.023148
0 0.110937 0.089815 0.016667 0.027778
0 0.008073 0.700463 0.016146 0.025000
0 0.973437 0.032870 0.051042 0.026852
0 0.946094 0.146759 0.013021 0.021296
0 0.044010 0.584722 0.015104 0.023148
0 0.190365 0.146759 0.014063 0.023148
0 0.588542 0.285185 0.213542 0.027778
0 0.146615 0.193519 0.011979 0.022222
0 0.025521 0.351852 0.014583 0.025926
0 0.008073 0.728241 0.016146 0.019444
0 0.172396 0.146296 0.017708 0.024074
0 0.729688 0.087963 0.016667 0.024074
0 0.007812 0.325463 0.015625 0.023148
0 0.894271 0.034259 0.013542 0.022222
0 0.044010 0.222222 0.013021 0.022222
0 0.116927 0.221759 0.011979 0.023148
0 0.044010 0.352778 0.015104 0.025926
0 0.026302 0.272685 0.015104 0.025000
0 0.007812 0.610648 0.015625 0.021296
0 0.967969 0.146296 0.019271 0.022222
0 0.747396 0.088889 0.014583 0.022222
0 0.227083 0.146759 0.017708 0.023148
0 0.080729 0.700926 0.012500 0.022222
0 0.044271 0.700926 0.014583 0.024074
0 0.694792 0.088426 0.017708 0.023148
0 0.044010 0.662500 0.014063 0.028704
0 0.917448 0.200463 0.035937 0.025000
0 0.207552 0.146296 0.014063 0.022222
0 0.909635 0.033796 0.013021 0.025000
0 0.117969 0.326389 0.017188 0.023148
0 0.080469 0.221296 0.011979 0.022222
0 0.098698 0.325463 0.013021 0.025000
0 0.712240 0.087963 0.015104 0.024074
0 0.673177 0.981019 0.017188 0.028704
0 0.271094 0.064352 0.018229 0.023148
0 0.650521 0.981019 0.016667 0.028704
0 0.466146 0.978241 0.016667 0.025000
0 0.025781 0.299537 0.014063 0.025000
0 0.062500 0.221759 0.013542 0.023148
0 0.441667 0.064815 0.014583 0.024074
0 0.919010 0.062963 0.035937 0.024074
0 0.983073 0.083333 0.025521 0.066667
0 0.080729 0.325926 0.014583 0.025926
0 0.008854 0.221759 0.013542 0.025000
0 0.535417 0.977778 0.016667 0.024074
0 0.627344 0.980556 0.015104 0.025926
0 0.062500 0.299074 0.013542 0.024074
0 0.063281 0.700926 0.016146 0.024074
0 0.044010 0.610648 0.015104 0.023148
0 0.044531 0.726852 0.015104 0.020370
0 0.062240 0.325463 0.013021 0.025000
0 0.603906 0.979167 0.019271 0.030556
0 0.838021 0.288426 0.016667 0.017593
0 0.580990 0.978704 0.017188 0.027778
0 0.080469 0.610185 0.015104 0.022222
0 0.025521 0.636111 0.016667 0.024074
0 0.883594 0.081019 0.024479 0.054630
0 0.099219 0.701389 0.014063 0.023148
0 0.117188 0.248148 0.013542 0.025926
0 0.558594 0.977315 0.018229 0.025000
0 0.025781 0.325000 0.015104 0.022222
0 0.044010 0.247685 0.013021 0.023148
0 0.040885 0.083796 0.021354 0.060185
0 0.080990 0.246759 0.013021 0.023148
0 0.490104 0.976852 0.017708 0.022222
0 0.080729 0.727315 0.013542 0.023148
0 0.044010 0.273148 0.014063 0.024074
0 0.044531 0.298611 0.014063 0.025000
0 0.080469 0.299074 0.014063 0.024074
0 0.044271 0.325463 0.013542 0.023148
0 0.043750 0.636574 0.014583 0.025000
0 0.080469 0.636111 0.015104 0.024074
0 0.118490 0.300463 0.017188 0.025000
0 0.062240 0.611111 0.015104 0.020370
0 0.512500 0.977315 0.016667 0.023148
0 0.062500 0.272685 0.014583 0.025000
0 0.098437 0.247685 0.012500 0.025000
0 0.088542 0.082407 0.023958 0.059259
0 0.065104 0.083333 0.021875 0.059259
0 0.080469 0.272685 0.014063 0.025000
0 0.116927 0.274074 0.013021 0.022222
0 0.062240 0.636111 0.015104 0.025926
0 0.354687 0.062500 0.147917 0.028704
0 0.396354 0.975926 0.115625 0.033333
0 0.016406 0.082870 0.026562 0.060185
0 0.098698 0.273611 0.013021 0.025000
0 0.720573 0.283796 0.042188 0.025000
0 0.070312 0.830093 0.140625 0.026852
0 0.070312 0.804630 0.140625 0.027778
0 0.180953 0.861037 0.041667 0.073519
0 0.772742 0.065731 0.014703 0.021556
0 0.213380 0.032852 0.021979 0.021315
0 0.185203 0.030903 0.026375 0.022380
0 0.160922 0.032681 0.014187 0.020250
0 0.140042 0.032500 0.018385 0.020611
0 0.118758 0.033032 0.015786 0.018120
0 0.097076 0.032500 0.022380 0.020611
0 0.070198 0.032852 0.022979 0.017056
0 0.925260 0.285648 0.149479 0.015741
0 0.111937 0.062463 0.018750 0.020370
0 0.859297 0.080093 0.023073 0.049074
0 0.932760 0.034259 0.020729 0.024074
0 0.931435 0.977157 0.009328 0.019648
0 0.517823 0.064213 0.135052 0.023426
0 0.026792 0.247417 0.015625 0.023148
0 0.009578 0.248815 0.015729 0.024074
0 0.954167 0.077824 0.021875 0.053796
0 0.683516 0.064213 0.059740 0.023426
0 0.189687 0.064796 0.135156 0.020833
0 0.509766 0.088889 0.151823 0.024074
0 0.064031 0.248241 0.016396 0.023148
0 0.044602 0.195370 0.015901 0.025926
0 0.045958 0.032593 0.014542 0.018519
0 0.914219 0.248731 0.170521 0.017870
0 0.642000 0.090398 0.016146 0.026981
0 0.944474 0.975162 0.011573 0.023028
0 0.974701 0.977005 0.040245 0.034083
0 0.987276 0.008792 0.012500 0.017583
0 0.069714 0.925824 0.139427 0.013167
0 0.060664 0.145935 0.015547 0.021296
0 0.515443 0.204630 0.081927 0.014815
0 0.913255 0.917593 0.173490 0.022222
0 0.167057 0.173148 0.046615 0.018519
0 0.612786 0.227778 0.257760 0.025926
0 0.026203 0.033213 0.015104 0.020370
0 0.605599 0.776389 0.251302 0.023148
0 0.928385 0.089495 0.017188 0.025269
0 0.523750 0.693981 0.072500 0.013889
0 0.523792 0.807500 0.085229 0.023148
0 0.909896 0.090352 0.017708 0.025926
0 0.962500 0.008458 0.009375 0.016917
0 0.506432 0.262037 0.062865 0.012963
0 0.925521 0.302315 0.148958 0.013889
0 0.027422 0.195833 0.015260 0.025000
0 0.607786 0.749074 0.251094 0.025926
0 0.730961 0.063380 0.034536 0.025093
0 0.644010 0.063667 0.019271 0.023611
0 0.189159 0.088782 0.134495 0.024287
0 0.099339 0.197287 0.019271 0.024074
0 0.806469 0.065315 0.013396 0.023130
0 0.806083 0.089301 0.014552 0.021065
0 0.821357 0.063602 0.010984 0.022444
0 0.821260 0.089389 0.011760 0.023296
0 0.837596 0.063190 0.013807 0.016972
0 0.914901 0.267944 0.170198 0.017870
0 0.925414 0.318759 0.149172 0.017870
0 0.915484 0.337796 0.169031 0.017870
0 0.914966 0.354991 0.170068 0.017870
0 0.914846 0.373806 0.170307 0.017870
0 0.915417 0.409324 0.169167 0.017870
0 0.789120 0.090500 0.016479 0.021074
0 0.790224 0.067454 0.014323 0.021333
0 0.772935 0.091190 0.012776 0.024306
