0 0.509557 0.088889 0.151406 0.024074
0 0.162529 0.034005 0.014870 0.013491
0 0.069651 0.032361 0.025677 0.020019
0 0.098505 0.032653 0.023365 0.019417
0 0.732688 0.060870 0.035937 0.025926
0 0.009922 0.248130 0.015781 0.024074
0 0.064453 0.249361 0.015104 0.023148
0 0.119138 0.032116 0.014266 0.020491
0 0.933177 0.034259 0.021563 0.024074
0 0.273620 0.064815 0.022240 0.024074
0 0.684052 0.062611 0.061458 0.025926
0 0.139469 0.032389 0.020937 0.021037
0 0.189461 0.086880 0.133578 0.024574
0 0.516276 0.063889 0.136719 0.024074
0 0.189398 0.065542 0.133182 0.022380
0 0.807346 0.473398 0.025630 0.025926
0 0.355609 0.064907 0.142010 0.023889
0 0.100000 0.196852 0.018750 0.024074
0 0.517760 0.585185 0.086563 0.016667
0 0.180594 0.862546 0.045885 0.080648
0 0.517578 0.568981 0.089323 0.015741
0 0.027552 0.195833 0.016562 0.025000
0 0.643370 0.063231 0.019792 0.023148
0 0.515573 0.600000 0.082187 0.014815
0 0.514974 0.616204 0.080990 0.015741
0 0.185740 0.035356 0.026094 0.018343
0 0.214417 0.031847 0.022760 0.015639
0 0.772328 0.065241 0.015406 0.021074
0 0.771992 0.090074 0.015068 0.020167
0 0.790359 0.065241 0.015573 0.022870
0 0.788836 0.088718 0.013547 0.020472
0 0.807596 0.064968 0.016422 0.023176
0 0.805479 0.088444 0.014563 0.017759
0 0.822156 0.065722 0.009990 0.021074
0 0.821904 0.088144 0.011516 0.021972
0 0.837654 0.062926 0.015370 0.016148
0 0.931630 0.976431 0.010969 0.023676
0 0.944560 0.976259 0.012932 0.021944
0 0.976490 0.976606 0.041531 0.034472
0 0.748586 0.506560 0.113422 0.027509
0 0.538820 0.476551 0.018359 0.015935
0 0.568945 0.477907 0.035526 0.018648
0 0.604003 0.476398 0.027599 0.015944
0 0.638286 0.476546 0.034198 0.016852
0 0.676042 0.478356 0.034875 0.019861
0 0.026174 0.246838 0.014651 0.019824
0 0.047023 0.032741 0.016161 0.018519
0 0.044557 0.195370 0.014010 0.025926
0 0.518099 0.552778 0.090365 0.018519
0 0.111927 0.063889 0.021771 0.020370
0 0.271974 0.090222 0.020406 0.025926
0 0.915443 0.918056 0.169115 0.023148
0 0.355875 0.089083 0.145688 0.025074
0 0.910042 0.089259 0.017708 0.025926
0 0.664297 0.695833 0.383802 0.017593
0 0.929115 0.089463 0.017188 0.026852
0 0.168281 0.173148 0.049062 0.018519
0 0.070938 0.925093 0.141875 0.017778
0 0.028714 0.033963 0.015104 0.020370
0 0.059260 0.146213 0.019271 0.025648
0 0.919745 0.062963 0.035937 0.024074
0 0.105729 0.756481 0.009375 0.016667
0 0.115625 0.172222 0.010417 0.018519
0 0.097135 0.145833 0.017188 0.023148
0 0.080469 0.662500 0.014063 0.026852
0 0.984115 0.171296 0.008854 0.016667
0 0.974479 0.172222 0.008333 0.014815
0 0.847135 0.440741 0.014063 0.024074
0 0.844792 0.473148 0.035417 0.027778
0 0.025781 0.145370 0.050521 0.027778
0 0.124479 0.561111 0.007292 0.016667
0 0.507292 0.476852 0.041667 0.024074
0 0.135156 0.560185 0.007812 0.014815
0 0.534115 0.506019 0.125521 0.026852
0 0.069792 0.857870 0.139583 0.026852
0 0.197396 0.174074 0.007292 0.016667
0 0.125000 0.756481 0.007292 0.014815
0 0.199219 0.212500 0.099479 0.019444
0 0.919010 0.976852 0.014063 0.024074
0 0.134896 0.172222 0.009375 0.018519
0 0.079687 0.145833 0.013542 0.023148
0 0.124740 0.173148 0.007812 0.016667
0 0.939323 0.007870 0.010937 0.015741
0 0.115885 0.756944 0.007812 0.015741
0 0.008333 0.033333 0.014583 0.020370
0 0.237240 0.033333 0.016146 0.018519
0 0.899479 0.977778 0.020833 0.024074
0 0.473698 0.478241 0.023438 0.015741
0 0.608594 0.074537 0.034896 0.054630
0 0.070573 0.804630 0.141146 0.027778
0 0.070312 0.830556 0.140625 0.027778
0 0.396875 0.976389 0.116667 0.034259
0 0.016406 0.082407 0.026562 0.061111
0 0.098698 0.273611 0.013021 0.025000
0 0.044531 0.726852 0.015104 0.020370
0 0.834375 0.506019 0.055208 0.026852
0 0.065104 0.083333 0.022917 0.059259
0 0.973698 0.033333 0.051562 0.025926
0 0.062500 0.636111 0.015625 0.025926
0 0.512500 0.976852 0.016667 0.024074
0 0.116927 0.274074 0.014063 0.022222
0 0.080469 0.272685 0.015104 0.025000
0 0.099219 0.701389 0.014063 0.023148
0 0.118229 0.300463 0.016667 0.025000
0 0.080469 0.635648 0.015104 0.025000
0 0.098437 0.247685 0.012500 0.023148
0 0.099479 0.300000 0.013542 0.024074
0 0.080729 0.299074 0.014583 0.024074
0 0.062500 0.272222 0.014583 0.024074
0 0.080469 0.326389 0.015104 0.025000
0 0.044271 0.325463 0.013542 0.023148
0 0.088542 0.082407 0.023958 0.059259
0 0.062240 0.610648 0.015104 0.021296
0 0.040885 0.083796 0.022396 0.060185
0 0.062240 0.325926 0.013021 0.024074
0 0.044010 0.636574 0.015104 0.025000
0 0.044010 0.273148 0.015104 0.024074
0 0.846875 0.199074 0.035417 0.027778
0 0.044271 0.298611 0.014583 0.025000
0 0.080469 0.726852 0.014063 0.022222
0 0.025521 0.325000 0.015625 0.022222
0 0.117708 0.325926 0.017708 0.024074
0 0.586198 0.728241 0.042188 0.025000
0 0.098698 0.325463 0.013021 0.025000
0 0.492188 0.728241 0.041667 0.025000
0 0.694792 0.088426 0.017708 0.023148
0 0.044271 0.352778 0.015625 0.025926
0 0.025521 0.636111 0.016667 0.024074
0 0.490104 0.977315 0.017708 0.023148
0 0.712240 0.088889 0.013021 0.022222
0 0.983073 0.081019 0.025521 0.062037
0 0.117188 0.247685 0.013542 0.025000
0 0.043750 0.247222 0.013542 0.022222
0 0.117188 0.701389 0.013542 0.021296
0 0.747396 0.088889 0.013542 0.020370
0 0.080469 0.610185 0.015104 0.022222
0 0.080990 0.247222 0.014063 0.024074
0 0.044010 0.700926 0.014063 0.024074
0 0.883333 0.080556 0.023958 0.051852
0 0.858333 0.079167 0.026042 0.047222
0 0.026042 0.272685 0.015625 0.025000
0 0.063281 0.700926 0.017188 0.024074
0 0.062500 0.299074 0.013542 0.024074
0 0.806510 0.826389 0.042188 0.025000
0 0.988021 0.010648 0.012500 0.021296
0 0.008594 0.221759 0.014063 0.025000
0 0.043750 0.584259 0.015625 0.022222
0 0.580729 0.978241 0.017708 0.028704
0 0.007812 0.325463 0.015625 0.023148
0 0.080990 0.700463 0.013021 0.023148
0 0.730208 0.088889 0.014583 0.022222
0 0.558594 0.977778 0.018229 0.025926
0 0.044010 0.662500 0.014063 0.028704
0 0.535156 0.977315 0.017188 0.025000
0 0.466146 0.978241 0.016667 0.025000
0 0.044010 0.610648 0.015104 0.023148
0 0.917448 0.200000 0.035937 0.024074
0 0.025781 0.299537 0.014063 0.025000
0 0.603906 0.979630 0.020313 0.031481
0 0.062500 0.221759 0.013542 0.021296
0 0.632552 0.728241 0.042188 0.025000
0 0.026042 0.662500 0.013542 0.028704
0 0.539062 0.727778 0.041667 0.025926
0 0.676562 0.087500 0.011458 0.021296
0 0.025781 0.352315 0.014063 0.025000
0 0.080729 0.221296 0.012500 0.022222
0 0.063281 0.727315 0.015104 0.019444
0 0.025781 0.584259 0.017188 0.024074
0 0.008073 0.663426 0.016146 0.028704
0 0.755208 0.728241 0.056250 0.025000
0 0.008073 0.728241 0.016146 0.019444
0 0.008333 0.352315 0.014583 0.023148
0 0.441667 0.064352 0.015625 0.023148
0 0.967708 0.146296 0.019792 0.022222
0 0.062500 0.662500 0.015625 0.028704
0 0.008073 0.700926 0.016146 0.025926
0 0.044010 0.222222 0.013021 0.022222
0 0.953906 0.083333 0.021354 0.062963
0 0.650781 0.981481 0.017188 0.029630
0 0.837240 0.728241 0.048438 0.025000
0 0.061719 0.583796 0.015104 0.021296
0 0.627083 0.980556 0.015625 0.027778
0 0.207552 0.146296 0.014063 0.022222
0 0.894531 0.034259 0.014063 0.022222
0 0.672917 0.981481 0.016667 0.029630
0 0.007812 0.610185 0.015625 0.020370
0 0.080208 0.195370 0.012500 0.022222
0 0.026042 0.700926 0.013542 0.025926
0 0.008333 0.272685 0.014583 0.023148
0 0.116667 0.221759 0.012500 0.021296
0 0.099219 0.221296 0.014063 0.022222
0 0.007812 0.297685 0.015625 0.026852
0 0.172135 0.146296 0.018229 0.025926
0 0.116406 0.610185 0.015104 0.022222
0 0.909896 0.034259 0.013542 0.024074
0 0.110937 0.090278 0.016667 0.026852
0 0.946354 0.146759 0.013542 0.021296
0 0.190365 0.146296 0.014063 0.024074
0 0.117188 0.585185 0.015625 0.020370
0 0.098958 0.610185 0.015625 0.024074
0 0.026302 0.726852 0.015104 0.020370
0 0.327083 0.978704 0.019792 0.024074
0 0.853125 0.827315 0.041667 0.025000
0 0.116667 0.636574 0.014583 0.023148
0 0.146615 0.193056 0.011979 0.021296
0 0.988802 0.145370 0.019271 0.022222
0 0.008594 0.635648 0.014063 0.023148
0 0.098958 0.636111 0.014583 0.024074
0 0.226823 0.146759 0.017188 0.023148
0 0.152083 0.145833 0.018750 0.025000
0 0.659115 0.088889 0.013021 0.020370
0 0.008073 0.584722 0.016146 0.025000
0 0.701562 0.728241 0.041667 0.025000
0 0.964583 0.172222 0.009375 0.016667
0 0.881250 0.199537 0.032292 0.028704
0 0.008333 0.194907 0.016667 0.025000
0 0.070312 0.905093 0.140625 0.026852
0 0.025781 0.222222 0.015104 0.024074
0 0.062240 0.195370 0.013021 0.024074
0 0.115104 0.561574 0.009375 0.017593
0 0.641406 0.090278 0.014063 0.023148
0 0.116667 0.195370 0.010417 0.020370
0 0.869792 0.440741 0.013542 0.024074
0 0.880208 0.978241 0.013542 0.023148
0 0.819531 0.173611 0.010937 0.019444
0 0.080208 0.584722 0.015625 0.021296
0 0.134896 0.756944 0.007292 0.015741
0 0.115104 0.146759 0.015625 0.023148
0 0.098958 0.584722 0.016667 0.021296
0 0.994792 0.171759 0.009375 0.017593
0 0.846615 0.978241 0.014063 0.023148
0 0.863021 0.978241 0.014583 0.023148
0 0.963021 0.010185 0.009375 0.020370
0 0.132812 0.146296 0.014583 0.020370
0 0.025781 0.609722 0.017188 0.019444
