0 0.837542 0.063139 0.014552 0.020500
0 0.112109 0.063889 0.021094 0.020370
0 0.988307 0.008593 0.012500 0.017185
0 0.954167 0.080139 0.021875 0.058426
0 0.272214 0.064352 0.020469 0.023148
0 0.920312 0.061935 0.035937 0.024074
0 0.442115 0.064417 0.014583 0.024074
0 0.009406 0.249602 0.016354 0.024074
0 0.027510 0.246796 0.015625 0.023148
0 0.933724 0.034259 0.022656 0.024074
0 0.063516 0.248759 0.017344 0.023148
0 0.518448 0.064694 0.135104 0.021667
0 0.511901 0.088889 0.156094 0.024074
0 0.189893 0.065181 0.134484 0.023880
0 0.684339 0.062912 0.060385 0.023046
0 0.355227 0.063949 0.144547 0.027343
0 0.189659 0.088880 0.135682 0.022926
0 0.180891 0.863454 0.044063 0.075556
0 0.272448 0.090278 0.019896 0.025000
0 0.044578 0.194926 0.015844 0.025926
0 0.644422 0.061806 0.019792 0.024074
0 0.046865 0.032454 0.015437 0.018519
0 0.730703 0.063935 0.033281 0.023981
0 0.607318 0.749074 0.252031 0.025926
0 0.606510 0.775926 0.253646 0.027778
0 0.027865 0.195833 0.016146 0.025000
0 0.915411 0.251458 0.168552 0.015676
0 0.507214 0.262037 0.064427 0.012963
0 0.963484 0.008644 0.009896 0.017287
0 0.910328 0.088713 0.017708 0.023315
0 0.946333 0.976046 0.014063 0.025000
0 0.642573 0.087722 0.015625 0.027778
0 0.520130 0.693981 0.065260 0.013889
0 0.928818 0.089310 0.017188 0.025639
0 0.026958 0.033981 0.015104 0.020370
0 0.168047 0.173148 0.048594 0.018519
0 0.071214 0.905167 0.140625 0.025926
0 0.915339 0.407870 0.166198 0.019444
0 0.513880 0.204630 0.078802 0.014815
0 0.062776 0.146759 0.020490 0.021296
0 0.070924 0.925282 0.139401 0.013139
0 0.915573 0.267917 0.168854 0.014722
0 0.071589 0.035120 0.024292 0.021593
0 0.096964 0.030880 0.023562 0.021852
0 0.120167 0.032681 0.015615 0.022361
0 0.139398 0.031394 0.018505 0.022361
0 0.161013 0.029468 0.016630 0.024157
0 0.186388 0.031653 0.028339 0.024935
0 0.215159 0.031875 0.020578 0.022602
0 0.355766 0.090356 0.144948 0.025324
0 0.747503 0.088250 0.012964 0.019778
0 0.772719 0.064727 0.014365 0.025343
0 0.772773 0.090264 0.015120 0.021880
0 0.790271 0.065685 0.014688 0.024963
0 0.788758 0.089495 0.015120 0.019583
0 0.806255 0.065301 0.014260 0.025731
0 0.806633 0.090551 0.016953 0.018620
0 0.821591 0.065014 0.013828 0.020546
0 0.821807 0.089306 0.012094 0.019963
0 0.099958 0.197713 0.019271 0.024074
0 0.925875 0.286042 0.148250 0.015694
0 0.925622 0.302829 0.148755 0.016565
0 0.925706 0.320454 0.148589 0.016130
0 0.915148 0.337972 0.169703 0.016130
0 0.914852 0.355639 0.169703 0.016130
0 0.915208 0.374000 0.169583 0.016130
0 0.974336 0.976898 0.039484 0.033037
0 0.521109 0.806227 0.083427 0.018769
0 0.098698 0.273611 0.013021 0.025000
0 0.070312 0.804630 0.140625 0.027778
0 0.070312 0.830093 0.140625 0.026852
0 0.720573 0.283796 0.042188 0.025000
0 0.016406 0.082870 0.026562 0.060185
0 0.396354 0.975926 0.115625 0.033333
0 0.062240 0.636111 0.015104 0.025926
0 0.116927 0.274074 0.013021 0.022222
0 0.080469 0.272685 0.014063 0.025000
0 0.065104 0.083333 0.021875 0.059259
0 0.088542 0.082407 0.023958 0.059259
0 0.098437 0.247685 0.012500 0.025000
0 0.062500 0.272685 0.014583 0.025000
0 0.512500 0.977315 0.016667 0.023148
0 0.118490 0.300463 0.017188 0.025000
0 0.062240 0.611111 0.015104 0.020370
0 0.080469 0.636111 0.015104 0.024074
0 0.043750 0.636574 0.014583 0.025000
0 0.044271 0.325463 0.013542 0.023148
0 0.099479 0.300000 0.013542 0.024074
0 0.044531 0.298611 0.014063 0.025000
0 0.080469 0.299074 0.014063 0.024074
0 0.043750 0.273148 0.014583 0.024074
0 0.080729 0.727315 0.013542 0.023148
0 0.490104 0.976852 0.017708 0.022222
0 0.080990 0.246759 0.013021 0.023148
0 0.040885 0.083796 0.021354 0.060185
0 0.044010 0.247685 0.013021 0.023148
0 0.025781 0.325000 0.015104 0.022222
0 0.558594 0.977315 0.018229 0.025000
0 0.117188 0.248148 0.013542 0.025926
0 0.883594 0.081019 0.024479 0.054630
0 0.099219 0.701389 0.014063 0.023148
0 0.025521 0.636111 0.016667 0.024074
0 0.080469 0.610185 0.015104 0.022222
0 0.580990 0.978704 0.017188 0.027778
0 0.838021 0.288426 0.016667 0.017593
0 0.603906 0.979167 0.019271 0.030556
0 0.062240 0.325463 0.013021 0.025000
0 0.044010 0.610648 0.015104 0.023148
0 0.063281 0.700926 0.016146 0.024074
0 0.627344 0.980556 0.015104 0.025926
0 0.062500 0.299074 0.013542 0.024074
0 0.008854 0.221759 0.013542 0.025000
0 0.535417 0.977778 0.016667 0.024074
0 0.044531 0.726852 0.015104 0.020370
0 0.983073 0.083333 0.025521 0.066667
0 0.080729 0.325926 0.014583 0.025926
0 0.062500 0.221759 0.013542 0.023148
0 0.025781 0.299537 0.014063 0.025000
0 0.466146 0.978241 0.016667 0.025000
0 0.650521 0.981019 0.016667 0.028704
0 0.673177 0.981019 0.017188 0.028704
0 0.712240 0.087963 0.015104 0.024074
0 0.080469 0.221296 0.011979 0.022222
0 0.207552 0.146296 0.014063 0.022222
0 0.117969 0.326389 0.017188 0.023148
0 0.909635 0.033796 0.013021 0.025000
0 0.917448 0.200463 0.035937 0.025000
0 0.098698 0.325463 0.013021 0.025000
0 0.694792 0.088426 0.017708 0.023148
0 0.857812 0.080093 0.026042 0.049074
0 0.044010 0.662500 0.014063 0.028704
0 0.044271 0.700926 0.014583 0.024074
0 0.227083 0.146759 0.017708 0.023148
0 0.080729 0.700926 0.012500 0.022222
0 0.967969 0.146296 0.019271 0.022222
0 0.007812 0.610648 0.015625 0.021296
0 0.026302 0.272685 0.015104 0.025000
0 0.116927 0.221759 0.011979 0.023148
0 0.044010 0.352778 0.015104 0.025926
0 0.044010 0.222222 0.013021 0.022222
0 0.894271 0.034259 0.013542 0.022222
0 0.729688 0.087963 0.016667 0.024074
0 0.172396 0.146296 0.017708 0.024074
0 0.007812 0.325463 0.015625 0.023148
0 0.008073 0.728241 0.016146 0.019444
0 0.588542 0.285185 0.213542 0.027778
0 0.025521 0.351852 0.014583 0.025926
0 0.190365 0.146759 0.014063 0.023148
0 0.946094 0.146759 0.013021 0.021296
0 0.044010 0.584722 0.015104 0.023148
0 0.973437 0.032870 0.051042 0.026852
0 0.008073 0.700463 0.016146 0.025000
0 0.110937 0.089815 0.016667 0.027778
0 0.008073 0.352315 0.014063 0.023148
0 0.327344 0.978704 0.020313 0.024074
0 0.099219 0.221296 0.013021 0.022222
0 0.151823 0.146296 0.018229 0.024074
0 0.063021 0.726852 0.014583 0.022222
0 0.008073 0.663426 0.016146 0.028704
0 0.026042 0.662500 0.013542 0.028704
0 0.117188 0.701852 0.013542 0.022222
0 0.062500 0.662500 0.015625 0.028704
0 0.846875 0.199537 0.035417 0.028704
0 0.026042 0.726852 0.015625 0.020370
0 0.098958 0.636111 0.014583 0.024074
0 0.008333 0.298148 0.015625 0.027778
0 0.098958 0.609722 0.015625 0.023148
0 0.025781 0.584722 0.017188 0.023148
0 0.738281 0.170833 0.011979 0.021296
0 0.116667 0.637037 0.014583 0.024074
0 0.008333 0.272685 0.014583 0.023148
0 0.026302 0.700926 0.014063 0.025926
0 0.988542 0.145833 0.018750 0.021296
0 0.008333 0.194907 0.016667 0.025000
0 0.116406 0.609722 0.014063 0.021296
0 0.009375 0.635648 0.013542 0.025000
0 0.025521 0.222222 0.014583 0.024074
0 0.880208 0.978241 0.013542 0.021296
0 0.080208 0.195370 0.012500 0.022222
0 0.881250 0.199537 0.032292 0.028704
0 0.116927 0.585185 0.015104 0.020370
0 0.676562 0.087963 0.014583 0.022222
0 0.007812 0.585185 0.015625 0.024074
0 0.062500 0.195370 0.012500 0.024074
0 0.863281 0.978241 0.015104 0.023148
0 0.846875 0.978704 0.013542 0.022222
0 0.116667 0.194444 0.010417 0.022222
0 0.994792 0.171759 0.009375 0.015741
0 0.715885 0.170370 0.018229 0.025926
0 0.837760 0.311111 0.016146 0.022222
0 0.134896 0.756944 0.007292 0.015741
0 0.965365 0.172222 0.010937 0.014815
0 0.132812 0.146296 0.014583 0.020370
0 0.105990 0.756944 0.009896 0.017593
0 0.820052 0.173148 0.010937 0.020370
0 0.069792 0.858333 0.139583 0.027778
0 0.659375 0.088426 0.013542 0.021296
0 0.080208 0.584722 0.015625 0.019444
0 0.025781 0.609722 0.017188 0.019444
0 0.115104 0.146759 0.015625 0.023148
0 0.115625 0.172222 0.009375 0.018519
0 0.061719 0.584259 0.015104 0.020370
0 0.984115 0.171759 0.008854 0.015741
0 0.115104 0.560648 0.009375 0.017593
0 0.080469 0.662500 0.014063 0.026852
0 0.115104 0.756481 0.006250 0.014815
0 0.919271 0.977315 0.013542 0.023148
0 0.098698 0.585185 0.016146 0.020370
0 0.097135 0.145833 0.017188 0.023148
0 0.236979 0.032870 0.017708 0.021296
0 0.974479 0.172222 0.008333 0.014815
0 0.125000 0.756944 0.007292 0.015741
0 0.025781 0.144907 0.050521 0.028704
0 0.720313 0.892593 0.041667 0.024074
0 0.933073 0.976852 0.011979 0.024074
0 0.134896 0.172222 0.009375 0.018519
0 0.193750 0.212963 0.087500 0.018519
0 0.608594 0.078704 0.034896 0.062963
0 0.197396 0.174074 0.007292 0.016667
0 0.124740 0.561111 0.006771 0.016667
0 0.124740 0.172685 0.007812 0.017593
0 0.008073 0.033796 0.013021 0.021296
0 0.134635 0.560648 0.008854 0.017593
0 0.618490 0.227778 0.246354 0.025926
0 0.674219 0.893056 0.041146 0.025000
0 0.899479 0.977778 0.020833 0.022222
0 0.079427 0.145370 0.013021 0.024074
0 0.939063 0.008333 0.010417 0.014815
