0 0.974818 0.976843 0.037031 0.026852
0 0.014240 0.079741 0.026562 0.062037
0 0.684440 0.063870 0.059786 0.023704
0 0.064797 0.082231 0.021875 0.059259
0 0.355964 0.063194 0.145365 0.025278
0 0.063615 0.273750 0.016510 0.025000
0 0.040625 0.081130 0.021875 0.061111
0 0.409411 0.977028 0.116667 0.034259
0 0.928875 0.033574 0.013542 0.024074
0 0.272786 0.063028 0.021615 0.025000
0 0.805281 0.065370 0.015000 0.021481
0 0.189919 0.064519 0.133703 0.018519
0 0.821354 0.065370 0.013542 0.021481
0 0.973406 0.034194 0.050521 0.025926
0 0.884260 0.081481 0.023958 0.053704
0 0.064245 0.247731 0.017031 0.025093
0 0.509948 0.064815 0.152188 0.024074
0 0.189755 0.088889 0.136115 0.025926
0 0.859464 0.082250 0.021927 0.049074
0 0.914760 0.268500 0.167146 0.015500
0 0.771620 0.064815 0.017188 0.020370
0 0.100151 0.196176 0.018750 0.026481
0 0.954167 0.076713 0.021875 0.051574
0 0.788286 0.090384 0.016146 0.021454
0 0.941385 0.033972 0.008854 0.023148
0 0.111974 0.063731 0.018750 0.021296
0 0.919656 0.063657 0.036458 0.025000
0 0.272432 0.088593 0.022344 0.025926
0 0.918781 0.199991 0.036458 0.025000
0 0.510620 0.089671 0.153073 0.025657
0 0.914760 0.250745 0.167563 0.017583
0 0.356443 0.089218 0.144823 0.024713
0 0.914792 0.304509 0.168333 0.016167
0 0.731911 0.063565 0.034531 0.023796
0 0.643750 0.062741 0.019792 0.023148
0 0.882583 0.199065 0.032813 0.028704
0 0.642312 0.088435 0.015104 0.022222
0 0.915253 0.532829 0.169495 0.017306
0 0.046406 0.195704 0.017188 0.025000
0 0.915146 0.286060 0.167833 0.015287
0 0.117151 0.197565 0.010937 0.023148
0 0.964966 0.172954 0.008995 0.013685
0 0.027240 0.195370 0.019062 0.025926
0 0.111109 0.088292 0.017708 0.024157
0 0.925422 0.671685 0.149156 0.015574
0 0.027930 0.033694 0.013724 0.018519
0 0.871797 0.637037 0.066510 0.014815
0 0.166849 0.174435 0.047031 0.020370
0 0.838362 0.659444 0.013505 0.017593
0 0.911133 0.088199 0.015495 0.020454
0 0.078654 0.146949 0.015401 0.020565
0 0.918586 0.391417 0.160849 0.014833
0 0.918716 0.444634 0.161109 0.014991
0 0.925664 0.689958 0.148672 0.018602
0 0.928125 0.088546 0.017188 0.022537
0 0.197964 0.173148 0.007812 0.018519
0 0.915253 0.513602 0.169495 0.018352
0 0.918828 0.426769 0.160677 0.016093
0 0.914870 0.919028 0.170260 0.021204
0 0.194562 0.214870 0.088021 0.018519
0 0.938885 0.009259 0.011458 0.018519
0 0.788542 0.064954 0.015625 0.020648
0 0.070651 0.905093 0.139948 0.025000
0 0.608594 0.077880 0.034896 0.050000
0 0.914964 0.496403 0.168198 0.015528
0 0.974896 0.171704 0.008854 0.014815
0 0.919286 0.408681 0.159240 0.014491
0 0.838344 0.065324 0.013021 0.015278
0 0.946672 0.977778 0.014063 0.025926
0 0.925227 0.654264 0.148401 0.014639
0 0.846797 0.373148 0.035260 0.016667
0 0.919505 0.461111 0.160990 0.014815
0 0.838526 0.682560 0.015031 0.021731
0 0.920026 0.337963 0.159948 0.018519
0 0.925391 0.708120 0.149219 0.014815
0 0.070391 0.858981 0.139427 0.025370
0 0.046250 0.032759 0.015104 0.020370
0 0.839266 0.717148 0.017188 0.029481
0 0.009417 0.034065 0.014063 0.023148
0 0.851901 0.320833 0.042188 0.015741
0 0.070594 0.034356 0.023458 0.019120
0 0.096891 0.033431 0.021365 0.020454
0 0.119602 0.034491 0.014193 0.019389
0 0.140445 0.033694 0.020026 0.019389
0 0.162615 0.033583 0.014510 0.018648
0 0.187112 0.033384 0.028682 0.019046
0 0.214638 0.032935 0.020922 0.018370
0 0.771630 0.088926 0.015625 0.020204
0 0.805789 0.089731 0.014464 0.021352
0 0.820896 0.088815 0.012396 0.019519
0 0.915010 0.549463 0.169979 0.015222
0 0.914893 0.566120 0.170214 0.017278
0 0.914893 0.584231 0.170214 0.016000
0 0.914492 0.602009 0.171016 0.018852
0 0.849466 0.620051 0.036161 0.013546
0 0.919286 0.976273 0.011250 0.022380
0 0.932141 0.977940 0.010177 0.019991
0 0.117188 0.248148 0.013542 0.025926
0 0.070312 0.804630 0.140625 0.027778
0 0.070312 0.830556 0.140625 0.027778
0 0.098698 0.273611 0.013021 0.025000
0 0.062240 0.636111 0.016146 0.025926
0 0.116927 0.273611 0.014063 0.023148
0 0.080469 0.272685 0.015104 0.025000
0 0.080469 0.727315 0.014063 0.023148
0 0.088542 0.082870 0.023958 0.060185
0 0.080469 0.635648 0.015104 0.025000
0 0.118490 0.300463 0.017188 0.025000
0 0.044010 0.325463 0.014063 0.023148
0 0.062500 0.610648 0.014583 0.021296
0 0.044010 0.636111 0.015104 0.025926
0 0.044531 0.726852 0.015104 0.020370
0 0.044271 0.298611 0.014583 0.025000
0 0.044010 0.272685 0.015104 0.025000
0 0.044010 0.662500 0.014063 0.028704
0 0.099479 0.299537 0.013542 0.025000
0 0.098437 0.247685 0.012500 0.025000
0 0.080729 0.299074 0.014583 0.024074
0 0.025781 0.325463 0.015104 0.023148
0 0.044271 0.700926 0.014583 0.025926
0 0.025521 0.636111 0.016667 0.024074
0 0.062500 0.662500 0.015625 0.028704
0 0.983073 0.081481 0.025521 0.062963
0 0.043750 0.247222 0.013542 0.024074
0 0.080469 0.610185 0.015104 0.022222
0 0.099219 0.701389 0.014063 0.023148
0 0.008594 0.221759 0.014063 0.025000
0 0.008073 0.247222 0.013021 0.024074
0 0.025781 0.662963 0.014063 0.029630
0 0.063281 0.700463 0.017188 0.025000
0 0.523958 0.977315 0.017708 0.025000
0 0.080469 0.325926 0.015104 0.025926
0 0.080729 0.700463 0.012500 0.023148
0 0.062240 0.325463 0.013021 0.025000
0 0.044010 0.610648 0.015104 0.023148
0 0.025000 0.248148 0.015625 0.024074
0 0.080729 0.247222 0.014583 0.024074
0 0.988021 0.010648 0.014583 0.021296
0 0.008073 0.663426 0.016146 0.030556
0 0.424479 0.146759 0.013542 0.021296
0 0.062500 0.299074 0.013542 0.024074
0 0.570052 0.978704 0.018229 0.027778
0 0.025781 0.299537 0.014063 0.025000
0 0.711979 0.088889 0.013542 0.022222
0 0.043750 0.584259 0.015625 0.022222
0 0.729948 0.088426 0.015104 0.023148
0 0.846875 0.199537 0.035417 0.028704
0 0.044271 0.352778 0.015625 0.025926
0 0.694792 0.088889 0.014583 0.020370
0 0.063021 0.727315 0.015625 0.021296
0 0.546875 0.977778 0.017708 0.025926
0 0.747396 0.088889 0.014583 0.022222
0 0.007812 0.325463 0.015625 0.023148
0 0.501042 0.976852 0.017708 0.024074
0 0.592708 0.979630 0.018750 0.031481
0 0.117969 0.326389 0.017188 0.025000
0 0.098698 0.325926 0.013021 0.025926
0 0.946354 0.146759 0.013542 0.021296
0 0.062500 0.221759 0.013542 0.023148
0 0.967708 0.146296 0.019792 0.022222
0 0.026042 0.273148 0.015625 0.025926
0 0.026042 0.700463 0.014583 0.026852
0 0.894531 0.034259 0.014063 0.022222
0 0.117188 0.701389 0.014583 0.023148
0 0.676562 0.088426 0.012500 0.021296
0 0.909896 0.033796 0.013542 0.025000
0 0.008333 0.727778 0.016667 0.020370
0 0.477865 0.977778 0.017188 0.027778
0 0.007812 0.351852 0.014583 0.024074
0 0.008333 0.635648 0.013542 0.025000
0 0.080469 0.221759 0.013021 0.023148
0 0.025521 0.352315 0.014583 0.026852
0 0.008073 0.700463 0.016146 0.026852
0 0.044010 0.222222 0.013021 0.022222
0 0.659115 0.089352 0.013021 0.021296
0 0.615885 0.980093 0.020313 0.030556
0 0.025521 0.584259 0.017708 0.024074
0 0.061719 0.583796 0.015104 0.021296
0 0.007812 0.610185 0.015625 0.022222
0 0.007552 0.194907 0.015104 0.025000
0 0.026042 0.726852 0.015625 0.020370
0 0.116667 0.636574 0.015625 0.025000
0 0.007812 0.584722 0.015625 0.025000
0 0.098958 0.609722 0.016667 0.023148
0 0.099219 0.145833 0.018229 0.026852
0 0.008333 0.273148 0.014583 0.024074
0 0.007812 0.298148 0.015625 0.027778
0 0.080208 0.194907 0.012500 0.023148
0 0.099219 0.636574 0.015104 0.025000
0 0.207813 0.145833 0.016667 0.028704
0 0.116927 0.221759 0.013021 0.023148
0 0.988802 0.145833 0.019271 0.023148
0 0.117448 0.145370 0.014063 0.025926
0 0.638542 0.980093 0.015625 0.026852
0 0.661458 0.980093 0.017708 0.026852
0 0.117448 0.584722 0.015104 0.021296
0 0.263021 0.146296 0.014583 0.024074
0 0.025260 0.222222 0.015104 0.024074
0 0.099219 0.221296 0.014063 0.022222
0 0.153125 0.146759 0.018750 0.025000
0 0.116667 0.610185 0.014583 0.022222
0 0.099479 0.584722 0.017708 0.023148
0 0.243229 0.146296 0.015625 0.025926
0 0.225260 0.146296 0.013021 0.027778
0 0.062500 0.195370 0.013542 0.024074
0 0.171615 0.146759 0.016146 0.026852
0 0.338281 0.978241 0.020313 0.026852
0 0.995052 0.172222 0.008854 0.016667
0 0.135156 0.145370 0.015104 0.025926
0 0.080208 0.584722 0.015625 0.021296
0 0.189583 0.146759 0.017708 0.028704
0 0.134896 0.756944 0.007292 0.017593
0 0.080469 0.662500 0.013021 0.028704
0 0.105990 0.756481 0.009896 0.018519
0 0.879687 0.976852 0.016667 0.027778
0 0.115104 0.561111 0.009375 0.018519
0 0.177344 0.871759 0.031771 0.056481
0 0.863021 0.977778 0.014583 0.029630
0 0.025781 0.609259 0.017188 0.020370
0 0.115365 0.756481 0.006771 0.016667
0 0.819792 0.174074 0.011458 0.020370
0 0.984375 0.171759 0.009375 0.015741
0 0.961458 0.010185 0.014583 0.020370
0 0.116146 0.171759 0.009375 0.019444
0 0.124740 0.756481 0.007812 0.016667
0 0.236979 0.033333 0.016667 0.022222
0 0.124479 0.561111 0.007292 0.016667
0 0.135156 0.560185 0.007812 0.016667
0 0.134635 0.172222 0.009896 0.020370
0 0.124740 0.172685 0.007812 0.017593
0 0.899740 0.976852 0.020313 0.025926
0 0.345573 0.144907 0.141146 0.025000
