0 0.119086 0.033722 0.014693 0.016907
0 0.875531 0.884366 0.072958 0.016602
0 0.914521 0.920176 0.170958 0.020981
0 0.918878 0.977250 0.011401 0.021333
0 0.931779 0.976361 0.012401 0.018852
0 0.974484 0.978139 0.040604 0.033778
0 0.070602 0.926185 0.141203 0.011796
0 0.070729 0.805370 0.140625 0.027778
0 0.071818 0.831296 0.141146 0.027778
0 0.015005 0.081593 0.026562 0.062037
0 0.396177 0.976389 0.117188 0.034259
0 0.189609 0.062731 0.134844 0.019722
0 0.064906 0.082370 0.021875 0.060185
0 0.356852 0.062667 0.143797 0.020148
0 0.932734 0.033796 0.020677 0.025000
0 0.040823 0.081907 0.021875 0.061111
0 0.044630 0.634463 0.015104 0.025926
0 0.806250 0.066574 0.016667 0.023889
0 0.683297 0.063120 0.057052 0.023148
0 0.822401 0.065037 0.013542 0.022407
0 0.189732 0.088917 0.136161 0.025926
0 0.273344 0.063685 0.019792 0.021185
0 0.519797 0.064019 0.136615 0.022222
0 0.884078 0.081676 0.023958 0.054630
0 0.973568 0.033565 0.051042 0.025926
0 0.442578 0.064370 0.015625 0.024074
0 0.954167 0.080185 0.021875 0.058519
0 0.771984 0.065750 0.017188 0.022778
0 0.988609 0.009954 0.012917 0.018981
0 0.788802 0.065880 0.016146 0.022500
0 0.859042 0.079611 0.024000 0.043648
0 0.100198 0.637389 0.016667 0.025926
0 0.273146 0.089130 0.019750 0.024074
0 0.732203 0.062556 0.035937 0.025926
0 0.112188 0.062981 0.018750 0.021296
0 0.110937 0.088926 0.016667 0.027778
0 0.510279 0.089667 0.151839 0.023815
0 0.918557 0.200000 0.035937 0.024074
0 0.913633 0.584847 0.154714 0.014194
0 0.644271 0.065046 0.018750 0.017870
0 0.910719 0.321278 0.160500 0.019111
0 0.837826 0.064028 0.013130 0.019593
0 0.909599 0.284250 0.160312 0.019167
0 0.641891 0.088028 0.014583 0.024074
0 0.881807 0.199537 0.032292 0.028704
0 0.915169 0.725852 0.153099 0.016815
0 0.182945 0.864398 0.046297 0.081574
0 0.355922 0.088417 0.142635 0.023537
0 0.913177 0.566759 0.153854 0.018333
0 0.916122 0.479500 0.153172 0.016000
0 0.820297 0.174157 0.013542 0.021296
0 0.608854 0.078111 0.035417 0.056481
0 0.070990 0.861287 0.141146 0.027778
0 0.913177 0.601389 0.153854 0.017593
0 0.963724 0.009153 0.010052 0.018306
0 0.125182 0.560648 0.008698 0.017593
0 0.915747 0.655718 0.152880 0.013935
0 0.916172 0.497454 0.152865 0.015833
0 0.135182 0.172222 0.008802 0.020370
0 0.910440 0.338745 0.160474 0.014546
0 0.070391 0.905093 0.140469 0.025000
0 0.863602 0.426694 0.066443 0.015741
0 0.915813 0.672148 0.152021 0.017000
0 0.915193 0.708458 0.152740 0.014935
0 0.915016 0.303528 0.150073 0.013870
0 0.167760 0.173611 0.045729 0.017593
0 0.859141 0.865741 0.041198 0.012963
0 0.879010 0.848148 0.079896 0.012963
0 0.135599 0.757227 0.005573 0.016102
0 0.914349 0.901435 0.149427 0.015648
0 0.914714 0.619907 0.154427 0.017593
0 0.864062 0.813426 0.050000 0.012037
0 0.856328 0.795833 0.054323 0.013889
0 0.929055 0.088792 0.015526 0.022602
0 0.915641 0.744509 0.152990 0.015981
0 0.911266 0.088583 0.015552 0.020056
0 0.878073 0.831019 0.078021 0.013889
0 0.939063 0.009019 0.010937 0.016667
0 0.869870 0.761111 0.061615 0.014815
0 0.864125 0.514000 0.051562 0.015741
0 0.914635 0.637500 0.154271 0.017593
0 0.910940 0.408639 0.160099 0.017907
0 0.847396 0.460319 0.034896 0.017324
0 0.910245 0.356074 0.160448 0.016370
0 0.009281 0.033796 0.014063 0.023148
0 0.027284 0.034028 0.016078 0.018130
0 0.046216 0.033875 0.016599 0.017824
0 0.070591 0.034333 0.023516 0.020593
0 0.097042 0.033417 0.021781 0.017519
0 0.140352 0.032954 0.017807 0.017833
0 0.161786 0.034648 0.017115 0.017519
0 0.186839 0.033722 0.025552 0.015407
0 0.214781 0.033718 0.020469 0.018065
0 0.771888 0.090167 0.015089 0.021519
0 0.788398 0.090565 0.015536 0.021778
0 0.806180 0.090301 0.016141 0.020713
0 0.821047 0.089505 0.012406 0.019120
0 0.910521 0.373032 0.161469 0.015065
0 0.910263 0.390861 0.162339 0.016907
0 0.910695 0.443569 0.161818 0.015361
0 0.915177 0.690773 0.151219 0.014935
0 0.882638 0.779282 0.086786 0.017213
0 0.062240 0.636111 0.016146 0.025926
0 0.008333 0.273148 0.014583 0.024074
0 0.025521 0.325463 0.015625 0.023148
0 0.008073 0.610185 0.016146 0.022222
0 0.116927 0.636111 0.014063 0.024074
0 0.008073 0.584259 0.016146 0.025926
0 0.026042 0.726852 0.015625 0.020370
0 0.007552 0.194907 0.015104 0.025000
0 0.846875 0.199537 0.035417 0.028704
0 0.154688 0.145370 0.016667 0.025926
0 0.627083 0.980556 0.016667 0.027778
0 0.079948 0.194907 0.013021 0.023148
0 0.918750 0.063426 0.036458 0.025000
0 0.190365 0.145833 0.015104 0.025000
0 0.061719 0.584259 0.015104 0.022222
0 0.099740 0.194444 0.019271 0.024074
0 0.043750 0.222685 0.013542 0.023148
0 0.025521 0.222222 0.015625 0.024074
0 0.134635 0.145833 0.019271 0.026852
0 0.008333 0.700463 0.016667 0.026852
0 0.967708 0.145833 0.019792 0.023148
0 0.114583 0.145833 0.016667 0.026852
0 0.025521 0.352315 0.014583 0.026852
0 0.080469 0.221759 0.013021 0.023148
0 0.025781 0.583796 0.017188 0.025000
0 0.026042 0.700463 0.014583 0.026852
0 0.117448 0.585185 0.015104 0.020370
0 0.099740 0.610648 0.018229 0.025000
0 0.894271 0.034722 0.013542 0.023148
0 0.008073 0.351852 0.015104 0.024074
0 0.659115 0.088426 0.014063 0.021296
0 0.008594 0.635648 0.014063 0.025000
0 0.099219 0.221296 0.014063 0.022222
0 0.988802 0.145370 0.019271 0.022222
0 0.117188 0.609722 0.012500 0.023148
0 0.116927 0.221759 0.013021 0.023148
0 0.062500 0.195370 0.013542 0.024074
0 0.846615 0.978241 0.014063 0.023148
0 0.207552 0.145833 0.017188 0.025000
0 0.042969 0.194907 0.017188 0.025000
0 0.008333 0.727778 0.016667 0.020370
0 0.650260 0.980556 0.017188 0.029630
0 0.115104 0.561111 0.009375 0.018519
0 0.946354 0.146759 0.013542 0.023148
0 0.062500 0.221759 0.013542 0.023148
0 0.080208 0.584722 0.015625 0.021296
0 0.105990 0.756481 0.009896 0.018519
0 0.097135 0.145833 0.016146 0.025000
0 0.116406 0.194444 0.010937 0.022222
0 0.994792 0.172222 0.009375 0.016667
0 0.080469 0.662037 0.014063 0.027778
0 0.965625 0.171759 0.011458 0.015741
0 0.172656 0.144907 0.016146 0.025000
0 0.024740 0.195370 0.014063 0.025926
0 0.910156 0.249537 0.158854 0.021296
0 0.099219 0.585185 0.017188 0.022222
0 0.879948 0.977778 0.014063 0.024074
0 0.115365 0.756481 0.006771 0.016667
0 0.078906 0.145833 0.017188 0.025000
0 0.863021 0.977778 0.015625 0.024074
0 0.025781 0.609259 0.018229 0.020370
0 0.197135 0.173148 0.008854 0.020370
0 0.327344 0.978241 0.021354 0.025000
0 0.115885 0.172222 0.010937 0.020370
0 0.117188 0.701389 0.014583 0.023148
0 0.305990 0.144907 0.114062 0.025000
0 0.984375 0.171296 0.009375 0.016667
0 0.025781 0.145370 0.050521 0.027778
0 0.124740 0.756481 0.007812 0.016667
0 0.236979 0.033796 0.016667 0.021296
0 0.135156 0.560185 0.007812 0.016667
0 0.189323 0.212500 0.077604 0.019444
0 0.060417 0.146296 0.015625 0.025926
0 0.124740 0.172685 0.007812 0.017593
0 0.974479 0.172222 0.008333 0.014815
0 0.160156 0.213426 0.011979 0.017593
0 0.899740 0.977315 0.022396 0.025000
0 0.010156 0.805093 0.009896 0.019444
0 0.026042 0.273148 0.015625 0.025926
0 0.944792 0.976389 0.013542 0.026852
0 0.080469 0.727315 0.014063 0.023148
0 0.466146 0.978241 0.017708 0.026852
0 0.098698 0.273611 0.013021 0.025000
0 0.044271 0.298611 0.014583 0.025000
0 0.604167 0.979630 0.020833 0.031481
0 0.672917 0.981019 0.016667 0.028704
0 0.044010 0.325926 0.014063 0.024074
0 0.007812 0.325463 0.015625 0.023148
0 0.063281 0.727315 0.016146 0.021296
0 0.676562 0.087963 0.012500 0.022222
0 0.098698 0.325463 0.013021 0.025000
0 0.534896 0.977778 0.017708 0.025926
0 0.117969 0.326389 0.017188 0.023148
0 0.580729 0.979167 0.018750 0.030556
0 0.490104 0.976852 0.018750 0.024074
0 0.117448 0.248148 0.014063 0.025926
0 0.043750 0.583796 0.015625 0.023148
0 0.062500 0.299074 0.013542 0.024074
0 0.909896 0.034259 0.013542 0.025926
0 0.025781 0.299537 0.014063 0.025000
0 0.044271 0.352778 0.015625 0.025926
0 0.008073 0.663426 0.016146 0.030556
0 0.062500 0.662500 0.015625 0.028704
0 0.063021 0.247222 0.015625 0.024074
0 0.044010 0.610648 0.015104 0.023148
0 0.025260 0.248148 0.016146 0.024074
0 0.080469 0.610185 0.015104 0.022222
0 0.080990 0.700463 0.013021 0.023148
0 0.062240 0.325463 0.013021 0.025000
0 0.730208 0.088889 0.014583 0.022222
0 0.063281 0.700463 0.017188 0.025000
0 0.080729 0.247222 0.014583 0.024074
0 0.558333 0.978241 0.018750 0.028704
0 0.044010 0.662500 0.014063 0.028704
0 0.025781 0.662963 0.014063 0.029630
0 0.747396 0.088889 0.014583 0.022222
0 0.008073 0.247222 0.014063 0.024074
0 0.043750 0.247685 0.013542 0.023148
0 0.080469 0.325926 0.015104 0.025926
0 0.044271 0.700926 0.014583 0.025926
0 0.008594 0.221759 0.014063 0.025000
0 0.099219 0.701389 0.014063 0.023148
0 0.025260 0.636111 0.017188 0.024074
0 0.512500 0.977315 0.017708 0.025000
0 0.694792 0.088426 0.017708 0.023148
0 0.080729 0.299074 0.014583 0.024074
0 0.099479 0.299537 0.013542 0.025000
0 0.983073 0.081481 0.025521 0.062963
0 0.098437 0.247685 0.012500 0.025000
0 0.118229 0.300463 0.017708 0.025000
0 0.062240 0.610648 0.015104 0.021296
0 0.080469 0.635648 0.015104 0.025000
0 0.711979 0.088426 0.013542 0.023148
0 0.062760 0.272685 0.015104 0.025000
0 0.088542 0.082407 0.023958 0.061111
0 0.080469 0.272685 0.015104 0.025000
0 0.007812 0.298148 0.015625 0.027778
0 0.044010 0.273148 0.015104 0.024074
0 0.371354 0.147222 0.014583 0.022222
0 0.116927 0.273611 0.014063 0.023148
0 0.044531 0.726852 0.016146 0.020370
