0 0.694792 0.088889 0.014583 0.020370
0 0.973698 0.033333 0.050521 0.025926
0 0.535156 0.977778 0.017188 0.025926
0 0.117969 0.326389 0.017188 0.023148
0 0.747396 0.088889 0.014583 0.022222
0 0.946354 0.146296 0.013542 0.022222
0 0.063021 0.727315 0.015625 0.021296
0 0.062500 0.299074 0.013542 0.024074
0 0.080469 0.325926 0.015104 0.025926
0 0.062500 0.221759 0.013542 0.023148
0 0.207552 0.145833 0.017188 0.025000
0 0.967708 0.146296 0.019792 0.022222
0 0.837500 0.658333 0.015625 0.022222
0 0.919010 0.976852 0.013021 0.025926
0 0.236979 0.033333 0.016667 0.020370
0 0.044271 0.352778 0.015625 0.025926
0 0.060417 0.146296 0.015625 0.025926
0 0.124740 0.172685 0.007812 0.017593
0 0.939323 0.008333 0.010937 0.016667
0 0.894271 0.034259 0.013542 0.022222
0 0.974219 0.172222 0.008854 0.014815
0 0.135156 0.560648 0.007812 0.015741
0 0.134635 0.172222 0.009896 0.020370
0 0.124479 0.561111 0.007292 0.016667
0 0.189583 0.212500 0.077083 0.019444
0 0.124740 0.756481 0.007812 0.016667
0 0.676562 0.088426 0.012500 0.021296
0 0.961198 0.010185 0.015104 0.020370
0 0.672917 0.981019 0.016667 0.028704
0 0.098698 0.635648 0.015104 0.025000
0 0.984375 0.171759 0.009375 0.015741
0 0.115885 0.172222 0.010937 0.020370
0 0.008333 0.727778 0.016667 0.020370
0 0.070312 0.857870 0.140625 0.026852
0 0.025781 0.609259 0.017188 0.020370
0 0.197135 0.173148 0.008854 0.020370
0 0.098958 0.585185 0.015625 0.022222
0 0.078906 0.145833 0.017188 0.025000
0 0.115104 0.756481 0.006250 0.016667
0 0.026042 0.700926 0.014583 0.025926
0 0.115104 0.561111 0.009375 0.018519
0 0.172917 0.145370 0.015625 0.024074
0 0.105990 0.756481 0.009896 0.018519
0 0.097396 0.145833 0.015625 0.025000
0 0.080469 0.662037 0.014063 0.027778
0 0.641667 0.089815 0.014583 0.022222
0 0.117708 0.610185 0.018750 0.025926
0 0.117188 0.701389 0.014583 0.023148
0 0.007812 0.325463 0.015625 0.023148
0 0.116406 0.194444 0.010937 0.022222
0 0.026042 0.273148 0.015625 0.025926
0 0.062240 0.195370 0.013021 0.024074
0 0.994792 0.172222 0.009375 0.016667
0 0.863021 0.977315 0.015625 0.026852
0 0.008073 0.352315 0.015104 0.023148
0 0.134896 0.756481 0.007292 0.016667
0 0.079948 0.584722 0.015104 0.019444
0 0.650260 0.981019 0.017188 0.028704
0 0.117448 0.585648 0.016146 0.021296
0 0.881250 0.199537 0.032292 0.028704
0 0.080469 0.221759 0.013021 0.023148
0 0.846615 0.977778 0.014063 0.025926
0 0.079948 0.194907 0.013021 0.023148
0 0.134375 0.146296 0.018750 0.025926
0 0.114583 0.145833 0.016667 0.026852
0 0.116927 0.221759 0.013021 0.023148
0 0.879948 0.977315 0.014063 0.026852
0 0.098958 0.221296 0.013542 0.022222
0 0.154688 0.145370 0.016667 0.025926
0 0.834375 0.714352 0.010417 0.030556
0 0.008333 0.273148 0.014583 0.024074
0 0.025260 0.222222 0.015104 0.024074
0 0.007552 0.194907 0.015104 0.025000
0 0.988802 0.145833 0.019271 0.023148
0 0.917708 0.200463 0.036458 0.025000
0 0.007812 0.584722 0.015625 0.025000
0 0.008333 0.298148 0.015625 0.027778
0 0.061719 0.583796 0.015104 0.021296
0 0.098698 0.610185 0.015104 0.024074
0 0.008073 0.700463 0.016146 0.026852
0 0.098698 0.325926 0.013021 0.025926
0 0.044010 0.222222 0.013021 0.022222
0 0.327083 0.978241 0.020833 0.025000
0 0.190365 0.145833 0.015104 0.025000
0 0.025521 0.352315 0.014583 0.026852
0 0.466146 0.978241 0.017708 0.026852
0 0.008594 0.635185 0.014063 0.024074
0 0.026042 0.726852 0.015625 0.020370
0 0.025521 0.584259 0.017708 0.024074
0 0.117448 0.636574 0.017188 0.025000
0 0.627344 0.980556 0.016146 0.027778
0 0.659115 0.089352 0.013021 0.021296
0 0.099740 0.194444 0.019271 0.024074
0 0.007812 0.610185 0.015625 0.022222
0 0.070573 0.804630 0.141146 0.027778
0 0.070573 0.830556 0.141146 0.027778
0 0.016406 0.081944 0.026562 0.062037
0 0.098698 0.273611 0.013021 0.025000
0 0.062240 0.636111 0.016146 0.025926
0 0.080469 0.272685 0.015104 0.025000
0 0.116927 0.273611 0.014063 0.023148
0 0.065104 0.083796 0.021875 0.060185
0 0.080469 0.635648 0.015104 0.025000
0 0.080469 0.727315 0.014063 0.023148
0 0.062500 0.610648 0.014583 0.021296
0 0.088542 0.082407 0.023958 0.061111
0 0.044010 0.636111 0.015104 0.025926
0 0.044010 0.325463 0.014063 0.025000
0 0.098437 0.247685 0.012500 0.025000
0 0.118490 0.300463 0.017188 0.025000
0 0.044531 0.726852 0.015104 0.020370
0 0.040885 0.083333 0.021354 0.061111
0 0.044271 0.298611 0.014583 0.025000
0 0.044010 0.662500 0.014063 0.028704
0 0.380990 0.147222 0.014063 0.020370
0 0.044010 0.273148 0.015104 0.024074
0 0.099479 0.299537 0.013542 0.025000
0 0.838021 0.681944 0.015625 0.028704
0 0.044271 0.700926 0.014583 0.025926
0 0.512760 0.977315 0.017188 0.025000
0 0.025521 0.636111 0.016667 0.024074
0 0.025781 0.325463 0.015104 0.023148
0 0.396875 0.976389 0.116667 0.034259
0 0.062500 0.662500 0.015625 0.028704
0 0.080729 0.299074 0.014583 0.024074
0 0.043750 0.247685 0.013542 0.023148
0 0.983073 0.081944 0.025521 0.063889
0 0.080469 0.610185 0.015104 0.022222
0 0.080729 0.247222 0.014583 0.024074
0 0.099219 0.701389 0.014063 0.023148
0 0.063281 0.700463 0.017188 0.025000
0 0.025781 0.662963 0.014063 0.029630
0 0.008594 0.221759 0.014063 0.025000
0 0.558594 0.978704 0.019271 0.027778
0 0.044010 0.610648 0.015104 0.023148
0 0.008073 0.247222 0.013021 0.024074
0 0.988281 0.010648 0.014063 0.021296
0 0.025000 0.248148 0.015625 0.024074
0 0.080729 0.700926 0.012500 0.024074
0 0.580729 0.979167 0.018750 0.030556
0 0.117188 0.248148 0.013542 0.025926
0 0.603906 0.979630 0.020313 0.031481
0 0.729948 0.088889 0.015104 0.024074
0 0.008073 0.663889 0.016146 0.029630
0 0.711979 0.088889 0.013542 0.022222
0 0.025781 0.299537 0.014063 0.025000
0 0.489844 0.977315 0.018229 0.023148
0 0.062240 0.325463 0.013021 0.025000
0 0.043750 0.584259 0.015625 0.022222
0 0.846875 0.199537 0.035417 0.028704
0 0.911125 0.089806 0.014750 0.026315
0 0.914625 0.496597 0.169187 0.016713
0 0.295885 0.145370 0.151979 0.024074
0 0.167083 0.173611 0.047083 0.017593
0 0.918266 0.409213 0.162635 0.018519
0 0.929031 0.091630 0.017188 0.028704
0 0.024805 0.146648 0.049609 0.027778
0 0.849406 0.619407 0.040875 0.016667
0 0.918193 0.427412 0.163615 0.017028
0 0.186638 0.034014 0.025182 0.014694
0 0.913930 0.566569 0.172141 0.018898
0 0.918698 0.390597 0.161771 0.018620
0 0.819839 0.174074 0.011979 0.020370
0 0.914703 0.549222 0.170594 0.017593
0 0.872161 0.637037 0.067240 0.014815
0 0.913693 0.602250 0.171052 0.018519
0 0.913745 0.583741 0.170844 0.015741
0 0.009969 0.033375 0.013021 0.016380
0 0.924716 0.690861 0.148901 0.019444
0 0.914865 0.514579 0.169646 0.017509
0 0.027370 0.195370 0.019323 0.025926
0 0.608854 0.079176 0.035417 0.054630
0 0.924445 0.708833 0.148922 0.016667
0 0.964292 0.172806 0.009000 0.013944
0 0.356893 0.090014 0.145589 0.028176
0 0.914872 0.269259 0.169526 0.015741
0 0.045276 0.194889 0.013938 0.022500
0 0.731901 0.064231 0.034219 0.023648
0 0.914789 0.532861 0.169495 0.014907
0 0.913708 0.303866 0.169812 0.017639
0 0.184333 0.861801 0.050729 0.079343
0 0.644042 0.064352 0.019792 0.023148
0 0.914083 0.250926 0.169021 0.018519
0 0.510385 0.090898 0.151208 0.026852
0 0.924245 0.672222 0.149844 0.016667
0 0.919490 0.064139 0.036979 0.025000
0 0.161896 0.033625 0.012781 0.014231
0 0.140401 0.032616 0.019365 0.015676
0 0.119914 0.033694 0.014005 0.015370
0 0.097180 0.032769 0.020401 0.015981
0 0.071508 0.034306 0.024026 0.018444
0 0.046354 0.035074 0.017292 0.015056
0 0.062279 0.273921 0.011359 0.022528
0 0.189878 0.064120 0.134620 0.020833
0 0.684349 0.064667 0.060365 0.022852
0 0.933880 0.034259 0.022969 0.024074
0 0.356797 0.062889 0.145260 0.026333
0 0.805990 0.066157 0.017188 0.023056
0 0.821354 0.065324 0.013542 0.021389
0 0.273594 0.063287 0.018750 0.025000
0 0.063984 0.247824 0.016510 0.025278
0 0.883849 0.080796 0.023958 0.053704
0 0.441896 0.063991 0.015625 0.024074
0 0.190073 0.089130 0.135260 0.023981
0 0.519333 0.063528 0.135990 0.023981
0 0.772135 0.066481 0.017188 0.023704
0 0.858854 0.080102 0.025000 0.049074
0 0.954167 0.078750 0.021875 0.055648
0 0.910672 0.034259 0.013542 0.025000
0 0.788625 0.089699 0.015625 0.022083
0 0.273674 0.089546 0.019641 0.024074
0 0.112052 0.063426 0.018750 0.021296
0 0.110641 0.089620 0.016146 0.027778
0 0.070677 0.927338 0.141125 0.011898
0 0.070352 0.905435 0.140703 0.028093
0 0.918617 0.444847 0.162224 0.017472
0 0.821398 0.089417 0.012943 0.020444
0 0.805159 0.089912 0.015068 0.021435
0 0.771745 0.090375 0.014948 0.018602
0 0.214914 0.033190 0.019339 0.016306
0 0.852187 0.320833 0.045000 0.013889
0 0.915023 0.286722 0.169641 0.016667
0 0.027698 0.033083 0.012521 0.021907
0 0.924531 0.654167 0.150937 0.015741
0 0.900432 0.975315 0.021354 0.025926
0 0.918935 0.461824 0.162130 0.014815
0 0.916667 0.338426 0.166667 0.017593
0 0.932018 0.975463 0.010339 0.026852
0 0.946604 0.976241 0.014063 0.025926
0 0.847656 0.373148 0.035937 0.016667
0 0.914956 0.919352 0.170089 0.017222
0 0.974490 0.978218 0.034667 0.029954
0 0.788802 0.065324 0.015104 0.021389
0 0.837500 0.063796 0.016667 0.020185
