0 0.132812 0.147685 0.014583 0.025000
0 0.097396 0.147222 0.017708 0.025926
0 0.316406 0.146296 0.016146 0.024074
0 0.659115 0.088426 0.013021 0.021296
0 0.116667 0.636574 0.015625 0.025000
0 0.061719 0.583796 0.015104 0.021296
0 0.026042 0.727315 0.015625 0.021296
0 0.117188 0.584722 0.015625 0.021296
0 0.098958 0.609722 0.015625 0.025000
0 0.008333 0.273148 0.014583 0.024074
0 0.008333 0.298148 0.015625 0.027778
0 0.007552 0.194907 0.015104 0.025000
0 0.079948 0.194907 0.013021 0.023148
0 0.098958 0.636574 0.014583 0.025000
0 0.608854 0.076852 0.035417 0.057407
0 0.638542 0.980093 0.015625 0.026852
0 0.116406 0.609722 0.015104 0.023148
0 0.641927 0.089815 0.015104 0.024074
0 0.661458 0.980093 0.017708 0.026852
0 0.988802 0.145833 0.019271 0.023148
0 0.008333 0.584259 0.016667 0.025926
0 0.207813 0.145370 0.015625 0.025926
0 0.008073 0.610185 0.016146 0.022222
0 0.643750 0.066667 0.018750 0.029630
0 0.099219 0.221296 0.014063 0.022222
0 0.836719 0.078241 0.017188 0.049074
0 0.062500 0.195370 0.013542 0.024074
0 0.080208 0.584259 0.014583 0.020370
0 0.190104 0.145370 0.017708 0.025926
0 0.116406 0.194907 0.010937 0.023148
0 0.165885 0.146759 0.018229 0.025000
0 0.134896 0.756944 0.007292 0.017593
0 0.731510 0.062963 0.035937 0.025926
0 0.338542 0.977315 0.019792 0.026852
0 0.994792 0.172222 0.009375 0.016667
0 0.170313 0.145833 0.017708 0.025000
0 0.080469 0.662500 0.013021 0.028704
0 0.098958 0.584722 0.016667 0.021296
0 0.105990 0.756481 0.009896 0.018519
0 0.115365 0.561111 0.008854 0.018519
0 0.965625 0.171759 0.011458 0.017593
0 0.078646 0.146759 0.014583 0.025000
0 0.151823 0.145833 0.018229 0.023148
0 0.115365 0.756481 0.006771 0.016667
0 0.863021 0.978241 0.014583 0.030556
0 0.879687 0.976852 0.016667 0.027778
0 0.115104 0.173611 0.010417 0.017593
0 0.025781 0.609259 0.017188 0.020370
0 0.984375 0.171296 0.009375 0.016667
0 0.818490 0.175000 0.014063 0.022222
0 0.124740 0.756481 0.007812 0.016667
0 0.961719 0.010185 0.013021 0.020370
0 0.060677 0.146296 0.016146 0.025926
0 0.837500 0.071296 0.016667 0.037037
0 0.124479 0.560648 0.007292 0.017593
0 0.135156 0.560185 0.007812 0.016667
0 0.134635 0.172222 0.009896 0.020370
0 0.974479 0.172222 0.008333 0.014815
0 0.124740 0.172685 0.008854 0.017593
0 0.939323 0.008333 0.010937 0.016667
0 0.237240 0.032870 0.017188 0.021296
0 0.899740 0.976852 0.020313 0.027778
0 0.919010 0.976389 0.014063 0.026852
0 0.008073 0.033333 0.014063 0.020370
0 0.070573 0.830556 0.141146 0.027778
0 0.354948 0.062500 0.147396 0.028704
0 0.016667 0.081944 0.026042 0.062037
0 0.098698 0.273611 0.013021 0.025000
0 0.062240 0.636111 0.016146 0.025926
0 0.065104 0.082870 0.021875 0.060185
0 0.116927 0.273611 0.014063 0.023148
0 0.080469 0.272685 0.015104 0.025000
0 0.080469 0.727315 0.014063 0.023148
0 0.080469 0.636111 0.015104 0.025926
0 0.088281 0.082407 0.023438 0.061111
0 0.408333 0.976389 0.116667 0.034259
0 0.271615 0.065278 0.018229 0.025000
0 0.062500 0.610648 0.014583 0.021296
0 0.118229 0.300463 0.017708 0.025000
0 0.478385 0.146759 0.015104 0.021296
0 0.044010 0.636111 0.015104 0.025926
0 0.044010 0.325000 0.014063 0.024074
0 0.098437 0.247685 0.012500 0.025000
0 0.044271 0.298611 0.014583 0.025000
0 0.040885 0.082870 0.021354 0.062037
0 0.099479 0.300000 0.013542 0.024074
0 0.044010 0.662500 0.014063 0.028704
0 0.684115 0.062500 0.061979 0.026852
0 0.044531 0.727315 0.015104 0.021296
0 0.080729 0.299074 0.014583 0.024074
0 0.805990 0.077778 0.017188 0.046296
0 0.025781 0.325463 0.015104 0.023148
0 0.025521 0.636111 0.016667 0.024074
0 0.354167 0.088426 0.148958 0.026852
0 0.044271 0.700926 0.014583 0.025926
0 0.080469 0.610648 0.015104 0.023148
0 0.043750 0.247222 0.013542 0.024074
0 0.983073 0.082870 0.025521 0.063889
0 0.062500 0.662500 0.015625 0.028704
0 0.008594 0.221759 0.014063 0.025000
0 0.025781 0.662963 0.014063 0.029630
0 0.245573 0.145833 0.014063 0.026852
0 0.519010 0.062500 0.138021 0.026852
0 0.063281 0.700463 0.017188 0.025000
0 0.711979 0.088426 0.013542 0.023148
0 0.821615 0.078241 0.014063 0.047222
0 0.080729 0.247222 0.014583 0.024074
0 0.099219 0.701389 0.014063 0.023148
0 0.044010 0.610648 0.015104 0.023148
0 0.523958 0.977778 0.017708 0.025926
0 0.080729 0.700926 0.012500 0.024074
0 0.883333 0.081944 0.023958 0.054630
0 0.080469 0.325926 0.015104 0.025926
0 0.280469 0.146296 0.018229 0.025926
0 0.008073 0.663426 0.016146 0.030556
0 0.570052 0.978704 0.018229 0.027778
0 0.747396 0.088889 0.014583 0.022222
0 0.062240 0.325463 0.013021 0.025000
0 0.729948 0.088426 0.015104 0.023148
0 0.063021 0.727315 0.015625 0.021296
0 0.025781 0.299537 0.014063 0.025000
0 0.062500 0.299074 0.013542 0.024074
0 0.117448 0.248148 0.014063 0.025926
0 0.441927 0.064815 0.015104 0.024074
0 0.694792 0.088426 0.017708 0.023148
0 0.592708 0.979630 0.018750 0.031481
0 0.546615 0.977778 0.017188 0.025926
0 0.043750 0.583796 0.015625 0.023148
0 0.044271 0.353241 0.015625 0.026852
0 0.117969 0.326852 0.017188 0.024074
0 0.263021 0.146759 0.014583 0.026852
0 0.988281 0.010648 0.014063 0.021296
0 0.858333 0.081944 0.026042 0.050926
0 0.501042 0.977315 0.017708 0.025000
0 0.007812 0.325000 0.015625 0.024074
0 0.909896 0.034259 0.013542 0.025926
0 0.846875 0.199537 0.035417 0.028704
0 0.946354 0.146759 0.013542 0.023148
0 0.227344 0.146296 0.019271 0.025926
0 0.098698 0.325926 0.013021 0.025926
0 0.062500 0.221759 0.013542 0.023148
0 0.026042 0.273148 0.015625 0.025926
0 0.953906 0.083333 0.021354 0.064815
0 0.008333 0.727778 0.016667 0.020370
0 0.026042 0.700463 0.014583 0.026852
0 0.772396 0.078241 0.016667 0.047222
0 0.441927 0.088426 0.016146 0.025000
0 0.114844 0.147685 0.014063 0.025000
0 0.894271 0.034259 0.013542 0.022222
0 0.788802 0.077778 0.016146 0.046296
0 0.477604 0.977778 0.017708 0.027778
0 0.271354 0.089815 0.017708 0.024074
0 0.676562 0.087963 0.012500 0.022222
0 0.008333 0.352315 0.014583 0.023148
0 0.967708 0.145833 0.019792 0.023148
0 0.117188 0.701389 0.014583 0.023148
0 0.615885 0.980093 0.020313 0.030556
0 0.044010 0.222222 0.013021 0.022222
0 0.008594 0.635648 0.014063 0.025000
0 0.008073 0.700463 0.016146 0.026852
0 0.298698 0.146296 0.015104 0.025926
0 0.025781 0.584259 0.016146 0.024074
0 0.608594 0.083796 0.034896 0.039815
0 0.025521 0.352315 0.014583 0.026852
0 0.518229 0.087963 0.139583 0.027778
0 0.080469 0.221759 0.013021 0.023148
0 0.071036 0.858333 0.141146 0.027778
0 0.914203 0.356324 0.169823 0.017593
0 0.027396 0.195370 0.018333 0.025926
0 0.882589 0.197630 0.032292 0.028704
0 0.181781 0.863907 0.046927 0.079630
0 0.045523 0.194106 0.013505 0.025861
0 0.839255 0.311509 0.017188 0.027778
0 0.117156 0.221352 0.013021 0.023148
0 0.398229 0.144907 0.143125 0.025000
0 0.915260 0.249537 0.167396 0.021296
0 0.026187 0.221398 0.015104 0.024074
0 0.919589 0.198556 0.035937 0.025000
0 0.110750 0.089019 0.016146 0.027778
0 0.112581 0.062435 0.019943 0.022222
0 0.100000 0.195509 0.018750 0.026204
0 0.026391 0.246917 0.015625 0.024074
0 0.063984 0.247824 0.016510 0.025278
0 0.839104 0.287167 0.017188 0.020370
0 0.010052 0.247222 0.016979 0.024074
0 0.189062 0.088759 0.137500 0.025926
0 0.934531 0.033796 0.024271 0.025000
0 0.914773 0.408866 0.170339 0.015639
0 0.914542 0.425116 0.170802 0.016046
0 0.914570 0.460708 0.170859 0.018935
0 0.928891 0.091093 0.015750 0.026463
0 0.190286 0.062866 0.136302 0.021843
0 0.063427 0.274333 0.014583 0.025000
0 0.070341 0.804222 0.140682 0.027778
0 0.914922 0.917593 0.170156 0.024074
0 0.915208 0.268380 0.168542 0.016944
0 0.070315 0.928241 0.140484 0.012759
0 0.070396 0.034407 0.022562 0.018593
0 0.096844 0.032287 0.022260 0.019130
0 0.119406 0.032282 0.014198 0.015935
0 0.140849 0.033481 0.017333 0.015667
0 0.161990 0.033616 0.015688 0.015935
0 0.187094 0.032949 0.027938 0.017269
0 0.214813 0.033000 0.020802 0.017426
0 0.026143 0.147676 0.052286 0.025926
0 0.166146 0.173611 0.048958 0.017593
0 0.197896 0.174333 0.009896 0.025000
0 0.913872 0.390870 0.170453 0.019444
0 0.925029 0.303546 0.147547 0.016426
0 0.913854 0.338324 0.172292 0.017981
0 0.044396 0.272139 0.014375 0.024722
0 0.974250 0.035028 0.045979 0.025000
0 0.933141 0.976065 0.013333 0.021944
0 0.026911 0.034407 0.015104 0.020370
0 0.974784 0.977708 0.037516 0.028194
0 0.196536 0.212963 0.087500 0.018519
0 0.945995 0.976778 0.011146 0.026333
0 0.920000 0.063657 0.037917 0.025463
0 0.911104 0.089495 0.017708 0.022861
0 0.865458 0.496722 0.070885 0.018519
0 0.925453 0.319602 0.148365 0.015741
0 0.925193 0.286037 0.147948 0.015704
0 0.914331 0.373718 0.170401 0.016083
0 0.071469 0.905963 0.140625 0.027778
0 0.046721 0.034111 0.014578 0.018519
