0 0.140521 0.034602 0.019406 0.018130
0 0.099740 0.194444 0.019271 0.024074
0 0.913490 0.249537 0.168854 0.021296
0 0.070211 0.034065 0.023203 0.017778
0 0.771706 0.089662 0.016016 0.020065
0 0.788924 0.091810 0.017078 0.020917
0 0.805094 0.090528 0.016198 0.024278
0 0.820487 0.090319 0.012266 0.025509
0 0.915044 0.284569 0.169911 0.011935
0 0.915393 0.301435 0.169214 0.019333
0 0.931875 0.976954 0.009646 0.024519
0 0.061878 0.145750 0.018672 0.023352
0 0.186727 0.032824 0.028203 0.016000
0 0.097513 0.033713 0.023005 0.015648
0 0.119919 0.034245 0.014203 0.017417
0 0.214432 0.033176 0.022406 0.017426
0 0.161823 0.033889 0.014802 0.019556
0 0.070411 0.905444 0.140427 0.026852
0 0.858854 0.079315 0.026042 0.046296
0 0.272917 0.089815 0.020833 0.024074
0 0.520552 0.064528 0.138542 0.027778
0 0.190122 0.064690 0.135380 0.021046
0 0.441667 0.063130 0.015625 0.023148
0 0.063854 0.247824 0.017292 0.025278
0 0.026320 0.247366 0.012557 0.022694
0 0.772135 0.066296 0.017188 0.023333
0 0.009323 0.248009 0.016562 0.025648
0 0.955026 0.081940 0.022396 0.057046
0 0.821354 0.065741 0.013542 0.022222
0 0.116286 0.248380 0.014063 0.025926
0 0.789380 0.065454 0.016146 0.024426
0 0.985234 0.080713 0.026042 0.065741
0 0.273560 0.062704 0.019339 0.025000
0 0.806250 0.065880 0.016667 0.022500
0 0.041578 0.082259 0.022396 0.060185
0 0.062750 0.273426 0.014583 0.025000
0 0.591401 0.262259 0.105990 0.022222
0 0.064760 0.082722 0.022917 0.059259
0 0.585391 0.236111 0.128177 0.025926
0 0.584818 0.506019 0.127240 0.025000
0 0.070734 0.805102 0.140625 0.027778
0 0.585078 0.533333 0.128802 0.025926
0 0.584297 0.561574 0.130365 0.025000
0 0.595792 0.587287 0.109375 0.025000
0 0.027760 0.195833 0.016979 0.025000
0 0.914943 0.269333 0.169698 0.016519
0 0.643453 0.062157 0.019792 0.025926
0 0.562031 0.336574 0.087396 0.023148
0 0.044526 0.195009 0.014719 0.026093
0 0.570781 0.399074 0.101354 0.022222
0 0.026120 0.221759 0.015625 0.025000
0 0.836948 0.063102 0.017188 0.020648
0 0.561823 0.312963 0.087813 0.022222
0 0.591276 0.286111 0.104948 0.022222
0 0.008651 0.273148 0.015104 0.024074
0 0.571693 0.450000 0.099323 0.022222
0 0.110937 0.089981 0.016667 0.027778
0 0.919375 0.063093 0.036458 0.025000
0 0.356529 0.062856 0.143609 0.025528
0 0.940849 0.033204 0.008854 0.023148
0 0.608854 0.075231 0.034375 0.053241
0 0.111932 0.062565 0.019271 0.021296
0 0.027667 0.034148 0.013729 0.018519
0 0.621156 0.204111 0.011979 0.024074
0 0.910208 0.090380 0.017708 0.026852
0 0.641818 0.089815 0.014583 0.022222
0 0.070052 0.860250 0.140104 0.026852
0 0.356732 0.089458 0.145182 0.026454
0 0.125516 0.561417 0.007292 0.016667
0 0.928823 0.091269 0.017188 0.028704
0 0.046359 0.033657 0.015104 0.020370
0 0.570104 0.373083 0.101667 0.024074
0 0.914323 0.916713 0.171354 0.026759
0 0.510391 0.088963 0.151615 0.027778
0 0.595052 0.638111 0.108854 0.019444
0 0.939323 0.008685 0.010937 0.016667
0 0.571120 0.424074 0.100573 0.024074
0 0.849557 0.320833 0.039740 0.017593
0 0.070625 0.924907 0.141250 0.014074
0 0.919510 0.976208 0.013062 0.026843
0 0.974039 0.978597 0.039005 0.028306
0 0.008073 0.663426 0.016146 0.030556
0 0.044010 0.273148 0.015104 0.024074
0 0.080469 0.221296 0.013021 0.022222
0 0.967448 0.145370 0.020313 0.024074
0 0.894271 0.034722 0.014583 0.023148
0 0.466146 0.978241 0.017708 0.025000
0 0.099479 0.299537 0.013542 0.025000
0 0.672917 0.981481 0.016667 0.029630
0 0.025781 0.584259 0.017188 0.024074
0 0.080469 0.635648 0.015104 0.025000
0 0.044010 0.222685 0.013021 0.023148
0 0.044010 0.325463 0.014063 0.023148
0 0.025521 0.351852 0.014583 0.025926
0 0.116927 0.221759 0.013021 0.023148
0 0.098437 0.247685 0.012500 0.025000
0 0.008333 0.352315 0.014583 0.023148
0 0.731510 0.062963 0.035937 0.025926
0 0.881250 0.199537 0.032292 0.028704
0 0.627083 0.981019 0.016667 0.028704
0 0.988802 0.145370 0.019271 0.022222
0 0.007812 0.610185 0.015625 0.022222
0 0.008333 0.727778 0.016667 0.020370
0 0.650260 0.981481 0.017188 0.029630
0 0.146875 0.193519 0.012500 0.022222
0 0.172135 0.146296 0.018229 0.025926
0 0.061719 0.584259 0.015104 0.022222
0 0.008333 0.700463 0.016667 0.026852
0 0.327083 0.978241 0.020833 0.025000
0 0.190365 0.146296 0.015104 0.025926
0 0.117188 0.584722 0.015625 0.021296
0 0.099219 0.221296 0.014063 0.022222
0 0.118229 0.300463 0.017708 0.025000
0 0.062240 0.636111 0.016146 0.025926
0 0.080469 0.272685 0.015104 0.025000
0 0.088542 0.082870 0.023958 0.060185
0 0.396615 0.975926 0.117188 0.035185
0 0.116927 0.274074 0.014063 0.022222
0 0.062500 0.662500 0.015625 0.028704
0 0.098698 0.273611 0.013021 0.025000
0 0.016406 0.082407 0.026562 0.061111
0 0.595313 0.612037 0.109375 0.025926
0 0.116667 0.636574 0.014583 0.025000
0 0.070312 0.830556 0.140625 0.027778
0 0.597396 0.479630 0.104167 0.025926
0 0.098958 0.636574 0.014583 0.025000
0 0.008073 0.298148 0.016146 0.027778
0 0.098958 0.609722 0.015625 0.025000
0 0.207552 0.146296 0.015104 0.024074
0 0.008333 0.194907 0.016667 0.025000
0 0.152083 0.145833 0.018750 0.025000
0 0.026042 0.700926 0.014583 0.027778
0 0.063021 0.726852 0.015625 0.022222
0 0.007812 0.584722 0.015625 0.025000
0 0.964844 0.172685 0.009896 0.017593
0 0.008594 0.635648 0.014063 0.025000
0 0.026042 0.727315 0.015625 0.021296
0 0.116406 0.609722 0.015104 0.023148
0 0.117188 0.701389 0.014583 0.023148
0 0.227083 0.146296 0.018750 0.024074
0 0.080208 0.194907 0.012500 0.023148
0 0.994531 0.171296 0.009896 0.018519
0 0.177344 0.872222 0.030729 0.057407
0 0.880208 0.977315 0.014583 0.026852
0 0.676562 0.087963 0.013542 0.022222
0 0.062500 0.195370 0.013542 0.024074
0 0.080469 0.584722 0.015104 0.021296
0 0.659115 0.088426 0.014063 0.021296
0 0.846875 0.977778 0.014583 0.025926
0 0.116406 0.194907 0.010937 0.023148
0 0.819271 0.173611 0.011458 0.019444
0 0.863281 0.977315 0.016146 0.026852
0 0.098958 0.585185 0.016667 0.022222
0 0.134896 0.756944 0.007292 0.017593
0 0.115365 0.146296 0.016146 0.024074
0 0.105729 0.757407 0.010417 0.018519
0 0.115104 0.561111 0.009375 0.018519
0 0.025781 0.609722 0.018229 0.019444
0 0.133073 0.146296 0.015104 0.022222
0 0.080469 0.662037 0.014063 0.027778
0 0.984375 0.170833 0.009375 0.017593
0 0.637760 0.425000 0.018229 0.025926
0 0.115625 0.172222 0.010417 0.020370
0 0.962760 0.010185 0.009896 0.020370
0 0.097135 0.146296 0.017188 0.024074
0 0.115365 0.756481 0.006771 0.016667
0 0.974479 0.171759 0.008333 0.015741
0 0.025781 0.145370 0.050521 0.027778
0 0.236719 0.033333 0.018229 0.022222
0 0.124740 0.756481 0.007812 0.016667
0 0.135156 0.560648 0.007812 0.015741
0 0.134896 0.172222 0.009375 0.020370
0 0.944531 0.976852 0.014063 0.025926
0 0.899479 0.976852 0.021875 0.025926
0 0.124740 0.172685 0.007812 0.017593
0 0.197396 0.173611 0.007292 0.017593
0 0.008073 0.034259 0.014063 0.022222
0 0.160156 0.213889 0.011979 0.016667
0 0.079427 0.145833 0.014063 0.025000
0 0.870573 0.338889 0.067187 0.016667
0 0.647396 0.202778 0.015625 0.027778
0 0.042448 0.728241 0.018229 0.021296
0 0.190104 0.212500 0.076042 0.019444
0 0.167109 0.172685 0.046719 0.019444
0 0.080469 0.325926 0.015104 0.025926
0 0.909896 0.034259 0.013542 0.025926
0 0.683594 0.062500 0.060937 0.026852
0 0.712240 0.088426 0.015104 0.023148
0 0.080469 0.610185 0.015104 0.022222
0 0.603906 0.979630 0.020313 0.031481
0 0.062240 0.325463 0.013021 0.025000
0 0.008594 0.221759 0.014063 0.025000
0 0.580729 0.979167 0.018750 0.030556
0 0.489844 0.976852 0.018229 0.024074
0 0.080729 0.247222 0.013542 0.024074
0 0.558594 0.977778 0.019271 0.027778
0 0.063281 0.700463 0.017188 0.025000
0 0.946354 0.146759 0.013542 0.023148
0 0.694792 0.088426 0.017708 0.023148
0 0.080469 0.727315 0.014063 0.023148
0 0.062500 0.299074 0.013542 0.024074
0 0.044010 0.247685 0.014063 0.023148
0 0.044010 0.610648 0.015104 0.023148
0 0.025260 0.636111 0.017188 0.024074
0 0.988021 0.010648 0.013542 0.021296
0 0.747396 0.088889 0.014583 0.022222
0 0.883333 0.081481 0.025000 0.053704
0 0.512500 0.977315 0.017708 0.025000
0 0.043750 0.584259 0.015625 0.022222
0 0.025521 0.325463 0.015625 0.023148
0 0.099479 0.701389 0.014583 0.023148
0 0.025781 0.299537 0.014063 0.025000
0 0.928906 0.033796 0.014063 0.025000
0 0.729948 0.088426 0.016146 0.023148
0 0.973437 0.033333 0.051042 0.027778
0 0.044010 0.662500 0.014063 0.028704
0 0.628906 0.732407 0.042188 0.025926
0 0.080990 0.700926 0.013021 0.024074
0 0.026042 0.273148 0.015625 0.025926
0 0.846615 0.199537 0.035937 0.028704
0 0.117969 0.326389 0.017188 0.023148
0 0.044271 0.700926 0.014583 0.025926
0 0.189062 0.087963 0.137500 0.025926
0 0.582031 0.732870 0.041146 0.025000
0 0.044010 0.636111 0.015104 0.025926
0 0.062240 0.610648 0.015104 0.021296
0 0.044271 0.298611 0.014583 0.025000
0 0.044271 0.727315 0.015625 0.021296
0 0.025781 0.662963 0.014063 0.029630
0 0.098698 0.325463 0.013021 0.025000
0 0.062500 0.221759 0.013542 0.023148
0 0.080729 0.299074 0.014583 0.024074
0 0.535156 0.977315 0.018229 0.025000
0 0.007812 0.325000 0.015625 0.024074
0 0.917448 0.200000 0.036979 0.025926
0 0.044271 0.352778 0.015625 0.025926
