0 0.573490 0.424074 0.105313 0.024074
0 0.946013 0.977356 0.012661 0.025824
0 0.646594 0.204204 0.015625 0.027778
0 0.870307 0.338889 0.067187 0.016667
0 0.609052 0.077199 0.034375 0.048843
0 0.595250 0.638565 0.108854 0.019444
0 0.898943 0.976852 0.021875 0.025926
0 0.914219 0.918472 0.171146 0.019537
0 0.573055 0.373046 0.106182 0.024074
0 0.026833 0.033991 0.015104 0.020370
0 0.928969 0.090759 0.017188 0.028704
0 0.125036 0.560917 0.007292 0.016667
0 0.357289 0.089676 0.144068 0.026389
0 0.070516 0.858694 0.140104 0.026852
0 0.642448 0.088824 0.014583 0.022222
0 0.910312 0.091352 0.017708 0.026852
0 0.622245 0.202750 0.011979 0.024074
0 0.963266 0.008903 0.009896 0.017806
0 0.111276 0.090579 0.018229 0.027769
0 0.027865 0.195833 0.017188 0.025000
0 0.914508 0.269028 0.166307 0.018426
0 0.563099 0.336574 0.085260 0.023148
0 0.044044 0.194319 0.014620 0.025250
0 0.914062 0.249537 0.167708 0.021296
0 0.181052 0.862602 0.040625 0.074444
0 0.573620 0.399074 0.106823 0.022222
0 0.026521 0.220694 0.015625 0.025000
0 0.190581 0.063810 0.135089 0.023046
0 0.519255 0.062560 0.135552 0.025306
0 0.644193 0.063148 0.019635 0.024444
0 0.590156 0.286111 0.107187 0.022222
0 0.563229 0.312963 0.085000 0.022222
0 0.510776 0.089704 0.151156 0.027778
0 0.190609 0.087417 0.137500 0.025926
0 0.273073 0.089509 0.023073 0.024074
0 0.111677 0.063778 0.019271 0.021296
0 0.099937 0.196222 0.019271 0.024074
0 0.357146 0.063000 0.144604 0.024259
0 0.920000 0.063870 0.036458 0.025000
0 0.731497 0.063481 0.034714 0.024185
0 0.595391 0.585861 0.109375 0.025000
0 0.585391 0.561574 0.128177 0.025000
0 0.584609 0.533333 0.129740 0.025926
0 0.584740 0.506019 0.127396 0.025000
0 0.584635 0.236111 0.129688 0.025926
0 0.585469 0.479630 0.128021 0.025926
0 0.072161 0.832204 0.140625 0.027778
0 0.595714 0.612389 0.109375 0.025926
0 0.589661 0.261111 0.108177 0.022222
0 0.062901 0.272333 0.014583 0.025000
0 0.273005 0.063741 0.022396 0.025000
0 0.973437 0.033861 0.051042 0.027778
0 0.933464 0.033796 0.023177 0.025000
0 0.954427 0.077963 0.022396 0.054074
0 0.009656 0.248769 0.017813 0.024074
0 0.026362 0.247838 0.014880 0.022157
0 0.684086 0.063565 0.059120 0.020463
0 0.573516 0.450000 0.105573 0.022222
0 0.064010 0.248102 0.017604 0.025833
0 0.190490 0.212843 0.076042 0.019444
0 0.975753 0.977815 0.036141 0.026852
0 0.069734 0.927028 0.138542 0.013519
0 0.932242 0.976852 0.009464 0.024926
0 0.848854 0.320833 0.038333 0.017593
0 0.115365 0.146296 0.016146 0.024074
0 0.134896 0.756944 0.007292 0.017593
0 0.025781 0.662963 0.014063 0.029630
0 0.098958 0.585185 0.016667 0.022222
0 0.863281 0.977315 0.016146 0.026852
0 0.044271 0.727315 0.015625 0.021296
0 0.819271 0.173611 0.011458 0.019444
0 0.116406 0.194907 0.010937 0.023148
0 0.846875 0.977778 0.014583 0.025926
0 0.659115 0.088426 0.014063 0.021296
0 0.044271 0.700926 0.014583 0.025926
0 0.117969 0.326389 0.017188 0.023148
0 0.080469 0.584722 0.015104 0.021296
0 0.062500 0.195370 0.013542 0.024074
0 0.026042 0.273148 0.015625 0.025926
0 0.676562 0.087963 0.013542 0.022222
0 0.008073 0.034259 0.014063 0.022222
0 0.080990 0.700926 0.013021 0.024074
0 0.880208 0.977315 0.014583 0.026852
0 0.044010 0.662500 0.014063 0.028704
0 0.197396 0.173611 0.007292 0.017593
0 0.124740 0.172685 0.007812 0.017593
0 0.042448 0.728241 0.018229 0.021296
0 0.994531 0.171296 0.009896 0.018519
0 0.080208 0.194907 0.012500 0.023148
0 0.134896 0.172222 0.009375 0.020370
0 0.227083 0.146296 0.018750 0.024074
0 0.117188 0.701389 0.014583 0.023148
0 0.836719 0.077315 0.017188 0.049074
0 0.116406 0.609722 0.015104 0.023148
0 0.729948 0.088426 0.016146 0.023148
0 0.026042 0.727315 0.015625 0.021296
0 0.025781 0.299537 0.014063 0.025000
0 0.008594 0.635648 0.014063 0.025000
0 0.964844 0.172685 0.009896 0.017593
0 0.007812 0.584722 0.015625 0.025000
0 0.939323 0.008333 0.010937 0.016667
0 0.063021 0.726852 0.015625 0.022222
0 0.026042 0.700926 0.014583 0.027778
0 0.152083 0.145833 0.018750 0.025000
0 0.167135 0.172685 0.046771 0.019444
0 0.070312 0.804630 0.140625 0.027778
0 0.016406 0.082407 0.026562 0.061111
0 0.098698 0.273611 0.013021 0.025000
0 0.065104 0.083333 0.022917 0.059259
0 0.116927 0.274074 0.014063 0.022222
0 0.088542 0.082870 0.023958 0.060185
0 0.080469 0.272685 0.015104 0.025000
0 0.062240 0.636111 0.016146 0.025926
0 0.118229 0.300463 0.017708 0.025000
0 0.098437 0.247685 0.012500 0.025000
0 0.040885 0.083796 0.022396 0.060185
0 0.044010 0.325463 0.014063 0.023148
0 0.080469 0.635648 0.015104 0.025000
0 0.099479 0.701389 0.014583 0.023148
0 0.099479 0.299537 0.013542 0.025000
0 0.044010 0.273148 0.015104 0.024074
0 0.580729 0.979167 0.018750 0.030556
0 0.080729 0.247222 0.013542 0.024074
0 0.846615 0.199537 0.035937 0.028704
0 0.008594 0.221759 0.014063 0.025000
0 0.044010 0.247685 0.014063 0.023148
0 0.062240 0.325463 0.013021 0.025000
0 0.043750 0.584259 0.015625 0.022222
0 0.044271 0.298611 0.014583 0.025000
0 0.747396 0.088889 0.014583 0.022222
0 0.988021 0.010648 0.013542 0.021296
0 0.044010 0.610648 0.015104 0.023148
0 0.582031 0.732870 0.041146 0.025000
0 0.025260 0.636111 0.017188 0.024074
0 0.062500 0.299074 0.013542 0.024074
0 0.080469 0.727315 0.014063 0.023148
0 0.080469 0.610185 0.015104 0.022222
0 0.712240 0.088426 0.015104 0.023148
0 0.044010 0.636111 0.015104 0.025926
0 0.080469 0.325926 0.015104 0.025926
0 0.821354 0.078704 0.013542 0.048148
0 0.772135 0.077778 0.017188 0.046296
0 0.062240 0.610648 0.015104 0.021296
0 0.117448 0.248148 0.014063 0.025926
0 0.694792 0.088426 0.017708 0.023148
0 0.788802 0.078241 0.016146 0.047222
0 0.883333 0.081481 0.025000 0.053704
0 0.982812 0.081944 0.026042 0.065741
0 0.946354 0.146759 0.013542 0.023148
0 0.806250 0.078241 0.016667 0.047222
0 0.628906 0.732407 0.042188 0.025926
0 0.063281 0.700463 0.017188 0.025000
0 0.080729 0.299074 0.014583 0.024074
0 0.512500 0.977315 0.017708 0.025000
0 0.558594 0.977778 0.019271 0.027778
0 0.025521 0.325463 0.015625 0.023148
0 0.909896 0.034259 0.013542 0.025926
0 0.603906 0.979630 0.020313 0.031481
0 0.489844 0.976852 0.018229 0.024074
0 0.008333 0.194907 0.016667 0.025000
0 0.207552 0.146296 0.015104 0.024074
0 0.098958 0.609722 0.015625 0.025000
0 0.008073 0.298148 0.016146 0.027778
0 0.008073 0.273148 0.015104 0.024074
0 0.098958 0.636574 0.014583 0.025000
0 0.116667 0.636574 0.014583 0.025000
0 0.079427 0.145833 0.014063 0.025000
0 0.062500 0.662500 0.015625 0.028704
0 0.396615 0.975926 0.117188 0.035185
0 0.099219 0.221296 0.014063 0.022222
0 0.117188 0.584722 0.015625 0.021296
0 0.190365 0.146296 0.015104 0.025926
0 0.327083 0.978241 0.020833 0.025000
0 0.008333 0.700463 0.016667 0.026852
0 0.061719 0.584259 0.015104 0.022222
0 0.172135 0.146296 0.018229 0.025926
0 0.650260 0.981481 0.017188 0.029630
0 0.008333 0.727778 0.016667 0.020370
0 0.007812 0.610185 0.015625 0.022222
0 0.988802 0.145370 0.019271 0.022222
0 0.135156 0.560648 0.007812 0.015741
0 0.627083 0.981019 0.016667 0.028704
0 0.881250 0.199537 0.032292 0.028704
0 0.008333 0.352315 0.014583 0.023148
0 0.116927 0.221759 0.013021 0.023148
0 0.025521 0.351852 0.014583 0.025926
0 0.044010 0.222685 0.013021 0.023148
0 0.025781 0.584259 0.017188 0.024074
0 0.672917 0.981481 0.016667 0.029630
0 0.466146 0.978241 0.017708 0.025000
0 0.967448 0.145370 0.020313 0.024074
0 0.894271 0.034722 0.014583 0.023148
0 0.080469 0.221296 0.013021 0.022222
0 0.008073 0.663426 0.016146 0.030556
0 0.044271 0.352778 0.015625 0.025926
0 0.917448 0.200000 0.036979 0.025926
0 0.124740 0.756481 0.007812 0.016667
0 0.236719 0.033333 0.018229 0.022222
0 0.974479 0.171759 0.008333 0.015741
0 0.115365 0.756481 0.006771 0.016667
0 0.097135 0.146296 0.017188 0.024074
0 0.115625 0.172222 0.010417 0.020370
0 0.637760 0.425000 0.018229 0.025926
0 0.984375 0.170833 0.009375 0.017593
0 0.919010 0.976389 0.014063 0.026852
0 0.007812 0.325000 0.015625 0.024074
0 0.080469 0.662037 0.014063 0.027778
0 0.133073 0.146296 0.015104 0.022222
0 0.535156 0.977315 0.018229 0.025000
0 0.062500 0.221759 0.013542 0.023148
0 0.858333 0.078704 0.026042 0.046296
0 0.025781 0.609722 0.018229 0.019444
0 0.115104 0.561111 0.009375 0.018519
0 0.105729 0.757407 0.010417 0.018519
0 0.098698 0.325463 0.013021 0.025000
0 0.442667 0.062574 0.015625 0.023148
0 0.071932 0.905093 0.140625 0.026852
0 0.214185 0.034481 0.021693 0.017611
0 0.914359 0.286366 0.170844 0.015713
0 0.914227 0.302796 0.170578 0.016185
0 0.913620 0.227222 0.168490 0.015296
0 0.062232 0.146620 0.018203 0.024537
0 0.186737 0.034005 0.025172 0.018565
0 0.161966 0.032819 0.016870 0.017139
0 0.140542 0.034486 0.018479 0.015713
0 0.119654 0.034722 0.016870 0.013333
0 0.097026 0.033773 0.021958 0.015231
0 0.069846 0.034009 0.023297 0.016667
0 0.045346 0.033769 0.016068 0.019037
0 0.025781 0.145370 0.050521 0.027778
