0 0.538914 0.477981 0.019411 0.020148
0 0.748151 0.506481 0.113073 0.025926
0 0.190294 0.064375 0.132849 0.021528
0 0.834599 0.506417 0.055208 0.026852
0 0.041776 0.081676 0.021354 0.060185
0 0.190130 0.088972 0.135052 0.024426
0 0.684448 0.063546 0.060062 0.023389
0 0.933385 0.034259 0.021979 0.024074
0 0.027042 0.245704 0.016146 0.023148
0 0.806250 0.065648 0.016667 0.022037
0 0.008969 0.247620 0.016271 0.024074
0 0.063724 0.248148 0.015990 0.025926
0 0.730997 0.063880 0.032901 0.024611
0 0.100687 0.196278 0.018750 0.024074
0 0.821615 0.090208 0.014063 0.023009
0 0.914818 0.918056 0.170365 0.023148
0 0.112458 0.063491 0.019271 0.020370
0 0.008557 0.273083 0.014583 0.023148
0 0.771823 0.091019 0.015521 0.019815
0 0.044331 0.197213 0.017172 0.019796
0 0.643365 0.062648 0.019792 0.023148
0 0.027500 0.195833 0.016458 0.025000
0 0.179719 0.867509 0.038437 0.075185
0 0.027154 0.033083 0.014859 0.018519
0 0.844349 0.475833 0.034531 0.022407
0 0.110276 0.090000 0.015937 0.028981
0 0.837672 0.064611 0.013750 0.022130
0 0.821839 0.064963 0.013021 0.020667
0 0.070458 0.859843 0.139583 0.026852
0 0.167422 0.173148 0.047344 0.018519
0 0.974807 0.977597 0.036219 0.027602
0 0.046135 0.033787 0.015104 0.020370
0 0.805794 0.473991 0.030714 0.016519
0 0.060828 0.146537 0.019271 0.020370
0 0.931818 0.976407 0.011458 0.024074
0 0.070260 0.926315 0.140521 0.012333
0 0.789062 0.089806 0.016667 0.021481
0 0.070714 0.033444 0.023417 0.021556
0 0.097453 0.033444 0.020094 0.017426
0 0.119625 0.032412 0.014281 0.017713
0 0.140469 0.032852 0.017771 0.019778
0 0.161810 0.032852 0.016276 0.016833
0 0.186474 0.032259 0.026406 0.020370
0 0.214458 0.031912 0.021729 0.020639
0 0.805773 0.090144 0.016026 0.021787
0 0.569276 0.478491 0.035167 0.019130
0 0.603578 0.477296 0.029208 0.016741
0 0.638357 0.478153 0.035359 0.015028
0 0.675062 0.477981 0.033052 0.016056
0 0.917448 0.200000 0.035937 0.024074
0 0.025781 0.299537 0.014063 0.025000
0 0.441927 0.088889 0.016146 0.024074
0 0.755208 0.728241 0.056250 0.025000
0 0.847135 0.441204 0.013021 0.025000
0 0.062500 0.221759 0.013542 0.021296
0 0.918750 0.062963 0.035417 0.024074
0 0.026042 0.662500 0.013542 0.028704
0 0.676823 0.087500 0.010937 0.021296
0 0.080729 0.221296 0.012500 0.022222
0 0.025781 0.352315 0.014063 0.025000
0 0.063281 0.727315 0.015104 0.019444
0 0.353646 0.087963 0.150000 0.025926
0 0.806250 0.826852 0.041667 0.024074
0 0.517708 0.087963 0.136458 0.025926
0 0.837500 0.728241 0.047917 0.025000
0 0.025781 0.584259 0.017188 0.024074
0 0.008073 0.663426 0.016146 0.028704
0 0.627083 0.980093 0.015625 0.026852
0 0.632812 0.727778 0.041667 0.025926
0 0.008073 0.728241 0.016146 0.019444
0 0.207552 0.146296 0.014063 0.022222
0 0.008073 0.352315 0.014063 0.023148
0 0.008073 0.700926 0.016146 0.025926
0 0.044010 0.222222 0.013021 0.022222
0 0.062500 0.662500 0.015625 0.028704
0 0.650521 0.981481 0.016667 0.029630
0 0.967708 0.146296 0.019792 0.022222
0 0.062500 0.636111 0.015625 0.025926
0 0.441667 0.064352 0.015625 0.023148
0 0.135156 0.560185 0.007812 0.014815
0 0.973698 0.033333 0.051562 0.025926
0 0.919271 0.977315 0.013542 0.023148
0 0.928385 0.088426 0.017188 0.026852
0 0.534115 0.506019 0.125521 0.026852
0 0.197396 0.174074 0.007292 0.016667
0 0.199219 0.212500 0.099479 0.019444
0 0.928125 0.079167 0.017708 0.045370
0 0.125000 0.756481 0.007292 0.014815
0 0.124740 0.173148 0.007812 0.016667
0 0.079687 0.145833 0.013542 0.023148
0 0.512500 0.976852 0.016667 0.024074
0 0.134896 0.172222 0.009375 0.018519
0 0.939323 0.007870 0.010937 0.015741
0 0.116667 0.274074 0.013542 0.022222
0 0.115885 0.756944 0.007812 0.015741
0 0.910156 0.078241 0.018229 0.050926
0 0.771875 0.067130 0.016667 0.023148
0 0.008333 0.033333 0.014583 0.020370
0 0.099219 0.701389 0.014063 0.023148
0 0.608594 0.075000 0.034896 0.055556
0 0.953906 0.082870 0.021354 0.062037
0 0.061719 0.583796 0.015104 0.021296
0 0.899479 0.978241 0.020833 0.023148
0 0.237240 0.033796 0.016146 0.017593
0 0.473698 0.478241 0.023438 0.015741
0 0.080469 0.272685 0.015104 0.025000
0 0.118229 0.300463 0.016667 0.025000
0 0.523125 0.569444 0.099375 0.014815
0 0.520000 0.584722 0.091042 0.015741
0 0.517188 0.062500 0.137500 0.026852
0 0.007812 0.610185 0.015625 0.020370
0 0.080469 0.635648 0.015104 0.025000
0 0.518073 0.553241 0.090313 0.019444
0 0.079948 0.195370 0.011979 0.022222
0 0.894531 0.034259 0.014063 0.022222
0 0.116667 0.221759 0.012500 0.021296
0 0.226823 0.146759 0.017188 0.023148
0 0.539062 0.728241 0.041667 0.025000
0 0.521901 0.600463 0.094844 0.015741
0 0.098437 0.247685 0.012500 0.023148
0 0.271094 0.090741 0.017188 0.025926
0 0.988802 0.145370 0.019271 0.022222
0 0.099479 0.300000 0.013542 0.024074
0 0.672917 0.981019 0.016667 0.030556
0 0.026042 0.700926 0.013542 0.025926
0 0.098958 0.636111 0.014583 0.024074
0 0.070573 0.804630 0.141146 0.027778
0 0.008594 0.635648 0.014063 0.023148
0 0.659115 0.088889 0.013021 0.020370
0 0.172135 0.146296 0.018229 0.025926
0 0.964583 0.172685 0.009375 0.015741
0 0.080729 0.299074 0.014583 0.024074
0 0.008073 0.584722 0.016146 0.025000
0 0.881250 0.199537 0.032292 0.028704
0 0.080469 0.326389 0.015104 0.025000
0 0.062500 0.272222 0.014583 0.024074
0 0.070312 0.905093 0.140625 0.026852
0 0.354687 0.062963 0.147917 0.027778
0 0.008333 0.194907 0.016667 0.025000
0 0.070312 0.830556 0.140625 0.027778
0 0.025521 0.222222 0.014583 0.024074
0 0.062240 0.195370 0.013021 0.024074
0 0.870052 0.441204 0.013021 0.025000
0 0.115104 0.561574 0.009375 0.017593
0 0.396875 0.976389 0.116667 0.034259
0 0.116667 0.194907 0.010417 0.021296
0 0.016406 0.082407 0.026562 0.061111
0 0.098958 0.221296 0.013542 0.022222
0 0.007812 0.297685 0.015625 0.026852
0 0.641406 0.089815 0.014063 0.022222
0 0.190365 0.146296 0.014063 0.024074
0 0.135156 0.756944 0.006771 0.015741
0 0.880208 0.978704 0.013542 0.022222
0 0.080208 0.585185 0.015625 0.020370
0 0.115104 0.146759 0.015625 0.023148
0 0.819010 0.173148 0.011979 0.020370
0 0.994792 0.171759 0.009375 0.017593
0 0.327083 0.978704 0.019792 0.024074
0 0.098958 0.584722 0.016667 0.021296
0 0.098698 0.273611 0.013021 0.025000
0 0.088542 0.082407 0.023958 0.059259
0 0.852865 0.826852 0.042188 0.024074
0 0.044271 0.325463 0.013542 0.023148
0 0.846875 0.977778 0.013542 0.022222
0 0.116406 0.610185 0.015104 0.022222
0 0.062240 0.610648 0.015104 0.021296
0 0.044531 0.726852 0.015104 0.020370
0 0.062240 0.325926 0.013021 0.024074
0 0.909896 0.034259 0.013542 0.024074
0 0.065365 0.083333 0.022396 0.059259
0 0.863021 0.977778 0.014583 0.022222
0 0.044010 0.636574 0.015104 0.025000
0 0.585938 0.727778 0.041667 0.024074
0 0.044010 0.273148 0.015104 0.024074
0 0.846875 0.199074 0.035417 0.027778
0 0.132812 0.146296 0.014583 0.020370
0 0.944271 0.977315 0.013542 0.025000
0 0.963021 0.010185 0.009375 0.020370
0 0.026302 0.726852 0.015104 0.020370
0 0.044271 0.298611 0.014583 0.025000
0 0.117188 0.585185 0.015625 0.020370
0 0.098958 0.609722 0.015625 0.023148
0 0.080469 0.726852 0.014063 0.022222
0 0.117708 0.325926 0.017708 0.024074
0 0.025521 0.325000 0.015625 0.022222
0 0.098698 0.325463 0.013021 0.025000
0 0.946094 0.146759 0.013021 0.021296
0 0.694792 0.088426 0.017708 0.023148
0 0.044271 0.352778 0.015625 0.025926
0 0.492448 0.728241 0.041146 0.025000
0 0.025521 0.636111 0.016667 0.024074
0 0.146615 0.193056 0.011979 0.021296
0 0.271354 0.064815 0.017708 0.024074
0 0.490104 0.977315 0.017708 0.023148
0 0.712240 0.088889 0.013021 0.022222
0 0.701562 0.728241 0.041667 0.025000
0 0.116667 0.636111 0.014583 0.024074
0 0.152083 0.146296 0.018750 0.024074
0 0.025781 0.609722 0.017188 0.019444
0 0.854948 0.694907 0.010937 0.019444
0 0.117188 0.247685 0.013542 0.025000
0 0.983073 0.081019 0.025521 0.062037
0 0.043750 0.247222 0.013542 0.022222
0 0.117188 0.701389 0.013542 0.021296
0 0.105990 0.756481 0.008854 0.016667
0 0.558594 0.977778 0.018229 0.025926
0 0.097135 0.145833 0.017188 0.023148
0 0.747396 0.088889 0.013542 0.020370
0 0.080469 0.610185 0.015104 0.022222
0 0.115625 0.172222 0.010417 0.018519
0 0.044010 0.700926 0.014063 0.024074
0 0.080469 0.662500 0.014063 0.026852
0 0.883333 0.080093 0.023958 0.050926
0 0.080990 0.247222 0.014063 0.024074
0 0.984115 0.171296 0.008854 0.016667
0 0.858333 0.079167 0.026042 0.047222
0 0.507292 0.476852 0.041667 0.024074
0 0.063281 0.700926 0.017188 0.024074
0 0.026042 0.272685 0.015625 0.025000
0 0.909896 0.087963 0.017708 0.025926
0 0.974479 0.172222 0.008333 0.014815
0 0.062500 0.299074 0.013542 0.024074
0 0.580729 0.978241 0.017708 0.028704
0 0.025781 0.145370 0.050521 0.027778
0 0.008594 0.221759 0.014063 0.025000
0 0.988021 0.010648 0.012500 0.021296
0 0.043750 0.584259 0.015625 0.022222
0 0.007812 0.325463 0.015625 0.023148
0 0.080990 0.700463 0.013021 0.023148
0 0.535156 0.977315 0.017188 0.025000
0 0.730208 0.088889 0.014583 0.022222
0 0.044010 0.662500 0.014063 0.028704
0 0.603906 0.979630 0.020313 0.031481
0 0.466406 0.978241 0.017188 0.025000
0 0.124479 0.561111 0.007292 0.016667
0 0.044010 0.610648 0.015104 0.023148
0 0.788802 0.065741 0.015104 0.022222
