0 0.638872 0.479306 0.034026 0.014722
0 0.539424 0.476056 0.019172 0.017593
0 0.060974 0.145481 0.019271 0.020370
0 0.945760 0.976769 0.013177 0.019074
0 0.047339 0.034088 0.017240 0.012083
0 0.771182 0.091102 0.016667 0.023148
0 0.070156 0.925042 0.140312 0.014731
0 0.939547 0.011157 0.009531 0.015741
0 0.675164 0.478690 0.031234 0.013306
0 0.805799 0.066208 0.015380 0.019639
0 0.168021 0.173148 0.048542 0.018519
0 0.805612 0.472806 0.026276 0.021296
0 0.929078 0.089250 0.017188 0.026852
0 0.788995 0.065102 0.015104 0.021296
0 0.770852 0.066009 0.019453 0.021296
0 0.821458 0.063519 0.012708 0.017778
0 0.837615 0.064148 0.016281 0.021463
0 0.910589 0.089194 0.017708 0.025926
0 0.788771 0.090037 0.015625 0.025000
0 0.570229 0.478204 0.033396 0.014185
0 0.604339 0.478917 0.026427 0.013889
0 0.026680 0.034366 0.017682 0.015954
0 0.071003 0.033782 0.022266 0.016639
0 0.975617 0.977389 0.036474 0.026074
0 0.179828 0.863287 0.040885 0.071944
0 0.027865 0.195833 0.017188 0.025000
0 0.643151 0.062222 0.019792 0.023148
0 0.044557 0.194657 0.014010 0.025926
0 0.111536 0.089926 0.016667 0.026852
0 0.112578 0.063889 0.023073 0.020370
0 0.272656 0.090741 0.020313 0.025926
0 0.914115 0.918056 0.171771 0.023148
0 0.441964 0.062759 0.015625 0.023148
0 0.356779 0.089764 0.145505 0.026565
0 0.510078 0.088889 0.152448 0.024074
0 0.821826 0.088282 0.014786 0.022139
0 0.026302 0.272917 0.015625 0.025000
0 0.732708 0.063676 0.035937 0.025926
0 0.805617 0.089949 0.015016 0.019898
0 0.009682 0.248833 0.016510 0.024074
0 0.063932 0.247454 0.016406 0.024537
0 0.026604 0.247926 0.014958 0.019907
0 0.933099 0.034259 0.021406 0.024074
0 0.272995 0.064815 0.020990 0.024074
0 0.683846 0.062977 0.058245 0.024472
0 0.190042 0.089995 0.135542 0.024991
0 0.518906 0.063676 0.134479 0.022907
0 0.214826 0.031940 0.020401 0.018750
0 0.187781 0.033611 0.025740 0.018759
0 0.162000 0.033069 0.012917 0.019509
0 0.140628 0.032954 0.016661 0.016074
0 0.119576 0.032384 0.013818 0.016306
0 0.097495 0.032269 0.020531 0.015611
0 0.190352 0.063523 0.133880 0.022602
0 0.748229 0.506481 0.112917 0.025926
0 0.356208 0.064000 0.144979 0.024111
0 0.071036 0.804630 0.141146 0.027778
0 0.984115 0.171296 0.008854 0.016667
0 0.115885 0.756944 0.007812 0.015741
0 0.008333 0.033333 0.014583 0.020370
0 0.237240 0.033333 0.016146 0.018519
0 0.534115 0.506019 0.125521 0.026852
0 0.899479 0.977778 0.020833 0.024074
0 0.853125 0.827315 0.041667 0.025000
0 0.608594 0.074537 0.034896 0.054630
0 0.069792 0.857870 0.139583 0.026852
0 0.932292 0.977315 0.010417 0.023148
0 0.097135 0.145833 0.017188 0.023148
0 0.025781 0.609722 0.017188 0.019444
0 0.659115 0.088889 0.013021 0.020370
0 0.197396 0.174074 0.007292 0.016667
0 0.473698 0.478241 0.023438 0.015741
0 0.917448 0.200000 0.035937 0.024074
0 0.008594 0.635648 0.014063 0.023148
0 0.730208 0.088889 0.014583 0.022222
0 0.080990 0.700463 0.013021 0.023148
0 0.007812 0.325463 0.015625 0.023148
0 0.098958 0.584722 0.016667 0.021296
0 0.580729 0.978241 0.017708 0.028704
0 0.115104 0.146759 0.015625 0.023148
0 0.134896 0.756944 0.007292 0.015741
0 0.008073 0.700926 0.016146 0.025926
0 0.974479 0.172222 0.008333 0.014815
0 0.043750 0.584259 0.015625 0.022222
0 0.080208 0.584722 0.015625 0.021296
0 0.819531 0.173611 0.010937 0.019444
0 0.008594 0.221759 0.014063 0.025000
0 0.988021 0.010648 0.012500 0.021296
0 0.125000 0.756481 0.007292 0.014815
0 0.806510 0.826389 0.042188 0.025000
0 0.880208 0.978241 0.013542 0.023148
0 0.062500 0.299074 0.013542 0.024074
0 0.044010 0.222222 0.013021 0.022222
0 0.063281 0.700926 0.017188 0.024074
0 0.869792 0.440741 0.013542 0.024074
0 0.116667 0.195370 0.010417 0.020370
0 0.641406 0.090278 0.014063 0.023148
0 0.115104 0.561574 0.009375 0.017593
0 0.858333 0.079167 0.026042 0.047222
0 0.062240 0.195370 0.013021 0.024074
0 0.953906 0.083333 0.021354 0.062963
0 0.044010 0.700926 0.014063 0.024074
0 0.199219 0.212500 0.099479 0.019444
0 0.080990 0.247222 0.014063 0.024074
0 0.080469 0.610185 0.015104 0.022222
0 0.025781 0.222222 0.015104 0.024074
0 0.747396 0.088889 0.013542 0.020370
0 0.117188 0.701389 0.013542 0.021296
0 0.070312 0.905093 0.140625 0.026852
0 0.008333 0.194907 0.016667 0.025000
0 0.043750 0.247222 0.013542 0.022222
0 0.117188 0.247685 0.013542 0.025000
0 0.983073 0.081019 0.025521 0.062037
0 0.712240 0.088889 0.013021 0.022222
0 0.490104 0.977315 0.017708 0.023148
0 0.881250 0.199537 0.032292 0.028704
0 0.650781 0.981481 0.017188 0.029630
0 0.837240 0.728241 0.048438 0.025000
0 0.025521 0.636111 0.016667 0.024074
0 0.044271 0.352778 0.015625 0.025926
0 0.694792 0.088426 0.017708 0.023148
0 0.492188 0.728241 0.041667 0.025000
0 0.098698 0.325463 0.013021 0.025000
0 0.586198 0.728241 0.042188 0.025000
0 0.117708 0.325926 0.017708 0.024074
0 0.025521 0.325000 0.015625 0.022222
0 0.080469 0.726852 0.014063 0.022222
0 0.044271 0.298611 0.014583 0.025000
0 0.846875 0.199074 0.035417 0.027778
0 0.919010 0.062963 0.035937 0.024074
0 0.044010 0.273148 0.015104 0.024074
0 0.044010 0.636574 0.015104 0.025000
0 0.062240 0.325926 0.013021 0.024074
0 0.040885 0.083796 0.022396 0.060185
0 0.062240 0.610648 0.015104 0.021296
0 0.026042 0.662500 0.013542 0.028704
0 0.088542 0.082407 0.023958 0.059259
0 0.044271 0.325463 0.013542 0.023148
0 0.080469 0.326389 0.015104 0.025000
0 0.062500 0.272222 0.014583 0.024074
0 0.080729 0.299074 0.014583 0.024074
0 0.099479 0.300000 0.013542 0.024074
0 0.098437 0.247685 0.012500 0.023148
0 0.061719 0.583796 0.015104 0.021296
0 0.080469 0.635648 0.015104 0.025000
0 0.118229 0.300463 0.016667 0.025000
0 0.099219 0.701389 0.014063 0.023148
0 0.080469 0.272685 0.015104 0.025000
0 0.539062 0.727778 0.041667 0.025926
0 0.116927 0.274074 0.014063 0.022222
0 0.512500 0.976852 0.016667 0.024074
0 0.062500 0.636111 0.015625 0.025926
0 0.627083 0.980556 0.015625 0.027778
0 0.207552 0.146296 0.014063 0.022222
0 0.894531 0.034259 0.014063 0.022222
0 0.672917 0.981481 0.016667 0.029630
0 0.973698 0.033333 0.051562 0.025926
0 0.065104 0.083333 0.022917 0.059259
0 0.834375 0.506019 0.055208 0.026852
0 0.044531 0.726852 0.015104 0.020370
0 0.098698 0.273611 0.013021 0.025000
0 0.016406 0.082407 0.026562 0.061111
0 0.396875 0.976389 0.116667 0.034259
0 0.070312 0.830556 0.140625 0.027778
0 0.847135 0.440741 0.014063 0.024074
0 0.132812 0.146296 0.014583 0.020370
0 0.044010 0.610648 0.015104 0.023148
0 0.963021 0.010185 0.009375 0.020370
0 0.844792 0.473148 0.035417 0.027778
0 0.100000 0.194444 0.018750 0.024074
0 0.525260 0.568981 0.104688 0.015741
0 0.919010 0.976852 0.014063 0.024074
0 0.676562 0.087500 0.011458 0.021296
0 0.098958 0.636111 0.014583 0.024074
0 0.025781 0.352315 0.014063 0.025000
0 0.863021 0.978241 0.014583 0.023148
0 0.080729 0.221296 0.012500 0.022222
0 0.558594 0.977778 0.018229 0.025926
0 0.116667 0.636574 0.014583 0.023148
0 0.846615 0.978241 0.014063 0.023148
0 0.466146 0.978241 0.016667 0.025000
0 0.152083 0.145833 0.018750 0.025000
0 0.967708 0.146296 0.019792 0.022222
0 0.535156 0.977315 0.017188 0.025000
0 0.521589 0.616204 0.094219 0.015741
0 0.115625 0.172222 0.010417 0.018519
0 0.063281 0.727315 0.015104 0.019444
0 0.994792 0.171759 0.009375 0.017593
0 0.044010 0.662500 0.014063 0.028704
0 0.522813 0.600000 0.096667 0.014815
0 0.632552 0.728241 0.042188 0.025000
0 0.098958 0.610185 0.015625 0.024074
0 0.025781 0.584259 0.017188 0.024074
0 0.008073 0.663426 0.016146 0.028704
0 0.964583 0.172222 0.009375 0.016667
0 0.007812 0.610185 0.015625 0.020370
0 0.080208 0.195370 0.012500 0.022222
0 0.701562 0.728241 0.041667 0.025000
0 0.134896 0.172222 0.009375 0.018519
0 0.026042 0.700926 0.013542 0.025926
0 0.008333 0.272685 0.014583 0.023148
0 0.116667 0.221759 0.012500 0.021296
0 0.099219 0.221296 0.014063 0.022222
0 0.988802 0.145370 0.019271 0.022222
0 0.007812 0.297685 0.015625 0.026852
0 0.755208 0.728241 0.056250 0.025000
0 0.172135 0.146296 0.018229 0.025926
0 0.025781 0.145370 0.050521 0.027778
0 0.116406 0.610185 0.015104 0.022222
0 0.909896 0.034259 0.013542 0.024074
0 0.946354 0.146759 0.013542 0.021296
0 0.105729 0.756481 0.009375 0.016667
0 0.190365 0.146296 0.014063 0.024074
0 0.117188 0.585185 0.015625 0.020370
0 0.062500 0.221759 0.013542 0.021296
0 0.603906 0.979630 0.020313 0.031481
0 0.124479 0.561111 0.007292 0.016667
0 0.115365 0.756481 0.005729 0.014815
0 0.008073 0.728241 0.016146 0.019444
0 0.025781 0.299537 0.014063 0.025000
0 0.080469 0.662500 0.014063 0.026852
0 0.079687 0.145833 0.013542 0.023148
0 0.124740 0.173148 0.007812 0.016667
0 0.026302 0.726852 0.015104 0.020370
0 0.008333 0.352315 0.014583 0.023148
0 0.008073 0.584722 0.016146 0.025000
0 0.226823 0.146759 0.017188 0.023148
0 0.507292 0.476852 0.041667 0.024074
0 0.135156 0.560185 0.007812 0.014815
0 0.062500 0.662500 0.015625 0.028704
0 0.327083 0.978704 0.019792 0.024074
0 0.521302 0.552778 0.096771 0.018519
0 0.524089 0.585185 0.099219 0.016667
