0 0.044271 0.700926 0.014583 0.025926
0 0.133073 0.146296 0.015104 0.022222
0 0.098698 0.636111 0.015104 0.024074
0 0.098958 0.221296 0.013542 0.022222
0 0.058854 0.584259 0.018750 0.022222
0 0.119792 0.033333 0.016667 0.022222
0 0.061458 0.145833 0.016667 0.025000
0 0.466146 0.979167 0.017708 0.036111
0 0.919010 0.976389 0.014063 0.026852
0 0.007812 0.033796 0.014583 0.023148
0 0.899479 0.977315 0.020833 0.026852
0 0.199219 0.212963 0.099479 0.018519
0 0.124740 0.172685 0.007812 0.017593
0 0.079427 0.145370 0.013021 0.024074
0 0.939323 0.008333 0.010937 0.016667
0 0.135156 0.172222 0.009896 0.020370
0 0.135156 0.560185 0.007812 0.016667
0 0.974479 0.172222 0.008333 0.014815
0 0.124479 0.561111 0.007292 0.016667
0 0.608594 0.077315 0.034896 0.054630
0 0.124740 0.756481 0.007812 0.016667
0 0.236979 0.033333 0.016667 0.020370
0 0.070052 0.858333 0.140104 0.027778
0 0.961979 0.010185 0.013542 0.020370
0 0.984375 0.171296 0.009375 0.016667
0 0.115625 0.172222 0.010417 0.020370
0 0.818750 0.173611 0.013542 0.021296
0 0.846615 0.977778 0.015104 0.025926
0 0.994792 0.171759 0.009375 0.017593
0 0.115104 0.561111 0.009375 0.018519
0 0.098958 0.585185 0.016667 0.020370
0 0.079948 0.194907 0.013021 0.023148
0 0.608854 0.087963 0.034375 0.029630
0 0.105990 0.756481 0.009896 0.018519
0 0.909896 0.034259 0.013542 0.024074
0 0.008594 0.635648 0.014063 0.023148
0 0.134896 0.756944 0.007292 0.017593
0 0.080208 0.584722 0.015625 0.019444
0 0.116667 0.636574 0.015625 0.025000
0 0.070312 0.905093 0.140625 0.026852
0 0.515625 0.087963 0.139583 0.027778
0 0.116927 0.221759 0.013021 0.023148
0 0.008333 0.194907 0.016667 0.025000
0 0.062500 0.194907 0.013542 0.023148
0 0.879948 0.977315 0.014063 0.026852
0 0.172135 0.146296 0.018229 0.025926
0 0.115365 0.146296 0.016146 0.024074
0 0.025781 0.609722 0.017188 0.019444
0 0.061719 0.583796 0.015104 0.021296
0 0.008073 0.700926 0.016146 0.025926
0 0.008073 0.351852 0.015104 0.024074
0 0.098958 0.609722 0.015625 0.023148
0 0.008333 0.727778 0.016667 0.020370
0 0.659375 0.088426 0.013542 0.021296
0 0.190365 0.146296 0.015104 0.025926
0 0.008073 0.663426 0.016146 0.028704
0 0.967708 0.145833 0.019792 0.023148
0 0.026302 0.700926 0.014063 0.025926
0 0.063021 0.726852 0.015625 0.020370
0 0.025521 0.352315 0.014583 0.025000
0 0.007812 0.297685 0.015625 0.026852
0 0.489844 0.977315 0.018229 0.023148
0 0.025781 0.662500 0.014063 0.028704
0 0.207813 0.146296 0.014583 0.024074
0 0.534896 0.977315 0.017708 0.025000
0 0.964844 0.172222 0.009896 0.016667
0 0.110937 0.089815 0.016667 0.027778
0 0.946354 0.146296 0.013542 0.022222
0 0.603906 0.979630 0.020313 0.031481
0 0.441667 0.064815 0.015625 0.024074
0 0.441927 0.088889 0.016146 0.024074
0 0.025781 0.299537 0.014063 0.025000
0 0.580729 0.979167 0.018750 0.030556
0 0.117188 0.701389 0.014583 0.023148
0 0.062500 0.221759 0.013542 0.023148
0 0.731510 0.062963 0.035937 0.025926
0 0.117969 0.325926 0.018229 0.024074
0 0.007812 0.325463 0.015625 0.023148
0 0.676562 0.087963 0.012500 0.022222
0 0.917708 0.200463 0.036458 0.025000
0 0.062500 0.299074 0.013542 0.024074
0 0.117188 0.248148 0.013542 0.025926
0 0.516406 0.062037 0.139063 0.027778
0 0.730208 0.088889 0.014583 0.022222
0 0.043750 0.584259 0.015625 0.022222
0 0.097135 0.146296 0.017188 0.024074
0 0.062500 0.662500 0.015625 0.028704
0 0.098698 0.325463 0.013021 0.025000
0 0.641667 0.090278 0.014583 0.023148
0 0.008594 0.221759 0.014063 0.025000
0 0.747656 0.088889 0.014063 0.022222
0 0.983073 0.082870 0.025521 0.065741
0 0.044010 0.610648 0.015104 0.023148
0 0.080729 0.247222 0.013542 0.024074
0 0.025000 0.247685 0.015625 0.023148
0 0.044271 0.352778 0.015625 0.025926
0 0.080990 0.700463 0.013021 0.023148
0 0.008073 0.247222 0.014063 0.024074
0 0.558333 0.978241 0.018750 0.026852
0 0.883333 0.081019 0.023958 0.052778
0 0.080469 0.662037 0.014063 0.027778
0 0.650260 0.981481 0.017188 0.029630
0 0.025521 0.222222 0.014583 0.024074
0 0.070573 0.804630 0.141146 0.027778
0 0.070573 0.831019 0.141146 0.026852
0 0.016406 0.081944 0.026562 0.062037
0 0.080469 0.610185 0.015104 0.022222
0 0.098698 0.273611 0.013021 0.025000
0 0.062240 0.325463 0.013021 0.025000
0 0.062240 0.636111 0.016146 0.025926
0 0.044531 0.726852 0.015104 0.020370
0 0.080469 0.272685 0.015104 0.025000
0 0.116927 0.274074 0.014063 0.022222
0 0.080469 0.727315 0.014063 0.023148
0 0.088542 0.082870 0.023958 0.060185
0 0.080469 0.635648 0.015104 0.025000
0 0.118750 0.300463 0.017708 0.025000
0 0.044010 0.636574 0.015104 0.025000
0 0.683854 0.062500 0.061458 0.026852
0 0.098437 0.247685 0.012500 0.025000
0 0.044010 0.325463 0.014063 0.023148
0 0.062500 0.610648 0.014583 0.021296
0 0.040885 0.083333 0.021354 0.061111
0 0.099479 0.300000 0.013542 0.024074
0 0.512760 0.977315 0.017188 0.025000
0 0.080469 0.325926 0.015104 0.025926
0 0.044010 0.662500 0.014063 0.028704
0 0.044271 0.298611 0.014583 0.025000
0 0.396615 0.976389 0.117188 0.034259
0 0.080729 0.299074 0.014583 0.024074
0 0.099219 0.701389 0.014063 0.023148
0 0.846875 0.199537 0.035417 0.028704
0 0.973958 0.033333 0.051042 0.025926
0 0.694792 0.088426 0.017708 0.023148
0 0.043750 0.247685 0.013542 0.023148
0 0.711979 0.088889 0.013542 0.022222
0 0.025521 0.325000 0.015625 0.022222
0 0.063281 0.700926 0.017188 0.024074
0 0.025521 0.636111 0.016667 0.024074
0 0.988802 0.145370 0.019271 0.022222
0 0.008333 0.272685 0.014583 0.023148
0 0.116146 0.609722 0.015625 0.023148
0 0.080469 0.221296 0.013021 0.022222
0 0.115104 0.756481 0.006250 0.016667
0 0.026042 0.726852 0.015625 0.020370
0 0.643750 0.064352 0.019792 0.023148
0 0.117188 0.585185 0.015625 0.020370
0 0.627344 0.980556 0.016146 0.027778
0 0.881250 0.199537 0.033333 0.028704
0 0.672917 0.981019 0.016667 0.028704
0 0.025521 0.584259 0.017708 0.024074
0 0.894531 0.034259 0.014063 0.022222
0 0.863021 0.977315 0.015625 0.026852
0 0.044010 0.222222 0.013021 0.022222
0 0.918490 0.063889 0.036979 0.025926
0 0.007812 0.584722 0.015625 0.025000
0 0.007812 0.609722 0.015625 0.021296
0 0.152083 0.145833 0.018750 0.025000
0 0.227083 0.146296 0.017708 0.024074
0 0.327083 0.978241 0.020833 0.025000
0 0.820958 0.089097 0.013312 0.022120
0 0.190555 0.064153 0.135661 0.021639
0 0.821354 0.065370 0.013542 0.021481
0 0.933099 0.034259 0.021406 0.024074
0 0.805411 0.090236 0.016146 0.021139
0 0.064828 0.248324 0.015104 0.024074
0 0.988620 0.009056 0.014583 0.018111
0 0.190401 0.087963 0.137500 0.025926
0 0.772135 0.066806 0.017188 0.024352
0 0.954167 0.077685 0.021875 0.053519
0 0.789062 0.066759 0.015625 0.024259
0 0.858841 0.080426 0.025245 0.049074
0 0.100260 0.197213 0.019271 0.024074
0 0.272708 0.090741 0.020417 0.025926
0 0.112135 0.063426 0.021146 0.021296
0 0.837812 0.063565 0.015000 0.017870
0 0.045297 0.195380 0.014948 0.020370
0 0.117531 0.195370 0.011458 0.022222
0 0.180547 0.867759 0.038177 0.073611
0 0.356089 0.088657 0.146677 0.027315
0 0.027943 0.195833 0.017344 0.025000
0 0.914089 0.918056 0.171823 0.023148
0 0.162083 0.034852 0.017708 0.015556
0 0.046706 0.033065 0.015755 0.018519
0 0.166328 0.172685 0.045156 0.019444
0 0.025516 0.143944 0.050521 0.027778
0 0.197797 0.173259 0.008333 0.019444
0 0.910047 0.091287 0.017708 0.025926
0 0.928682 0.092944 0.017188 0.026852
0 0.945622 0.977120 0.010734 0.022056
0 0.976448 0.976861 0.034708 0.027611
0 0.027099 0.033037 0.015104 0.020370
0 0.024747 0.273231 0.013734 0.022019
0 0.141049 0.033685 0.018172 0.015741
0 0.070531 0.927611 0.138281 0.015519
0 0.933227 0.976551 0.012953 0.025213
0 0.064302 0.080000 0.021875 0.059259
0 0.356172 0.063194 0.144948 0.027315
0 0.063432 0.273787 0.014583 0.025000
0 0.044182 0.273148 0.015104 0.024074
0 0.273229 0.064352 0.021458 0.025000
0 0.070966 0.033375 0.023839 0.019343
0 0.096654 0.032144 0.021057 0.017694
0 0.186799 0.033583 0.024536 0.017278
0 0.214458 0.033171 0.022448 0.017287
0 0.771810 0.091069 0.016109 0.020583
0 0.788547 0.090130 0.015625 0.019722
0 0.805961 0.066032 0.013984 0.020583
