0 0.181062 0.862685 0.047458 0.074630
0 0.047003 0.034148 0.015995 0.018519
0 0.187734 0.032491 0.027240 0.027778
0 0.070727 0.034407 0.020495 0.023815
0 0.789297 0.090602 0.016094 0.022500
0 0.821766 0.066106 0.013021 0.018509
0 0.805688 0.089648 0.015104 0.022222
0 0.120284 0.032870 0.014328 0.018889
0 0.161714 0.034926 0.017719 0.019111
0 0.069583 0.858611 0.139167 0.026852
0 0.168099 0.173148 0.048698 0.018519
0 0.197396 0.172426 0.007292 0.016667
0 0.608854 0.076620 0.034375 0.062870
0 0.939026 0.008667 0.010937 0.015741
0 0.771953 0.065139 0.016823 0.019167
0 0.027443 0.032944 0.014479 0.020370
0 0.977938 0.977477 0.039844 0.033287
0 0.062198 0.144935 0.019271 0.020370
0 0.805607 0.472333 0.029411 0.021296
0 0.360125 0.090843 0.150000 0.025926
0 0.953906 0.078287 0.021354 0.054722
0 0.788802 0.065046 0.016146 0.020833
0 0.111667 0.063889 0.021250 0.020370
0 0.659578 0.089713 0.013021 0.020370
0 0.274115 0.090741 0.022188 0.025926
0 0.358620 0.063370 0.147917 0.027778
0 0.190471 0.063972 0.135516 0.022759
0 0.063536 0.273148 0.014583 0.024074
0 0.191062 0.087963 0.137500 0.025926
0 0.684083 0.062556 0.061458 0.025926
0 0.088542 0.083222 0.023958 0.060185
0 0.932682 0.033796 0.020573 0.025000
0 0.273411 0.064815 0.021823 0.024074
0 0.983073 0.080194 0.025521 0.062037
0 0.472367 0.478093 0.024432 0.024074
0 0.070432 0.926185 0.140719 0.011519
0 0.569620 0.478759 0.033771 0.017000
0 0.604284 0.477431 0.027193 0.015935
0 0.637531 0.477829 0.036906 0.017269
0 0.027646 0.272685 0.015625 0.025000
0 0.675109 0.477167 0.033771 0.014870
0 0.821380 0.090648 0.013594 0.020556
0 0.045297 0.196319 0.014958 0.020843
0 0.215766 0.034426 0.020865 0.020370
0 0.772620 0.091944 0.015625 0.025926
0 0.099073 0.034398 0.021646 0.020370
0 0.140797 0.030472 0.016531 0.021278
0 0.641672 0.089880 0.015052 0.017778
0 0.932708 0.976944 0.010417 0.022222
0 0.009135 0.272685 0.014583 0.023148
0 0.063984 0.247685 0.016510 0.025000
0 0.026943 0.247417 0.015625 0.023148
0 0.806250 0.064352 0.016667 0.019444
0 0.009573 0.248546 0.017812 0.024074
0 0.070312 0.906324 0.140625 0.026852
0 0.914714 0.918056 0.170573 0.023148
0 0.946172 0.977167 0.013542 0.024074
0 0.027943 0.195833 0.017344 0.025000
0 0.062240 0.610648 0.015104 0.021296
0 0.099479 0.300000 0.013542 0.024074
0 0.917448 0.200463 0.035937 0.023148
0 0.007812 0.325463 0.015625 0.023148
0 0.062500 0.299074 0.013542 0.024074
0 0.080729 0.221296 0.012500 0.022222
0 0.044271 0.325463 0.013542 0.023148
0 0.441927 0.088889 0.016146 0.024074
0 0.676823 0.087500 0.010937 0.021296
0 0.070573 0.830556 0.141146 0.027778
0 0.099740 0.194444 0.019271 0.024074
0 0.988021 0.010648 0.012500 0.021296
0 0.501042 0.976852 0.016667 0.022222
0 0.755469 0.506944 0.098437 0.026852
0 0.747396 0.088889 0.013542 0.020370
0 0.570312 0.977778 0.017708 0.025926
0 0.592448 0.978704 0.018229 0.029630
0 0.837500 0.728241 0.047917 0.025000
0 0.994792 0.171759 0.009375 0.017593
0 0.134896 0.756944 0.007292 0.015741
0 0.643750 0.064815 0.019792 0.024074
0 0.870052 0.441204 0.013021 0.023148
0 0.539062 0.728241 0.041667 0.025000
0 0.115104 0.146759 0.015625 0.023148
0 0.098698 0.585648 0.016146 0.021296
0 0.062500 0.195370 0.013542 0.024074
0 0.963021 0.010185 0.009375 0.020370
0 0.025781 0.609722 0.017188 0.019444
0 0.701042 0.728241 0.041667 0.025000
0 0.661198 0.979630 0.017188 0.025926
0 0.132812 0.146296 0.014583 0.020370
0 0.098698 0.325463 0.013021 0.025000
0 0.105729 0.756481 0.009375 0.016667
0 0.008594 0.221759 0.014063 0.025000
0 0.819531 0.174537 0.011979 0.019444
0 0.025521 0.222222 0.014583 0.024074
0 0.883333 0.081019 0.023958 0.052778
0 0.007812 0.584722 0.015625 0.025000
0 0.070573 0.804630 0.141146 0.027778
0 0.115885 0.172222 0.009896 0.018519
0 0.080469 0.299074 0.014063 0.024074
0 0.984115 0.171296 0.008854 0.016667
0 0.080469 0.662500 0.014063 0.026852
0 0.116667 0.195370 0.010417 0.020370
0 0.338281 0.977778 0.018229 0.025926
0 0.097135 0.145833 0.017188 0.023148
0 0.115104 0.561574 0.009375 0.017593
0 0.016406 0.082407 0.026562 0.061111
0 0.910156 0.087963 0.017188 0.025926
0 0.507031 0.477778 0.041146 0.022222
0 0.834375 0.506481 0.055208 0.025926
0 0.974479 0.172222 0.008333 0.014815
0 0.586198 0.728241 0.042188 0.025000
0 0.098698 0.273611 0.013021 0.025000
0 0.008594 0.635648 0.014063 0.023148
0 0.730208 0.088889 0.014583 0.022222
0 0.863021 0.978704 0.014583 0.029630
0 0.477865 0.978241 0.016146 0.025000
0 0.080990 0.700463 0.013021 0.023148
0 0.044010 0.636574 0.015104 0.025000
0 0.408333 0.976389 0.115625 0.034259
0 0.044531 0.726852 0.015104 0.020370
0 0.858333 0.079167 0.026042 0.047222
0 0.881250 0.199537 0.032292 0.028704
0 0.973698 0.033333 0.051562 0.025926
0 0.044010 0.273148 0.015104 0.024074
0 0.040885 0.083796 0.021354 0.060185
0 0.546875 0.977315 0.016667 0.025000
0 0.044271 0.298611 0.014583 0.025000
0 0.638802 0.979630 0.015104 0.025926
0 0.152083 0.146296 0.018750 0.024074
0 0.844792 0.473148 0.035417 0.027778
0 0.879687 0.977315 0.015625 0.025000
0 0.124479 0.561111 0.007292 0.016667
0 0.134896 0.560185 0.007292 0.014815
0 0.928385 0.088426 0.017188 0.026852
0 0.025781 0.145370 0.050521 0.027778
0 0.534635 0.506019 0.126562 0.026852
0 0.125000 0.756944 0.007292 0.015741
0 0.134896 0.172222 0.009375 0.018519
0 0.062240 0.325926 0.013021 0.024074
0 0.044010 0.610648 0.015104 0.023148
0 0.837500 0.067593 0.016667 0.027778
0 0.062500 0.636111 0.015625 0.025926
0 0.846875 0.199074 0.035417 0.027778
0 0.008333 0.194907 0.016667 0.025000
0 0.080729 0.326389 0.014583 0.025000
0 0.115885 0.756481 0.007812 0.016667
0 0.043750 0.584259 0.015625 0.022222
0 0.124740 0.173148 0.007812 0.016667
0 0.919271 0.977315 0.013542 0.023148
0 0.516406 0.062500 0.138021 0.026852
0 0.523698 0.977315 0.017188 0.025000
0 0.079687 0.145833 0.013542 0.023148
0 0.199219 0.212500 0.099479 0.019444
0 0.008333 0.805556 0.013542 0.020370
0 0.044010 0.662500 0.014063 0.028704
0 0.008333 0.033333 0.014583 0.020370
0 0.538802 0.477315 0.022396 0.019444
0 0.080208 0.272685 0.014583 0.025000
0 0.080469 0.726852 0.014063 0.022222
0 0.080208 0.585185 0.015625 0.020370
0 0.025781 0.325000 0.015104 0.022222
0 0.694792 0.088426 0.017708 0.021296
0 0.712240 0.088889 0.013021 0.022222
0 0.755208 0.728241 0.056250 0.025000
0 0.117188 0.247685 0.013542 0.025000
0 0.098958 0.221296 0.013542 0.022222
0 0.116927 0.221759 0.011979 0.021296
0 0.207552 0.146296 0.014063 0.022222
0 0.846354 0.440278 0.009375 0.021296
0 0.007812 0.610648 0.015625 0.021296
0 0.806510 0.826389 0.042188 0.025000
0 0.237240 0.033796 0.016146 0.017593
0 0.616146 0.979630 0.019792 0.029630
0 0.043750 0.247222 0.013542 0.022222
0 0.008073 0.663426 0.016146 0.028704
0 0.492188 0.728241 0.041667 0.025000
0 0.025781 0.584259 0.017188 0.024074
0 0.008073 0.700926 0.016146 0.025926
0 0.117188 0.701389 0.013542 0.021296
0 0.008073 0.728241 0.016146 0.019444
0 0.899479 0.977778 0.019792 0.024074
0 0.521745 0.568981 0.096615 0.015741
0 0.519922 0.552778 0.094010 0.016667
0 0.025521 0.636111 0.016667 0.024074
0 0.042448 0.728704 0.018229 0.020370
0 0.918750 0.062963 0.035417 0.024074
0 0.062500 0.221759 0.013542 0.021296
0 0.227083 0.146759 0.017708 0.023148
0 0.044010 0.222222 0.013021 0.022222
0 0.063281 0.727315 0.015104 0.019444
0 0.008073 0.352315 0.014063 0.023148
0 0.062500 0.662500 0.015625 0.028704
0 0.853125 0.827315 0.041667 0.025000
0 0.964583 0.172685 0.009375 0.015741
0 0.098958 0.610185 0.015625 0.024074
0 0.116927 0.585185 0.015104 0.020370
0 0.080729 0.247222 0.013542 0.024074
0 0.731510 0.062963 0.035937 0.025926
0 0.025521 0.351852 0.014583 0.025926
0 0.515885 0.087963 0.139063 0.025926
0 0.080469 0.610185 0.015104 0.022222
0 0.967708 0.145833 0.019792 0.023148
0 0.098958 0.636111 0.014583 0.024074
0 0.632812 0.727778 0.041667 0.025926
0 0.441667 0.064352 0.015625 0.023148
0 0.894531 0.034259 0.014063 0.022222
0 0.116667 0.274074 0.013542 0.022222
0 0.025781 0.299537 0.014063 0.025000
0 0.007812 0.297685 0.015625 0.026852
0 0.099219 0.701389 0.014063 0.023148
0 0.044010 0.352778 0.015104 0.025926
0 0.190365 0.146296 0.014063 0.024074
0 0.116667 0.636574 0.014583 0.023148
0 0.116146 0.610185 0.014583 0.022222
0 0.909896 0.034259 0.013542 0.024074
0 0.026302 0.726852 0.015104 0.020370
0 0.988802 0.145370 0.019271 0.022222
0 0.080208 0.195370 0.012500 0.022222
0 0.026042 0.662500 0.013542 0.028704
0 0.110937 0.090278 0.016667 0.026852
0 0.026042 0.700926 0.013542 0.025926
0 0.117969 0.325926 0.017188 0.024074
0 0.065104 0.083333 0.021875 0.059259
0 0.098437 0.247685 0.012500 0.023148
0 0.044010 0.701389 0.014063 0.025000
0 0.061719 0.584722 0.015104 0.021296
0 0.172135 0.146296 0.018229 0.025926
0 0.946094 0.146759 0.013021 0.021296
0 0.118229 0.300463 0.016667 0.025000
0 0.080729 0.636111 0.014583 0.024074
0 0.063542 0.700463 0.016667 0.025000
