0 0.988802 0.145370 0.019271 0.022222
0 0.519167 0.552778 0.092500 0.018519
0 0.521849 0.600000 0.094740 0.014815
0 0.520417 0.568981 0.095000 0.015741
0 0.519375 0.585185 0.089792 0.016667
0 0.518906 0.616204 0.088854 0.015741
0 0.473698 0.478241 0.023438 0.015741
0 0.932292 0.977315 0.010417 0.023148
0 0.608594 0.074537 0.034896 0.054630
0 0.899479 0.977778 0.020833 0.024074
0 0.237240 0.033333 0.016146 0.018519
0 0.008333 0.033333 0.014583 0.020370
0 0.771875 0.067130 0.016667 0.023148
0 0.124740 0.173148 0.007812 0.016667
0 0.079687 0.145833 0.013542 0.023148
0 0.134896 0.172222 0.009375 0.018519
0 0.919010 0.976852 0.014063 0.024074
0 0.199219 0.212500 0.099479 0.019444
0 0.125000 0.756481 0.007292 0.014815
0 0.197396 0.174074 0.007292 0.016667
0 0.069792 0.857870 0.139583 0.026852
0 0.928385 0.088426 0.017188 0.026852
0 0.534115 0.506019 0.125521 0.026852
0 0.135156 0.560185 0.007812 0.014815
0 0.507292 0.476852 0.041667 0.024074
0 0.124479 0.561111 0.007292 0.016667
0 0.025781 0.145370 0.050521 0.027778
0 0.844792 0.473148 0.035417 0.027778
0 0.847135 0.440741 0.014063 0.024074
0 0.974479 0.172222 0.008333 0.014815
0 0.909896 0.087963 0.017708 0.025926
0 0.789062 0.089352 0.015625 0.025000
0 0.984115 0.171296 0.008854 0.016667
0 0.080469 0.662500 0.014063 0.026852
0 0.097135 0.145833 0.017188 0.023148
0 0.115625 0.172222 0.010417 0.018519
0 0.105729 0.756481 0.009375 0.016667
0 0.115365 0.756481 0.005729 0.014815
0 0.025781 0.609722 0.017188 0.019444
0 0.132812 0.146296 0.014583 0.020370
0 0.963021 0.010185 0.009375 0.020370
0 0.863021 0.978241 0.014583 0.023148
0 0.846615 0.978241 0.014063 0.023148
0 0.994792 0.171759 0.009375 0.017593
0 0.098958 0.584722 0.016667 0.021296
0 0.115104 0.146759 0.015625 0.023148
0 0.134896 0.756944 0.007292 0.015741
0 0.080208 0.584722 0.015625 0.021296
0 0.880208 0.978241 0.013542 0.023148
0 0.869792 0.440741 0.013542 0.024074
0 0.116667 0.195370 0.010417 0.020370
0 0.115104 0.561574 0.009375 0.017593
0 0.062240 0.195370 0.013021 0.024074
0 0.025781 0.222222 0.015104 0.024074
0 0.070312 0.905093 0.140625 0.026852
0 0.008333 0.194907 0.016667 0.025000
0 0.881250 0.199537 0.032292 0.028704
0 0.964583 0.172222 0.009375 0.016667
0 0.701562 0.728241 0.041667 0.025000
0 0.008073 0.584722 0.016146 0.025000
0 0.659115 0.088889 0.013021 0.020370
0 0.152083 0.145833 0.018750 0.025000
0 0.226823 0.146759 0.017188 0.023148
0 0.098958 0.636111 0.014583 0.024074
0 0.008594 0.635648 0.014063 0.023148
0 0.146615 0.193056 0.011979 0.021296
0 0.116667 0.636574 0.014583 0.023148
0 0.853125 0.827315 0.041667 0.025000
0 0.327083 0.978704 0.019792 0.024074
0 0.026302 0.726852 0.015104 0.020370
0 0.098958 0.610185 0.015625 0.024074
0 0.117188 0.585185 0.015625 0.020370
0 0.190365 0.146296 0.014063 0.024074
0 0.946354 0.146759 0.013542 0.021296
0 0.909896 0.034259 0.013542 0.024074
0 0.116406 0.610185 0.015104 0.022222
0 0.172135 0.146296 0.018229 0.025926
0 0.007812 0.297685 0.015625 0.026852
0 0.099219 0.221296 0.014063 0.022222
0 0.116667 0.221759 0.012500 0.021296
0 0.008333 0.272685 0.014583 0.023148
0 0.026042 0.700926 0.013542 0.025926
0 0.080208 0.195370 0.012500 0.022222
0 0.007812 0.610185 0.015625 0.020370
0 0.672917 0.981481 0.016667 0.029630
0 0.894531 0.034259 0.014063 0.022222
0 0.207552 0.146296 0.014063 0.022222
0 0.627083 0.980556 0.015625 0.027778
0 0.061719 0.583796 0.015104 0.021296
0 0.837240 0.728241 0.048438 0.025000
0 0.650781 0.981481 0.017188 0.029630
0 0.044010 0.222222 0.013021 0.022222
0 0.008073 0.700926 0.016146 0.025926
0 0.062500 0.662500 0.015625 0.028704
0 0.967708 0.146296 0.019792 0.022222
0 0.008333 0.352315 0.014583 0.023148
0 0.008073 0.728241 0.016146 0.019444
0 0.755208 0.728241 0.056250 0.025000
0 0.008073 0.663426 0.016146 0.028704
0 0.025781 0.584259 0.017188 0.024074
0 0.063281 0.727315 0.015104 0.019444
0 0.080729 0.221296 0.012500 0.022222
0 0.025781 0.352315 0.014063 0.025000
0 0.676562 0.087500 0.011458 0.021296
0 0.539062 0.727778 0.041667 0.025926
0 0.026042 0.662500 0.013542 0.028704
0 0.632552 0.728241 0.042188 0.025000
0 0.062500 0.221759 0.013542 0.021296
0 0.603906 0.979630 0.020313 0.031481
0 0.025781 0.299537 0.014063 0.025000
0 0.917448 0.200000 0.035937 0.024074
0 0.044010 0.610648 0.015104 0.023148
0 0.100000 0.194444 0.018750 0.024074
0 0.466146 0.978241 0.016667 0.025000
0 0.535156 0.977315 0.017188 0.025000
0 0.044010 0.662500 0.014063 0.028704
0 0.558594 0.977778 0.018229 0.025926
0 0.730208 0.088889 0.014583 0.022222
0 0.080990 0.700463 0.013021 0.023148
0 0.007812 0.325463 0.015625 0.023148
0 0.580729 0.978241 0.017708 0.028704
0 0.043750 0.584259 0.015625 0.022222
0 0.008594 0.221759 0.014063 0.025000
0 0.988021 0.010648 0.012500 0.021296
0 0.806510 0.826389 0.042188 0.025000
0 0.062500 0.299074 0.013542 0.024074
0 0.063281 0.700926 0.017188 0.024074
0 0.026042 0.272685 0.015625 0.025000
0 0.731510 0.062963 0.035937 0.025926
0 0.883333 0.080556 0.023958 0.051852
0 0.044010 0.700926 0.014063 0.024074
0 0.080990 0.247222 0.014063 0.024074
0 0.080469 0.610185 0.015104 0.022222
0 0.747396 0.088889 0.013542 0.020370
0 0.117188 0.701389 0.013542 0.021296
0 0.043750 0.247222 0.013542 0.022222
0 0.117188 0.247685 0.013542 0.025000
0 0.983073 0.081019 0.025521 0.062037
0 0.712240 0.088889 0.013021 0.022222
0 0.490104 0.977315 0.017708 0.023148
0 0.025521 0.636111 0.016667 0.024074
0 0.044271 0.352778 0.015625 0.025926
0 0.694792 0.088426 0.017708 0.023148
0 0.492188 0.728241 0.041667 0.025000
0 0.098698 0.325463 0.013021 0.025000
0 0.586198 0.728241 0.042188 0.025000
0 0.117708 0.325926 0.017708 0.024074
0 0.025521 0.325000 0.015625 0.022222
0 0.080469 0.726852 0.014063 0.022222
0 0.044271 0.298611 0.014583 0.025000
0 0.846875 0.199074 0.035417 0.027778
0 0.044010 0.273148 0.015104 0.024074
0 0.044010 0.636574 0.015104 0.025000
0 0.062240 0.325926 0.013021 0.024074
0 0.040885 0.083796 0.022396 0.060185
0 0.062240 0.610648 0.015104 0.021296
0 0.088542 0.082407 0.023958 0.059259
0 0.044271 0.325463 0.013542 0.023148
0 0.080469 0.326389 0.015104 0.025000
0 0.062500 0.272222 0.014583 0.024074
0 0.080729 0.299074 0.014583 0.024074
0 0.099479 0.300000 0.013542 0.024074
0 0.098437 0.247685 0.012500 0.023148
0 0.080469 0.635648 0.015104 0.025000
0 0.118229 0.300463 0.016667 0.025000
0 0.099219 0.701389 0.014063 0.023148
0 0.080469 0.272685 0.015104 0.025000
0 0.116927 0.274074 0.014063 0.022222
0 0.512500 0.976852 0.016667 0.024074
0 0.062500 0.636111 0.015625 0.025926
0 0.973698 0.033333 0.051562 0.025926
0 0.065104 0.083333 0.022917 0.059259
0 0.834375 0.506019 0.055208 0.026852
0 0.044531 0.726852 0.015104 0.020370
0 0.098698 0.273611 0.013021 0.025000
0 0.016406 0.082407 0.026562 0.061111
0 0.396875 0.976389 0.116667 0.034259
0 0.755729 0.506481 0.097917 0.025926
0 0.070312 0.830556 0.140625 0.027778
0 0.070573 0.804630 0.141146 0.027778
0 0.190268 0.089028 0.136443 0.021944
0 0.097115 0.032907 0.023229 0.019907
0 0.119510 0.032542 0.014104 0.026546
0 0.140872 0.034014 0.017005 0.023602
0 0.162234 0.034755 0.016594 0.022120
0 0.046698 0.032491 0.015104 0.020370
0 0.677469 0.479588 0.039750 0.016028
0 0.637846 0.478222 0.032745 0.022222
0 0.060005 0.148727 0.015625 0.023380
0 0.604094 0.479000 0.027500 0.012963
0 0.071661 0.926546 0.140115 0.016389
0 0.569698 0.477148 0.036750 0.018519
0 0.939323 0.008639 0.010937 0.015741
0 0.974990 0.978750 0.035542 0.028796
0 0.805990 0.065787 0.016146 0.022315
0 0.167057 0.173148 0.046615 0.018519
0 0.805802 0.474731 0.028396 0.021296
0 0.789641 0.065278 0.015104 0.021296
0 0.821010 0.066667 0.011625 0.020000
0 0.836953 0.063194 0.016615 0.018981
0 0.110193 0.091167 0.015885 0.030833
0 0.027208 0.032454 0.015271 0.018519
0 0.945271 0.976648 0.013542 0.025000
0 0.179167 0.863940 0.045052 0.073602
0 0.027448 0.195833 0.016354 0.025000
0 0.643417 0.062269 0.019792 0.023148
0 0.640740 0.088491 0.014063 0.023148
0 0.044523 0.196190 0.015432 0.021824
0 0.070953 0.032880 0.025698 0.026852
0 0.771380 0.091435 0.014635 0.018981
0 0.112182 0.062398 0.019271 0.020370
0 0.273438 0.090741 0.021875 0.025926
0 0.511604 0.088472 0.155604 0.025926
0 0.954167 0.078056 0.021875 0.052407
0 0.914245 0.918056 0.171510 0.023148
0 0.442969 0.062296 0.015625 0.023148
0 0.358833 0.090046 0.150000 0.025926
0 0.918688 0.062000 0.035937 0.024074
0 0.821333 0.091560 0.012750 0.020769
0 0.858635 0.077037 0.026042 0.047222
0 0.539685 0.478056 0.019307 0.020981
0 0.805693 0.089662 0.016667 0.022269
0 0.009818 0.248870 0.017552 0.024074
0 0.064208 0.248407 0.015104 0.023148
0 0.027573 0.248917 0.016146 0.023148
0 0.933151 0.034259 0.021510 0.024074
0 0.273281 0.064815 0.021562 0.024074
0 0.683229 0.062296 0.061458 0.025926
0 0.520573 0.061213 0.137500 0.026852
0 0.190693 0.064056 0.135073 0.022556
0 0.357698 0.063685 0.147917 0.028704
0 0.186706 0.034755 0.027380 0.022120
0 0.213250 0.032176 0.020740 0.024333
0 0.819536 0.172019 0.012583 0.022370
