0 0.099906 0.196806 0.019271 0.024074
0 0.521469 0.804542 0.082656 0.021435
0 0.214672 0.033046 0.021344 0.018185
0 0.111901 0.063889 0.020677 0.020370
0 0.186211 0.032454 0.027130 0.021741
0 0.161643 0.032847 0.017120 0.020954
0 0.140742 0.033245 0.018901 0.020157
0 0.120065 0.032060 0.014453 0.020954
0 0.095831 0.033245 0.020234 0.017787
0 0.070539 0.033537 0.023255 0.021185
0 0.941839 0.033370 0.008854 0.022222
0 0.189607 0.087898 0.136828 0.025315
0 0.110937 0.091861 0.016667 0.027778
0 0.606380 0.775926 0.250781 0.025926
0 0.044112 0.195394 0.014203 0.022343
0 0.179914 0.864537 0.043609 0.078333
0 0.008333 0.195204 0.016667 0.025000
0 0.607083 0.749074 0.252500 0.025926
0 0.714063 0.172630 0.015625 0.024907
0 0.046768 0.032481 0.016880 0.018519
0 0.027760 0.195833 0.016979 0.025000
0 0.914089 0.918056 0.171823 0.023148
0 0.975815 0.977005 0.038474 0.027898
0 0.506875 0.262037 0.063750 0.012963
0 0.518359 0.693981 0.061719 0.013889
0 0.910396 0.089269 0.017708 0.025000
0 0.070479 0.859093 0.139583 0.026852
0 0.973151 0.033796 0.051615 0.025000
0 0.932479 0.977315 0.011458 0.023148
0 0.166927 0.173148 0.046354 0.018519
0 0.027359 0.031880 0.015104 0.020370
0 0.613776 0.227778 0.254740 0.025926
0 0.026328 0.247981 0.015625 0.023148
0 0.190052 0.063005 0.134479 0.021750
0 0.511432 0.204630 0.073906 0.014815
0 0.945000 0.976440 0.011667 0.026194
0 0.061604 0.146602 0.018750 0.019444
0 0.069974 0.925704 0.139948 0.021296
0 0.008729 0.247519 0.017354 0.024074
0 0.929760 0.034259 0.014063 0.024074
0 0.025307 0.272685 0.015104 0.025000
0 0.044010 0.610648 0.015104 0.023148
0 0.883333 0.081019 0.025000 0.052778
0 0.603906 0.979167 0.019271 0.030556
0 0.712500 0.088426 0.014583 0.023148
0 0.063281 0.700463 0.016146 0.025000
0 0.917448 0.200463 0.035937 0.025000
0 0.080469 0.325926 0.015104 0.025926
0 0.580990 0.978704 0.017188 0.027778
0 0.062240 0.325463 0.013021 0.025000
0 0.117188 0.247685 0.013542 0.025000
0 0.356346 0.062500 0.143349 0.028704
0 0.354740 0.088426 0.146771 0.026852
0 0.274385 0.062194 0.017708 0.023148
0 0.080469 0.610185 0.015104 0.022222
0 0.063281 0.247222 0.015104 0.022222
0 0.535417 0.977778 0.016667 0.024074
0 0.518750 0.062500 0.137500 0.026852
0 0.124740 0.173148 0.007812 0.016667
0 0.441927 0.088889 0.016146 0.024074
0 0.146875 0.912037 0.009375 0.027778
0 0.199479 0.212500 0.098958 0.019444
0 0.674219 0.892593 0.041146 0.024074
0 0.134896 0.172222 0.009375 0.018519
0 0.025781 0.144907 0.050521 0.028704
0 0.124740 0.561111 0.006771 0.016667
0 0.608594 0.079167 0.034896 0.063889
0 0.197396 0.174074 0.007292 0.016667
0 0.134896 0.560185 0.007292 0.014815
0 0.125000 0.756481 0.007292 0.014815
0 0.928385 0.088426 0.017188 0.026852
0 0.720313 0.892593 0.041667 0.024074
0 0.974479 0.172222 0.008333 0.014815
0 0.097135 0.145833 0.017188 0.023148
0 0.919271 0.977778 0.013542 0.022222
0 0.115365 0.756481 0.005729 0.014815
0 0.098698 0.585185 0.016146 0.020370
0 0.080469 0.662500 0.014063 0.026852
0 0.115104 0.560648 0.009375 0.017593
0 0.984375 0.171296 0.009375 0.016667
0 0.070312 0.905093 0.140625 0.026852
0 0.115885 0.172222 0.009896 0.018519
0 0.962760 0.010185 0.009896 0.020370
0 0.025781 0.609722 0.017188 0.019444
0 0.115104 0.146759 0.015625 0.023148
0 0.105990 0.756481 0.009896 0.016667
0 0.134896 0.756944 0.007292 0.015741
0 0.080208 0.584722 0.015625 0.019444
0 0.132812 0.146296 0.014583 0.020370
0 0.994792 0.171296 0.009375 0.016667
0 0.043750 0.247222 0.013542 0.022222
0 0.116667 0.194907 0.010417 0.021296
0 0.079687 0.145833 0.013542 0.023148
0 0.044531 0.726852 0.015104 0.020370
0 0.237500 0.032870 0.017708 0.019444
0 0.899479 0.977778 0.020833 0.022222
0 0.025521 0.636111 0.016667 0.024074
0 0.025781 0.325000 0.015104 0.022222
0 0.008333 0.033333 0.013542 0.020370
0 0.099219 0.701389 0.014063 0.023148
0 0.846875 0.978704 0.013542 0.022222
0 0.080729 0.246759 0.013542 0.023148
0 0.040885 0.083796 0.021354 0.060185
0 0.863281 0.978241 0.015104 0.021296
0 0.821354 0.077778 0.013542 0.046296
0 0.806250 0.077778 0.016667 0.046296
0 0.061719 0.584259 0.015104 0.020370
0 0.558594 0.977315 0.018229 0.025000
0 0.490104 0.976852 0.017708 0.022222
0 0.846875 0.199074 0.035417 0.027778
0 0.062500 0.195833 0.012500 0.023148
0 0.044531 0.298611 0.014063 0.025000
0 0.044010 0.273148 0.015104 0.024074
0 0.683854 0.062500 0.061458 0.026852
0 0.080729 0.727315 0.013542 0.023148
0 0.080469 0.299074 0.014063 0.024074
0 0.772135 0.078241 0.017188 0.045370
0 0.044271 0.325463 0.013542 0.023148
0 0.099479 0.300000 0.013542 0.024074
0 0.080469 0.636111 0.015104 0.024074
0 0.964844 0.172685 0.009896 0.015741
0 0.788802 0.077778 0.016146 0.046296
0 0.118490 0.300463 0.017188 0.025000
0 0.043750 0.636574 0.014583 0.025000
0 0.062240 0.611111 0.015104 0.020370
0 0.643750 0.063889 0.019792 0.024074
0 0.659375 0.088426 0.013542 0.021296
0 0.062500 0.272222 0.014583 0.024074
0 0.271094 0.089815 0.017188 0.024074
0 0.880208 0.978241 0.013542 0.021296
0 0.007812 0.584722 0.015625 0.023148
0 0.117188 0.585185 0.015625 0.020370
0 0.080208 0.195370 0.012500 0.022222
0 0.088542 0.082407 0.023958 0.059259
0 0.512500 0.977315 0.016667 0.023148
0 0.025521 0.222222 0.014583 0.024074
0 0.009375 0.635648 0.013542 0.025000
0 0.116406 0.609722 0.015104 0.021296
0 0.098437 0.247685 0.012500 0.023148
0 0.065104 0.083333 0.021875 0.059259
0 0.116927 0.274074 0.014063 0.022222
0 0.080208 0.272685 0.014583 0.025000
0 0.062240 0.636111 0.015104 0.025926
0 0.016667 0.082870 0.026042 0.060185
0 0.396354 0.975926 0.115625 0.033333
0 0.676562 0.087500 0.013542 0.021296
0 0.098698 0.273611 0.013021 0.025000
0 0.517969 0.088426 0.139063 0.026852
0 0.720573 0.283796 0.042188 0.025000
0 0.070312 0.830093 0.140625 0.026852
0 0.070312 0.804630 0.140625 0.027778
0 0.642188 0.088204 0.015104 0.024519
0 0.116667 0.637037 0.014583 0.024074
0 0.939063 0.008333 0.010417 0.014815
0 0.988802 0.145370 0.019271 0.022222
0 0.008333 0.272685 0.014583 0.023148
0 0.008333 0.298148 0.015625 0.027778
0 0.098958 0.636111 0.014583 0.024074
0 0.098958 0.609722 0.015625 0.023148
0 0.327344 0.978241 0.020313 0.023148
0 0.881510 0.199537 0.032813 0.028704
0 0.025781 0.584722 0.017188 0.023148
0 0.063021 0.726852 0.014583 0.022222
0 0.008073 0.663426 0.016146 0.028704
0 0.837500 0.076389 0.017708 0.047222
0 0.026302 0.726852 0.015104 0.020370
0 0.909635 0.034259 0.013021 0.024074
0 0.151823 0.146296 0.018229 0.024074
0 0.026042 0.662500 0.013542 0.028704
0 0.731510 0.062963 0.035937 0.025926
0 0.894271 0.034259 0.013542 0.022222
0 0.062500 0.662500 0.015625 0.028704
0 0.026302 0.700926 0.014063 0.025926
0 0.099219 0.221296 0.013021 0.022222
0 0.190365 0.146759 0.014063 0.023148
0 0.008073 0.352315 0.014063 0.023148
0 0.117188 0.701852 0.013542 0.022222
0 0.967708 0.146296 0.019792 0.022222
0 0.946094 0.146759 0.013021 0.021296
0 0.588542 0.284722 0.213542 0.026852
0 0.025521 0.351852 0.014583 0.025926
0 0.172396 0.146296 0.017708 0.024074
0 0.116927 0.222222 0.011979 0.022222
0 0.044010 0.222222 0.013021 0.022222
0 0.008073 0.728241 0.016146 0.019444
0 0.008073 0.700463 0.016146 0.025000
0 0.043750 0.584259 0.015625 0.022222
0 0.729948 0.088426 0.016146 0.023148
0 0.007812 0.325463 0.015625 0.023148
0 0.919010 0.062963 0.035937 0.024074
0 0.044010 0.352778 0.015104 0.025926
0 0.007812 0.610648 0.015625 0.021296
0 0.080729 0.700463 0.012500 0.023148
0 0.227083 0.147222 0.017708 0.022222
0 0.858333 0.079167 0.026042 0.047222
0 0.207813 0.146759 0.013542 0.021296
0 0.117969 0.326389 0.017188 0.023148
0 0.080729 0.221759 0.012500 0.021296
0 0.747396 0.089352 0.014583 0.021296
0 0.673177 0.981019 0.017188 0.028704
0 0.988021 0.010648 0.012500 0.021296
0 0.044010 0.662500 0.014063 0.028704
0 0.466146 0.978241 0.016667 0.025000
0 0.098698 0.325463 0.013021 0.025000
0 0.441667 0.064815 0.014583 0.024074
0 0.983073 0.084722 0.025521 0.069444
0 0.025781 0.299537 0.014063 0.025000
0 0.954167 0.088889 0.021875 0.074074
0 0.044010 0.700926 0.014063 0.024074
0 0.650521 0.981019 0.016667 0.028704
0 0.062500 0.221759 0.013542 0.021296
0 0.694792 0.088426 0.017708 0.023148
0 0.008854 0.221759 0.013542 0.025000
0 0.062500 0.299074 0.013542 0.024074
0 0.627344 0.980556 0.015104 0.025926
