0 0.988802 0.145833 0.019271 0.023148
0 0.080729 0.299074 0.014583 0.024074
0 0.044271 0.700926 0.014583 0.025926
0 0.025521 0.636111 0.016667 0.024074
0 0.025781 0.325463 0.015104 0.023148
0 0.025781 0.662963 0.014063 0.029630
0 0.043750 0.247685 0.013542 0.023148
0 0.080469 0.610185 0.015104 0.022222
0 0.983073 0.081481 0.025521 0.062963
0 0.008594 0.221759 0.014063 0.025000
0 0.245573 0.146296 0.014063 0.025926
0 0.008073 0.247222 0.013021 0.024074
0 0.063281 0.700463 0.017188 0.025000
0 0.008073 0.663426 0.016146 0.030556
0 0.025000 0.248148 0.015625 0.024074
0 0.099219 0.701389 0.014063 0.023148
0 0.044010 0.610648 0.015104 0.023148
0 0.523958 0.977778 0.017708 0.025926
0 0.062240 0.325463 0.013021 0.025000
0 0.063021 0.727315 0.015625 0.021296
0 0.280469 0.146296 0.018229 0.025926
0 0.080729 0.700926 0.012500 0.024074
0 0.080469 0.325926 0.015104 0.025926
0 0.988281 0.010648 0.014063 0.021296
0 0.570052 0.978704 0.018229 0.027778
0 0.044271 0.353241 0.015625 0.026852
0 0.025781 0.299537 0.014063 0.025000
0 0.946354 0.146296 0.013542 0.022222
0 0.694792 0.089352 0.014583 0.021296
0 0.043750 0.583796 0.015625 0.023148
0 0.062500 0.299074 0.013542 0.024074
0 0.973698 0.033333 0.050521 0.025926
0 0.117448 0.248148 0.014063 0.025926
0 0.747656 0.088889 0.014063 0.022222
0 0.711979 0.088889 0.013542 0.022222
0 0.546615 0.977778 0.017188 0.025926
0 0.729948 0.088889 0.015104 0.024074
0 0.846875 0.199537 0.035417 0.028704
0 0.592708 0.979630 0.018750 0.031481
0 0.263021 0.146759 0.014583 0.026852
0 0.117969 0.326389 0.017188 0.023148
0 0.501042 0.977315 0.017708 0.025000
0 0.007812 0.325463 0.015625 0.023148
0 0.098698 0.325926 0.013021 0.025926
0 0.062500 0.221759 0.013542 0.023148
0 0.227344 0.146296 0.019271 0.025926
0 0.909896 0.034259 0.013542 0.025926
0 0.967708 0.146296 0.019792 0.022222
0 0.026042 0.273148 0.015625 0.025926
0 0.026042 0.700926 0.014583 0.025926
0 0.894271 0.034259 0.013542 0.022222
0 0.025521 0.258333 0.015625 0.044444
0 0.008333 0.727778 0.016667 0.020370
0 0.477865 0.977778 0.017188 0.027778
0 0.919010 0.976852 0.013021 0.025926
0 0.851302 0.320833 0.042188 0.015741
0 0.899740 0.976852 0.020313 0.025926
0 0.237240 0.032870 0.017188 0.021296
0 0.939323 0.008333 0.010937 0.016667
0 0.008594 0.635648 0.014063 0.025000
0 0.847656 0.373148 0.035937 0.016667
0 0.008073 0.351852 0.015104 0.024074
0 0.124740 0.172685 0.008854 0.017593
0 0.974219 0.172222 0.008854 0.014815
0 0.676562 0.088426 0.012500 0.021296
0 0.193750 0.212963 0.087500 0.018519
0 0.134896 0.172222 0.009375 0.018519
0 0.134896 0.560648 0.007292 0.015741
0 0.117188 0.701389 0.014583 0.023148
0 0.124479 0.560648 0.007292 0.017593
0 0.060677 0.146296 0.016146 0.025926
0 0.197396 0.173611 0.008333 0.019444
0 0.961458 0.010185 0.013542 0.020370
0 0.026042 0.145370 0.050000 0.027778
0 0.124740 0.756481 0.007812 0.016667
0 0.818750 0.174074 0.013542 0.022222
0 0.114844 0.147685 0.014063 0.025000
0 0.025781 0.584259 0.016146 0.024074
0 0.044010 0.222222 0.013021 0.022222
0 0.025521 0.352315 0.014583 0.025000
0 0.984375 0.171759 0.009375 0.015741
0 0.115104 0.173611 0.010417 0.017593
0 0.025781 0.609259 0.017188 0.020370
0 0.616146 0.980093 0.019792 0.030556
0 0.070312 0.904630 0.140625 0.025926
0 0.070052 0.857870 0.140104 0.026852
0 0.863021 0.978241 0.014583 0.028704
0 0.115365 0.756481 0.006771 0.016667
0 0.879687 0.976852 0.016667 0.027778
0 0.965885 0.171759 0.011979 0.015741
0 0.298698 0.146296 0.015104 0.025926
0 0.190104 0.145370 0.017708 0.025926
0 0.078646 0.146759 0.014583 0.025000
0 0.608594 0.076852 0.034896 0.055556
0 0.008073 0.700463 0.016146 0.026852
0 0.338542 0.977778 0.019792 0.027778
0 0.105990 0.756481 0.009896 0.018519
0 0.061719 0.583796 0.015104 0.021296
0 0.080469 0.221759 0.013021 0.023148
0 0.659115 0.089352 0.013021 0.021296
0 0.994792 0.172222 0.009375 0.016667
0 0.115104 0.561111 0.009375 0.018519
0 0.642188 0.088889 0.015625 0.025926
0 0.098958 0.609722 0.015625 0.025000
0 0.134896 0.756944 0.007292 0.017593
0 0.116406 0.194907 0.010937 0.023148
0 0.881250 0.199537 0.032292 0.028704
0 0.098958 0.584722 0.016667 0.021296
0 0.080469 0.584259 0.015104 0.020370
0 0.062500 0.195370 0.013542 0.024074
0 0.080469 0.662500 0.013021 0.028704
0 0.116927 0.221759 0.013021 0.023148
0 0.098958 0.221296 0.013542 0.022222
0 0.170833 0.145833 0.017708 0.025000
0 0.008073 0.610185 0.016146 0.022222
0 0.207813 0.145370 0.014583 0.025926
0 0.062500 0.662500 0.015625 0.028704
0 0.098958 0.636111 0.015625 0.025926
0 0.008333 0.584259 0.016667 0.025926
0 0.661458 0.980093 0.017708 0.026852
0 0.025260 0.222222 0.015104 0.024074
0 0.638542 0.980093 0.015625 0.026852
0 0.917708 0.200463 0.036458 0.025000
0 0.151823 0.146296 0.019271 0.024074
0 0.116406 0.609722 0.015104 0.023148
0 0.079948 0.194907 0.013021 0.023148
0 0.918490 0.063426 0.036979 0.025000
0 0.008333 0.273148 0.014583 0.024074
0 0.008333 0.298148 0.015625 0.027778
0 0.007552 0.194907 0.015104 0.025000
0 0.117188 0.584722 0.015625 0.021296
0 0.026042 0.727315 0.015625 0.021296
0 0.111198 0.089815 0.016146 0.027778
0 0.116667 0.636574 0.015625 0.025000
0 0.316406 0.146296 0.016146 0.024074
0 0.097396 0.147222 0.017708 0.025926
0 0.132812 0.147685 0.014583 0.025000
0 0.070573 0.804630 0.141146 0.027778
0 0.070312 0.831019 0.140625 0.026852
0 0.098698 0.273611 0.013021 0.025000
0 0.016667 0.081944 0.026042 0.062037
0 0.062240 0.636111 0.016146 0.025926
0 0.080469 0.272685 0.015104 0.025000
0 0.065104 0.082870 0.021875 0.060185
0 0.684115 0.062500 0.061979 0.026852
0 0.116927 0.273611 0.014063 0.023148
0 0.080469 0.727315 0.014063 0.023148
0 0.080469 0.636111 0.015104 0.025926
0 0.062500 0.272685 0.014583 0.025000
0 0.408333 0.976389 0.116667 0.034259
0 0.088281 0.082407 0.023438 0.061111
0 0.044010 0.636111 0.015104 0.025926
0 0.118229 0.300463 0.017708 0.025000
0 0.044010 0.325463 0.014063 0.025000
0 0.044010 0.662500 0.014063 0.028704
0 0.044531 0.727315 0.015104 0.021296
0 0.044010 0.273148 0.015104 0.024074
0 0.098437 0.247685 0.012500 0.025000
0 0.478385 0.146759 0.015104 0.021296
0 0.062500 0.610648 0.014583 0.021296
0 0.044271 0.298611 0.014583 0.025000
0 0.040885 0.083333 0.021354 0.061111
0 0.099479 0.300000 0.013542 0.024074
0 0.914656 0.601810 0.168865 0.016880
0 0.914945 0.585106 0.168859 0.016880
0 0.914656 0.566856 0.168865 0.016880
0 0.914513 0.549375 0.168859 0.016880
0 0.915589 0.532421 0.168823 0.016880
0 0.915589 0.496954 0.168823 0.016889
0 0.919677 0.461588 0.160646 0.016880
0 0.919388 0.444111 0.161224 0.016889
0 0.919604 0.426116 0.160792 0.016880
0 0.919604 0.408894 0.160792 0.016880
0 0.919893 0.391417 0.160214 0.016889
0 0.919755 0.337921 0.160490 0.016880
0 0.915357 0.303574 0.168859 0.016889
0 0.914352 0.285431 0.168859 0.016880
0 0.915523 0.267588 0.168859 0.016880
0 0.915021 0.249745 0.168865 0.016880
0 0.805469 0.089847 0.013958 0.023935
0 0.771990 0.091065 0.014281 0.023519
0 0.214870 0.032880 0.019906 0.019037
0 0.186852 0.032435 0.027432 0.020519
0 0.162596 0.033625 0.015057 0.017546
0 0.140549 0.033940 0.016849 0.018824
0 0.119112 0.032981 0.016307 0.018426
0 0.097404 0.033269 0.022141 0.019000
0 0.070349 0.033843 0.022250 0.020926
0 0.046643 0.033458 0.016307 0.017083
0 0.915878 0.514949 0.168245 0.016880
0 0.111198 0.063426 0.019271 0.021296
0 0.643464 0.062556 0.019792 0.023148
0 0.732115 0.062704 0.035417 0.025926
0 0.044474 0.194463 0.014698 0.025000
0 0.180042 0.864213 0.043437 0.071574
0 0.026979 0.196037 0.018542 0.025926
0 0.914427 0.917593 0.171146 0.024074
0 0.010292 0.032454 0.013896 0.018519
0 0.871641 0.637037 0.066198 0.014815
0 0.909896 0.091648 0.017708 0.026852
0 0.165990 0.172685 0.045521 0.019444
0 0.837917 0.064861 0.015833 0.022315
0 0.928292 0.090981 0.017188 0.030556
0 0.821615 0.064074 0.013021 0.018889
0 0.069659 0.925995 0.137349 0.015046
0 0.788802 0.064352 0.015104 0.019444
0 0.945516 0.977315 0.013542 0.025000
0 0.028464 0.032491 0.015104 0.020370
0 0.975474 0.977338 0.034885 0.029120
0 0.356063 0.063917 0.145479 0.023574
0 0.272682 0.065278 0.020365 0.025000
0 0.189268 0.063273 0.135318 0.023769
0 0.355951 0.089139 0.145182 0.026352
0 0.933099 0.034259 0.021406 0.024074
0 0.805990 0.065278 0.017188 0.021296
0 0.518763 0.064463 0.134349 0.021889
0 0.064214 0.248546 0.016406 0.024074
0 0.190219 0.088222 0.137500 0.025926
0 0.081292 0.247056 0.014583 0.024074
0 0.821031 0.089884 0.013542 0.023750
0 0.883547 0.082296 0.023958 0.054630
0 0.931995 0.975593 0.010844 0.019278
0 0.442073 0.064306 0.015104 0.024074
0 0.858594 0.081481 0.025521 0.050000
0 0.272760 0.089815 0.020521 0.024074
0 0.772396 0.067083 0.016667 0.023056
0 0.953906 0.078889 0.021354 0.055926
0 0.442219 0.089454 0.016146 0.025000
0 0.788641 0.090491 0.016146 0.021241
0 0.100000 0.197981 0.018750 0.025000
0 0.518823 0.090019 0.135271 0.026444
0 0.398516 0.144907 0.142552 0.025000
0 0.925336 0.707773 0.149328 0.016880
0 0.925711 0.690000 0.148578 0.016889
0 0.925773 0.672227 0.148453 0.016880
0 0.925773 0.654903 0.148453 0.016880
0 0.839771 0.724560 0.018198 0.013509
0 0.838724 0.680866 0.015552 0.020583
0 0.838339 0.659176 0.011854 0.019833
0 0.847099 0.619843 0.035750 0.013444
