0 0.944716 0.976046 0.013839 0.021778
0 0.189716 0.063412 0.133901 0.023491
0 0.932526 0.033796 0.020260 0.025000
0 0.805990 0.066204 0.017188 0.023148
0 0.190073 0.088986 0.135479 0.025917
0 0.063646 0.247361 0.015833 0.024352
0 0.821354 0.064537 0.013542 0.019815
0 0.009062 0.248102 0.016042 0.025833
0 0.027000 0.246963 0.015625 0.024074
0 0.883526 0.081259 0.023958 0.054630
0 0.988604 0.009977 0.014063 0.019954
0 0.858750 0.081944 0.025208 0.050926
0 0.772396 0.067037 0.016667 0.024815
0 0.788802 0.066389 0.016146 0.023519
0 0.511323 0.089579 0.154021 0.022509
0 0.099740 0.195417 0.019271 0.026019
0 0.399036 0.144907 0.141510 0.025000
0 0.112448 0.062963 0.021771 0.022222
0 0.641578 0.089273 0.017573 0.022565
0 0.919859 0.063204 0.036979 0.025000
0 0.731391 0.063227 0.033677 0.023861
0 0.644182 0.063583 0.019792 0.023148
0 0.043628 0.194903 0.014411 0.025750
0 0.181135 0.862213 0.041771 0.070648
0 0.964669 0.171731 0.009755 0.014685
0 0.026641 0.195370 0.017865 0.025926
0 0.914687 0.917130 0.170625 0.023148
0 0.028432 0.033843 0.016990 0.018519
0 0.871927 0.637037 0.066771 0.014815
0 0.962151 0.009898 0.014063 0.019796
0 0.910021 0.091509 0.017708 0.027778
0 0.167198 0.174296 0.043938 0.020370
0 0.837917 0.065093 0.015833 0.024630
0 0.928510 0.091463 0.017188 0.031481
0 0.071044 0.926005 0.141870 0.012620
0 0.974344 0.172222 0.008854 0.014815
0 0.920068 0.974898 0.011635 0.027056
0 0.939510 0.008250 0.010937 0.016500
0 0.974378 0.976667 0.035203 0.026296
0 0.008672 0.033444 0.015104 0.020370
0 0.046385 0.033468 0.016698 0.016620
0 0.069807 0.034245 0.024417 0.018602
0 0.096781 0.033245 0.024042 0.016176
0 0.119393 0.033579 0.013953 0.015509
0 0.140013 0.032917 0.017068 0.016833
0 0.161630 0.032806 0.014698 0.017500
0 0.186922 0.032690 0.025417 0.019935
0 0.213784 0.033181 0.020682 0.017713
0 0.772141 0.090731 0.014646 0.018574
0 0.788617 0.090542 0.016370 0.021250
0 0.805740 0.090537 0.015292 0.022778
0 0.821029 0.088528 0.012703 0.021444
0 0.914190 0.250894 0.168859 0.016880
0 0.914190 0.267495 0.168859 0.016880
0 0.914357 0.284991 0.168859 0.016889
0 0.915190 0.303375 0.168859 0.016880
0 0.919909 0.338986 0.160182 0.016880
0 0.919661 0.392356 0.160677 0.016880
0 0.919214 0.409819 0.161573 0.016880
0 0.919326 0.427287 0.161349 0.016889
0 0.919214 0.444356 0.161573 0.016880
0 0.919102 0.461819 0.161797 0.016880
0 0.914898 0.497690 0.168859 0.016880
0 0.914003 0.515556 0.168859 0.016889
0 0.914674 0.533023 0.168859 0.016880
0 0.914674 0.550486 0.168859 0.016880
0 0.914003 0.567556 0.168859 0.016889
0 0.914451 0.585421 0.168859 0.016880
0 0.914451 0.602486 0.168859 0.016880
0 0.848883 0.619514 0.036901 0.015120
0 0.837997 0.659620 0.013984 0.020500
0 0.838070 0.679102 0.016432 0.020500
0 0.834826 0.714597 0.008505 0.035620
0 0.925253 0.655528 0.149495 0.016889
0 0.925253 0.672444 0.149495 0.016889
0 0.925253 0.688588 0.149495 0.016880
0 0.925469 0.707296 0.149063 0.016889
0 0.931740 0.976301 0.009802 0.018713
0 0.747656 0.088889 0.014063 0.022222
0 0.117448 0.248148 0.014063 0.025926
0 0.025781 0.299537 0.014063 0.025000
0 0.580729 0.979167 0.018750 0.030556
0 0.441927 0.064815 0.015104 0.024074
0 0.080729 0.700926 0.012500 0.024074
0 0.124479 0.560648 0.007292 0.017593
0 0.060677 0.146296 0.016146 0.025926
0 0.117188 0.584722 0.015625 0.021296
0 0.197396 0.173148 0.008333 0.020370
0 0.026042 0.145370 0.050000 0.027778
0 0.008333 0.298148 0.015625 0.027778
0 0.124740 0.756481 0.007812 0.016667
0 0.818750 0.174537 0.013542 0.021296
0 0.984375 0.171296 0.009375 0.016667
0 0.114844 0.173611 0.010937 0.017593
0 0.025781 0.609259 0.017188 0.020370
0 0.070052 0.857870 0.140104 0.026852
0 0.070312 0.905556 0.140625 0.027778
0 0.115365 0.756481 0.006771 0.016667
0 0.105990 0.756481 0.009896 0.018519
0 0.190104 0.145833 0.017708 0.026852
0 0.078646 0.146759 0.014583 0.025000
0 0.881250 0.199537 0.032292 0.028704
0 0.007552 0.194907 0.015104 0.025000
0 0.627083 0.980556 0.016667 0.027778
0 0.115104 0.561111 0.009375 0.018519
0 0.327083 0.978241 0.020833 0.025000
0 0.098958 0.585185 0.016667 0.022222
0 0.863281 0.976852 0.015104 0.027778
0 0.994792 0.172222 0.009375 0.016667
0 0.132812 0.147685 0.014583 0.025000
0 0.608594 0.076852 0.034896 0.055556
0 0.116406 0.194907 0.010937 0.023148
0 0.080469 0.662500 0.013021 0.028704
0 0.098958 0.636111 0.015625 0.025926
0 0.659115 0.089352 0.013021 0.021296
0 0.062500 0.195370 0.013542 0.024074
0 0.134896 0.756944 0.007292 0.017593
0 0.080469 0.584722 0.015104 0.021296
0 0.116927 0.221759 0.013021 0.023148
0 0.846354 0.977778 0.014583 0.025926
0 0.111198 0.089815 0.016146 0.027778
0 0.098958 0.609722 0.015625 0.025000
0 0.008333 0.584259 0.016667 0.025926
0 0.008073 0.609722 0.016146 0.023148
0 0.170833 0.145833 0.017708 0.025000
0 0.098958 0.221296 0.014583 0.022222
0 0.917708 0.200463 0.036458 0.025000
0 0.026042 0.727315 0.015625 0.021296
0 0.879948 0.977315 0.014063 0.026852
0 0.097396 0.147222 0.017708 0.025926
0 0.316667 0.146296 0.016667 0.024074
0 0.207813 0.145370 0.015625 0.025926
0 0.116406 0.636574 0.015104 0.025000
0 0.988802 0.145833 0.019271 0.023148
0 0.061719 0.583796 0.015104 0.021296
0 0.025260 0.222222 0.015104 0.024074
0 0.152083 0.146296 0.019792 0.024074
0 0.116406 0.609722 0.015104 0.023148
0 0.008333 0.273148 0.014583 0.024074
0 0.079948 0.194907 0.013021 0.023148
0 0.851302 0.320833 0.042188 0.015741
0 0.236979 0.032870 0.016667 0.021296
0 0.899740 0.977315 0.021354 0.026852
0 0.847656 0.373148 0.035937 0.016667
0 0.124740 0.172685 0.008854 0.017593
0 0.189583 0.212500 0.077083 0.019444
0 0.134635 0.172222 0.009896 0.020370
0 0.135156 0.560185 0.007812 0.016667
0 0.070573 0.804630 0.141146 0.027778
0 0.070573 0.831019 0.141146 0.026852
0 0.354687 0.062500 0.147917 0.028704
0 0.098698 0.273611 0.013021 0.025000
0 0.465885 0.977315 0.017188 0.026852
0 0.025781 0.584259 0.016146 0.024074
0 0.016667 0.081944 0.026042 0.062037
0 0.080469 0.221759 0.013021 0.023148
0 0.062240 0.636111 0.016146 0.025926
0 0.080469 0.272685 0.015104 0.025000
0 0.116927 0.274074 0.014063 0.022222
0 0.684115 0.062500 0.061979 0.026852
0 0.065104 0.082870 0.021875 0.060185
0 0.062500 0.272685 0.014583 0.025000
0 0.080469 0.636111 0.015104 0.025926
0 0.080469 0.727315 0.014063 0.023148
0 0.088542 0.082407 0.023958 0.061111
0 0.044010 0.636111 0.015104 0.025926
0 0.044010 0.325463 0.014063 0.025000
0 0.008073 0.700463 0.016146 0.026852
0 0.478385 0.146759 0.015104 0.021296
0 0.118229 0.300463 0.017708 0.025000
0 0.271615 0.064352 0.018229 0.025000
0 0.025521 0.352315 0.014583 0.026852
0 0.650000 0.980556 0.016667 0.029630
0 0.008594 0.635648 0.014063 0.025000
0 0.044010 0.662500 0.014063 0.028704
0 0.062500 0.610648 0.014583 0.021296
0 0.044010 0.273148 0.015104 0.024074
0 0.098437 0.247685 0.012500 0.025000
0 0.044531 0.727315 0.015104 0.021296
0 0.044271 0.298611 0.014583 0.025000
0 0.044010 0.222222 0.013021 0.022222
0 0.672917 0.981019 0.016667 0.028704
0 0.040885 0.082870 0.021354 0.062037
0 0.099479 0.300000 0.013542 0.024074
0 0.519010 0.062500 0.138021 0.026852
0 0.062500 0.662500 0.015625 0.028704
0 0.354167 0.088426 0.148958 0.026852
0 0.676562 0.088426 0.012500 0.021296
0 0.114844 0.147685 0.014063 0.025000
0 0.298438 0.146296 0.015625 0.025926
0 0.008073 0.352315 0.015104 0.025000
0 0.117188 0.701389 0.014583 0.023148
0 0.025781 0.662963 0.014063 0.029630
0 0.894271 0.034259 0.013542 0.022222
0 0.080729 0.299074 0.014583 0.024074
0 0.396615 0.976389 0.117188 0.034259
0 0.025521 0.636111 0.016667 0.024074
0 0.025781 0.325463 0.015104 0.023148
0 0.026042 0.700463 0.014583 0.026852
0 0.043750 0.247685 0.013542 0.023148
0 0.490104 0.976852 0.018750 0.024074
0 0.983073 0.081481 0.025521 0.062963
0 0.008333 0.727778 0.016667 0.020370
0 0.044271 0.700926 0.014583 0.025926
0 0.080469 0.610648 0.015104 0.023148
0 0.008594 0.221759 0.014063 0.025000
0 0.080729 0.247222 0.014583 0.024074
0 0.245573 0.145833 0.015104 0.026852
0 0.280469 0.146296 0.018229 0.025926
0 0.099219 0.701389 0.014063 0.023148
0 0.044010 0.610648 0.015104 0.023148
0 0.008073 0.663426 0.016146 0.030556
0 0.953906 0.084259 0.021354 0.066667
0 0.098698 0.325463 0.013021 0.025000
0 0.007812 0.325463 0.015625 0.023148
0 0.534896 0.977778 0.017708 0.025926
0 0.063281 0.700463 0.017188 0.025000
0 0.512760 0.977315 0.017188 0.025000
0 0.026042 0.273148 0.015625 0.025926
0 0.967708 0.145833 0.019792 0.023148
0 0.062500 0.221759 0.013542 0.023148
0 0.558594 0.978241 0.019271 0.028704
0 0.846875 0.199537 0.035417 0.028704
0 0.227344 0.146296 0.019271 0.025926
0 0.080469 0.325926 0.015104 0.025926
0 0.271354 0.089815 0.017708 0.024074
0 0.063021 0.727315 0.015625 0.021296
0 0.062240 0.325463 0.013021 0.025000
0 0.946354 0.146759 0.013542 0.023148
0 0.604167 0.979630 0.020833 0.031481
0 0.909896 0.034259 0.013542 0.025926
0 0.694792 0.089352 0.014583 0.021296
0 0.263021 0.146759 0.014583 0.026852
0 0.711979 0.088889 0.013542 0.022222
0 0.043750 0.583796 0.015625 0.023148
0 0.062500 0.299074 0.013542 0.024074
0 0.117969 0.326389 0.017188 0.023148
0 0.729948 0.088889 0.015104 0.024074
0 0.973698 0.033333 0.050521 0.025926
0 0.044271 0.353241 0.015625 0.026852
