0 0.731250 0.062963 0.035417 0.025926
0 0.044271 0.700926 0.014583 0.025926
0 0.909896 0.034259 0.013542 0.025926
0 0.983073 0.081944 0.025521 0.063889
0 0.115104 0.561111 0.009375 0.018519
0 0.078646 0.146759 0.014583 0.025000
0 0.190104 0.145833 0.017708 0.026852
0 0.152083 0.146296 0.019792 0.024074
0 0.918490 0.063426 0.036979 0.025000
0 0.079948 0.194907 0.013021 0.023148
0 0.044271 0.353241 0.015625 0.026852
0 0.105990 0.756481 0.009896 0.018519
0 0.062500 0.299074 0.013542 0.024074
0 0.534896 0.977778 0.017708 0.025926
0 0.043750 0.247685 0.013542 0.023148
0 0.354167 0.088426 0.148958 0.026852
0 0.227344 0.146296 0.019271 0.025926
0 0.025521 0.636111 0.016667 0.024074
0 0.080729 0.299074 0.014583 0.024074
0 0.115365 0.756481 0.006771 0.016667
0 0.025781 0.325463 0.015104 0.023148
0 0.025781 0.662963 0.014063 0.029630
0 0.116406 0.194907 0.010937 0.023148
0 0.973698 0.033333 0.050521 0.025926
0 0.070312 0.904630 0.140625 0.025926
0 0.008333 0.273148 0.014583 0.024074
0 0.881250 0.199537 0.032292 0.028704
0 0.062500 0.662500 0.015625 0.028704
0 0.070052 0.857870 0.140104 0.026852
0 0.519010 0.062500 0.138021 0.026852
0 0.025781 0.609259 0.017188 0.020370
0 0.114844 0.173611 0.010937 0.017593
0 0.099479 0.300000 0.013542 0.024074
0 0.984375 0.171296 0.009375 0.016667
0 0.044531 0.727315 0.015104 0.021296
0 0.098437 0.247685 0.012500 0.025000
0 0.818750 0.174537 0.013542 0.021296
0 0.124740 0.756481 0.007812 0.016667
0 0.044010 0.273148 0.015104 0.024074
0 0.043750 0.583796 0.015625 0.023148
0 0.098958 0.636111 0.015625 0.025926
0 0.026042 0.145370 0.050000 0.027778
0 0.961458 0.010185 0.014583 0.020370
0 0.062240 0.636111 0.016146 0.025926
0 0.694792 0.089352 0.014583 0.021296
0 0.117188 0.584722 0.015625 0.021296
0 0.044271 0.298611 0.014583 0.025000
0 0.117969 0.326389 0.017188 0.023148
0 0.116927 0.274074 0.014063 0.022222
0 0.040885 0.082870 0.021354 0.062037
0 0.008333 0.298148 0.015625 0.027778
0 0.044010 0.662500 0.014063 0.028704
0 0.007552 0.194907 0.015104 0.025000
0 0.062500 0.610648 0.014583 0.021296
0 0.197396 0.173148 0.008333 0.020370
0 0.060677 0.146296 0.016146 0.025926
0 0.627083 0.980556 0.016667 0.027778
0 0.065104 0.082870 0.021875 0.060185
0 0.124479 0.560648 0.007292 0.017593
0 0.132812 0.147685 0.014583 0.025000
0 0.135156 0.560185 0.007812 0.016667
0 0.118229 0.300463 0.017708 0.025000
0 0.134635 0.172222 0.009896 0.020370
0 0.189583 0.212500 0.077083 0.019444
0 0.098958 0.609722 0.015625 0.025000
0 0.271615 0.064352 0.018229 0.025000
0 0.659115 0.089352 0.013021 0.021296
0 0.974219 0.172222 0.008854 0.014815
0 0.124740 0.172685 0.008854 0.017593
0 0.044010 0.636111 0.015104 0.025926
0 0.847656 0.373148 0.035937 0.016667
0 0.026042 0.727315 0.015625 0.021296
0 0.837500 0.069444 0.016667 0.031481
0 0.939323 0.008333 0.010937 0.016667
0 0.944792 0.976852 0.013542 0.025926
0 0.097396 0.147222 0.017708 0.025926
0 0.899479 0.977315 0.021875 0.026852
0 0.237240 0.032870 0.017188 0.021296
0 0.044010 0.325463 0.014063 0.025000
0 0.111198 0.089815 0.016146 0.027778
0 0.327083 0.978241 0.020833 0.025000
0 0.316667 0.146296 0.016667 0.024074
0 0.061719 0.583796 0.015104 0.021296
0 0.478385 0.146759 0.015104 0.021296
0 0.684115 0.062500 0.061979 0.026852
0 0.088542 0.082407 0.023958 0.061111
0 0.080469 0.636111 0.015104 0.025926
0 0.465885 0.977315 0.017188 0.026852
0 0.062500 0.272685 0.014583 0.025000
0 0.080469 0.727315 0.014063 0.023148
0 0.116667 0.637037 0.015625 0.024074
0 0.747396 0.088889 0.014583 0.022222
0 0.117448 0.248148 0.014063 0.025926
0 0.026042 0.584259 0.016667 0.024074
0 0.711979 0.088889 0.013542 0.022222
0 0.729948 0.088889 0.015104 0.024074
0 0.025781 0.299537 0.014063 0.025000
0 0.580729 0.979167 0.018750 0.030556
0 0.062500 0.195370 0.013542 0.024074
0 0.070573 0.804630 0.141146 0.027778
0 0.441927 0.064815 0.015104 0.024074
0 0.080469 0.221759 0.013021 0.023148
0 0.062240 0.325463 0.013021 0.025000
0 0.070573 0.831019 0.141146 0.026852
0 0.025521 0.352315 0.014583 0.026852
0 0.080469 0.325926 0.015104 0.025926
0 0.354687 0.062500 0.147917 0.028704
0 0.080729 0.700926 0.012500 0.024074
0 0.063021 0.727315 0.015625 0.021296
0 0.988281 0.010648 0.014063 0.021296
0 0.946354 0.146759 0.013542 0.023148
0 0.099219 0.701389 0.014063 0.023148
0 0.642188 0.087963 0.015625 0.027778
0 0.044010 0.610648 0.015104 0.023148
0 0.008073 0.609722 0.016146 0.023148
0 0.134896 0.756944 0.007292 0.017593
0 0.170833 0.145833 0.017708 0.025000
0 0.008333 0.700463 0.016667 0.026852
0 0.994792 0.172222 0.009375 0.016667
0 0.098958 0.221296 0.014583 0.022222
0 0.863021 0.977315 0.015625 0.026852
0 0.879948 0.977315 0.014063 0.026852
0 0.917708 0.200463 0.036458 0.025000
0 0.207813 0.145370 0.015625 0.025926
0 0.080469 0.662500 0.013021 0.028704
0 0.016667 0.081944 0.026042 0.062037
0 0.512760 0.977315 0.017188 0.025000
0 0.080469 0.584722 0.015104 0.021296
0 0.608594 0.076852 0.034896 0.055556
0 0.271354 0.089815 0.017708 0.024074
0 0.650260 0.980556 0.017188 0.029630
0 0.846354 0.977778 0.014583 0.025926
0 0.846875 0.199537 0.035417 0.028704
0 0.098698 0.273611 0.013021 0.025000
0 0.044010 0.222222 0.013021 0.022222
0 0.008594 0.635648 0.014063 0.025000
0 0.442188 0.088426 0.016667 0.025000
0 0.672917 0.981019 0.016667 0.028704
0 0.114844 0.147685 0.014063 0.025000
0 0.676562 0.088426 0.012500 0.021296
0 0.117188 0.701389 0.014583 0.023148
0 0.518490 0.087963 0.139063 0.027778
0 0.008073 0.352315 0.015104 0.025000
0 0.298698 0.146296 0.015104 0.025926
0 0.008333 0.584259 0.016667 0.025926
0 0.098698 0.325463 0.013021 0.025000
0 0.026042 0.700463 0.014583 0.026852
0 0.008073 0.663426 0.016146 0.030556
0 0.116927 0.221759 0.013021 0.023148
0 0.080469 0.272685 0.015104 0.025000
0 0.063281 0.700463 0.017188 0.025000
0 0.954167 0.084259 0.021875 0.066667
0 0.894271 0.034259 0.013542 0.022222
0 0.008333 0.727778 0.016667 0.020370
0 0.026042 0.273148 0.015625 0.025926
0 0.489844 0.976852 0.018229 0.024074
0 0.558594 0.978241 0.019271 0.028704
0 0.025000 0.248148 0.015625 0.024074
0 0.245573 0.145833 0.015104 0.026852
0 0.967708 0.145833 0.019792 0.023148
0 0.280469 0.146296 0.018229 0.025926
0 0.116406 0.609722 0.015104 0.023148
0 0.025260 0.222222 0.015104 0.024074
0 0.263021 0.146759 0.014583 0.026852
0 0.080729 0.247222 0.014583 0.024074
0 0.007812 0.247222 0.013542 0.024074
0 0.988802 0.145833 0.019271 0.023148
0 0.007812 0.325463 0.015625 0.023148
0 0.098958 0.585185 0.016667 0.022222
0 0.062500 0.221759 0.013542 0.023148
0 0.008594 0.221759 0.014063 0.025000
0 0.396615 0.975926 0.117188 0.035185
0 0.080469 0.610648 0.015104 0.023148
0 0.604167 0.979630 0.020833 0.031481
0 0.919714 0.391431 0.160573 0.016880
0 0.111615 0.062963 0.020104 0.022222
0 0.643167 0.062630 0.019792 0.023148
0 0.043849 0.194907 0.014698 0.025000
0 0.964094 0.172222 0.008604 0.016667
0 0.181854 0.863435 0.047031 0.078056
0 0.027292 0.195370 0.019167 0.025926
0 0.009570 0.032907 0.013359 0.018519
0 0.872552 0.637500 0.068021 0.015741
0 0.914167 0.917593 0.171667 0.022222
0 0.909896 0.091815 0.017708 0.027778
0 0.166641 0.172222 0.046823 0.020370
0 0.928385 0.091148 0.017188 0.031481
0 0.977091 0.976370 0.037901 0.030519
0 0.788542 0.065000 0.015625 0.020741
0 0.918672 0.975787 0.013385 0.027500
0 0.026635 0.031000 0.015104 0.020370
0 0.934219 0.033796 0.023646 0.025000
0 0.190062 0.063259 0.134146 0.023556
0 0.805990 0.065324 0.017188 0.021389
0 0.189727 0.089449 0.134818 0.025917
0 0.821354 0.064861 0.013542 0.020463
0 0.064487 0.248185 0.016578 0.024074
0 0.884208 0.080833 0.023958 0.054630
0 0.858823 0.080611 0.026562 0.050926
0 0.772135 0.067315 0.017188 0.025370
0 0.788708 0.090403 0.016146 0.018454
0 0.099990 0.197574 0.019271 0.025000
0 0.398516 0.144907 0.142552 0.025000
0 0.070427 0.925713 0.139958 0.014389
0 0.931362 0.975574 0.010547 0.022074
0 0.925461 0.706792 0.149078 0.016880
0 0.925651 0.688801 0.148698 0.016880
0 0.925961 0.671472 0.148078 0.016889
0 0.925898 0.654588 0.148203 0.016880
0 0.839711 0.714847 0.018193 0.037157
0 0.838201 0.681505 0.014120 0.023769
0 0.837638 0.658069 0.013995 0.019546
0 0.848969 0.619644 0.035469 0.015769
0 0.915362 0.601861 0.168859 0.016889
0 0.915529 0.584019 0.168859 0.016889
0 0.915529 0.566472 0.168859 0.016889
0 0.915362 0.548630 0.168859 0.016889
0 0.915529 0.531380 0.168859 0.016889
0 0.915362 0.514130 0.168859 0.016889
0 0.915529 0.497477 0.168859 0.016880
0 0.919005 0.461014 0.161990 0.016880
0 0.919078 0.443532 0.161844 0.016880
0 0.919005 0.426569 0.161990 0.016880
0 0.919651 0.409648 0.160698 0.016889
0 0.920107 0.338551 0.159786 0.016880
0 0.851797 0.320769 0.041260 0.015926
0 0.913883 0.303153 0.168859 0.016880
0 0.913883 0.284495 0.168859 0.016880
0 0.913883 0.267606 0.168859 0.016880
0 0.914383 0.249963 0.168859 0.016889
0 0.820451 0.088366 0.013161 0.020583
0 0.805984 0.089519 0.014844 0.023222
0 0.771398 0.090773 0.015682 0.020083
0 0.214440 0.032449 0.021495 0.021324
0 0.186385 0.032782 0.026365 0.021102
0 0.160760 0.032310 0.015906 0.020306
0 0.140448 0.031926 0.018937 0.020556
0 0.119266 0.032694 0.014750 0.019019
0 0.097289 0.033208 0.022266 0.020046
0 0.070904 0.034106 0.026172 0.022361
0 0.046253 0.032181 0.017349 0.020565
