0 0.080469 0.272685 0.015104 0.025000
0 0.747656 0.088889 0.014063 0.022222
0 0.117448 0.248148 0.014063 0.025926
0 0.080729 0.700926 0.012500 0.024074
0 0.711979 0.088889 0.013542 0.022222
0 0.846875 0.199537 0.035417 0.028704
0 0.592708 0.979630 0.018750 0.031481
0 0.729948 0.088889 0.015104 0.024074
0 0.263021 0.146759 0.014583 0.026852
0 0.080469 0.325926 0.015104 0.025926
0 0.117969 0.326389 0.017188 0.023148
0 0.501042 0.977315 0.017708 0.025000
0 0.007812 0.325463 0.015625 0.023148
0 0.909896 0.034259 0.013542 0.025926
0 0.280469 0.146296 0.018229 0.025926
0 0.227344 0.146296 0.019271 0.025926
0 0.098698 0.325926 0.013021 0.025926
0 0.062500 0.221759 0.013542 0.023148
0 0.063021 0.727315 0.015625 0.021296
0 0.026042 0.273148 0.015625 0.025926
0 0.967708 0.146296 0.019792 0.022222
0 0.026042 0.700926 0.014583 0.025926
0 0.894271 0.034259 0.013542 0.022222
0 0.008333 0.727778 0.016667 0.020370
0 0.062240 0.325463 0.013021 0.025000
0 0.953906 0.084259 0.021354 0.066667
0 0.477865 0.977778 0.017188 0.027778
0 0.117188 0.701389 0.014583 0.023148
0 0.008594 0.635648 0.014063 0.025000
0 0.008073 0.351852 0.015104 0.024074
0 0.676562 0.088426 0.012500 0.021296
0 0.114844 0.147685 0.014063 0.025000
0 0.025521 0.352315 0.014583 0.025000
0 0.044010 0.222222 0.013021 0.022222
0 0.025781 0.584259 0.016146 0.024074
0 0.298698 0.146296 0.015104 0.025926
0 0.615885 0.980093 0.020313 0.030556
0 0.008073 0.700463 0.016146 0.026852
0 0.523958 0.977778 0.017708 0.025926
0 0.080469 0.221759 0.013021 0.023148
0 0.044010 0.610648 0.015104 0.023148
0 0.008073 0.663426 0.016146 0.030556
0 0.061719 0.583796 0.015104 0.021296
0 0.659115 0.089352 0.013021 0.021296
0 0.110937 0.063426 0.018750 0.021296
0 0.098958 0.609722 0.015625 0.025000
0 0.099219 0.701389 0.014063 0.023148
0 0.316406 0.146296 0.016146 0.024074
0 0.132812 0.147685 0.014583 0.025000
0 0.097396 0.147222 0.017708 0.025926
0 0.098958 0.636111 0.015625 0.025926
0 0.116667 0.636574 0.015625 0.025000
0 0.111198 0.089815 0.016146 0.027778
0 0.026042 0.727315 0.015625 0.021296
0 0.007552 0.194907 0.015104 0.025000
0 0.063281 0.700463 0.017188 0.025000
0 0.117188 0.584722 0.015625 0.021296
0 0.008333 0.298148 0.015625 0.027778
0 0.008333 0.273148 0.014583 0.024074
0 0.080729 0.247222 0.014583 0.024074
0 0.245573 0.145833 0.014063 0.026852
0 0.063281 0.247222 0.015104 0.024074
0 0.008594 0.221759 0.014063 0.025000
0 0.079948 0.194907 0.013021 0.023148
0 0.116406 0.609722 0.015104 0.023148
0 0.151823 0.146296 0.019271 0.024074
0 0.983073 0.081481 0.025521 0.062963
0 0.917708 0.200463 0.036458 0.025000
0 0.080469 0.610185 0.015104 0.022222
0 0.638542 0.980093 0.015625 0.026852
0 0.025260 0.222222 0.015104 0.024074
0 0.661458 0.980093 0.017708 0.026852
0 0.988802 0.145833 0.019271 0.023148
0 0.207813 0.145370 0.014583 0.025926
0 0.043750 0.247685 0.013542 0.023148
0 0.025781 0.662963 0.014063 0.029630
0 0.008333 0.584259 0.016667 0.025926
0 0.025781 0.325463 0.015104 0.023148
0 0.025521 0.636111 0.016667 0.024074
0 0.044271 0.700926 0.014583 0.025926
0 0.008073 0.610185 0.016146 0.022222
0 0.080729 0.299074 0.014583 0.024074
0 0.170833 0.145833 0.017708 0.025000
0 0.098958 0.221296 0.013542 0.022222
0 0.116927 0.221759 0.013021 0.023148
0 0.080469 0.662500 0.013021 0.028704
0 0.062500 0.195370 0.013542 0.024074
0 0.062500 0.662500 0.015625 0.028704
0 0.643750 0.064352 0.019792 0.023148
0 0.040885 0.083333 0.021354 0.061111
0 0.099479 0.300000 0.013542 0.024074
0 0.080469 0.584259 0.015104 0.020370
0 0.134896 0.756944 0.007292 0.017593
0 0.881250 0.199537 0.032292 0.028704
0 0.116406 0.194907 0.010937 0.023148
0 0.098958 0.584722 0.016667 0.021296
0 0.994792 0.172222 0.009375 0.016667
0 0.115104 0.561111 0.009375 0.018519
0 0.338281 0.978241 0.020313 0.026852
0 0.608594 0.076852 0.034896 0.055556
0 0.078646 0.146759 0.014583 0.025000
0 0.177344 0.871759 0.031771 0.056481
0 0.044271 0.298611 0.014583 0.025000
0 0.190104 0.145833 0.017708 0.026852
0 0.062500 0.610648 0.014583 0.021296
0 0.478385 0.146759 0.015104 0.021296
0 0.098437 0.247685 0.012500 0.025000
0 0.044010 0.273148 0.015104 0.024074
0 0.105990 0.756481 0.009896 0.018519
0 0.879687 0.976852 0.016667 0.027778
0 0.044531 0.727315 0.015104 0.021296
0 0.115365 0.756481 0.006771 0.016667
0 0.044010 0.662500 0.014063 0.028704
0 0.044010 0.325463 0.014063 0.025000
0 0.118229 0.300463 0.017708 0.025000
0 0.044010 0.636111 0.015104 0.025926
0 0.088542 0.082407 0.023958 0.061111
0 0.863021 0.978241 0.014583 0.028704
0 0.408333 0.976389 0.116667 0.034259
0 0.062500 0.272685 0.014583 0.025000
0 0.080469 0.636111 0.015104 0.025926
0 0.080469 0.727315 0.014063 0.023148
0 0.116927 0.273611 0.014063 0.023148
0 0.070052 0.857870 0.140104 0.026852
0 0.546615 0.977778 0.017188 0.025926
0 0.062240 0.636111 0.016146 0.025926
0 0.016667 0.081944 0.026042 0.062037
0 0.098698 0.273611 0.013021 0.025000
0 0.923958 0.917593 0.152083 0.024074
0 0.838021 0.919907 0.016667 0.013889
0 0.025781 0.609259 0.017188 0.020370
0 0.114844 0.173611 0.010937 0.017593
0 0.984375 0.171296 0.009375 0.016667
0 0.818750 0.174074 0.013542 0.022222
0 0.124740 0.756481 0.007812 0.016667
0 0.961458 0.010185 0.013542 0.020370
0 0.026042 0.145370 0.050000 0.027778
0 0.197396 0.173611 0.008333 0.019444
0 0.060677 0.146296 0.016146 0.025926
0 0.124479 0.560648 0.007292 0.017593
0 0.135156 0.560185 0.007812 0.016667
0 0.134635 0.172222 0.009896 0.020370
0 0.938021 0.009722 0.011458 0.019444
0 0.193750 0.212963 0.087500 0.018519
0 0.124740 0.172685 0.008854 0.017593
0 0.944792 0.977778 0.013542 0.025926
0 0.899740 0.976852 0.020313 0.025926
0 0.237240 0.032870 0.017188 0.021296
0 0.979688 0.033796 0.037500 0.025000
0 0.044271 0.352778 0.015625 0.025926
0 0.441927 0.064815 0.015104 0.024074
0 0.946354 0.146296 0.013542 0.022222
0 0.025781 0.299537 0.014063 0.025000
0 0.062500 0.299074 0.013542 0.024074
0 0.694792 0.089352 0.014583 0.021296
0 0.973698 0.033333 0.050521 0.025926
0 0.043750 0.583796 0.015625 0.023148
0 0.988281 0.010648 0.014063 0.021296
0 0.570052 0.978704 0.018229 0.027778
0 0.517135 0.063472 0.134271 0.024907
0 0.932312 0.977389 0.009802 0.023241
0 0.924073 0.708602 0.151854 0.017167
0 0.924854 0.691981 0.150292 0.017167
0 0.925177 0.674037 0.149646 0.017167
0 0.924867 0.656324 0.150266 0.017167
0 0.835211 0.716097 0.010005 0.037806
0 0.837505 0.682370 0.015427 0.022241
0 0.838130 0.659394 0.015844 0.023713
0 0.849240 0.619921 0.039573 0.013398
0 0.915180 0.603352 0.169505 0.017167
0 0.915422 0.585565 0.169156 0.017167
0 0.914763 0.567773 0.169505 0.017176
0 0.915180 0.549981 0.169505 0.017167
0 0.914346 0.532194 0.169505 0.017167
0 0.914763 0.515148 0.169505 0.017167
0 0.915180 0.498097 0.169505 0.017176
0 0.851820 0.320991 0.043245 0.012167
0 0.846594 0.373199 0.032073 0.015380
0 0.918979 0.461889 0.162042 0.017167
0 0.919357 0.444028 0.161286 0.017167
0 0.919201 0.426315 0.161599 0.017167
0 0.919201 0.408593 0.161599 0.017167
0 0.919615 0.391412 0.160771 0.017176
0 0.771604 0.090213 0.014948 0.019778
0 0.804622 0.089745 0.014599 0.021935
0 0.974867 0.172083 0.006234 0.014648
0 0.918841 0.338597 0.162318 0.017176
0 0.914016 0.250343 0.169510 0.017167
0 0.913747 0.268046 0.169505 0.017167
0 0.913747 0.286231 0.169505 0.017167
0 0.913747 0.304894 0.169505 0.017176
0 0.070573 0.804630 0.141146 0.027778
0 0.046549 0.032620 0.015099 0.015481
0 0.069875 0.032968 0.025354 0.020991
0 0.097747 0.032449 0.023807 0.016509
0 0.119617 0.032792 0.014516 0.017898
0 0.140557 0.033375 0.016063 0.017046
0 0.160638 0.032912 0.016839 0.018880
0 0.185643 0.032454 0.028505 0.022574
0 0.214693 0.030329 0.021885 0.021324
0 0.009005 0.247778 0.018010 0.024074
0 0.820661 0.088898 0.013542 0.022204
0 0.027182 0.248148 0.015625 0.024074
0 0.884141 0.081917 0.023958 0.054630
0 0.859464 0.081481 0.026562 0.050000
0 0.772396 0.066806 0.016667 0.024352
0 0.272474 0.088889 0.019948 0.024074
0 0.788453 0.090769 0.016146 0.021611
0 0.099583 0.198611 0.018750 0.025000
0 0.873281 0.637037 0.069479 0.014815
0 0.509479 0.088426 0.151250 0.025000
0 0.398984 0.144907 0.141615 0.025000
0 0.919651 0.063426 0.036979 0.025000
0 0.642083 0.090194 0.018750 0.024796
0 0.732807 0.062963 0.035417 0.025926
0 0.044784 0.195106 0.017203 0.023176
0 0.026693 0.195370 0.017969 0.025926
0 0.071279 0.906343 0.142557 0.025926
0 0.009490 0.032898 0.015104 0.020370
0 0.919583 0.977130 0.014167 0.027222
0 0.965776 0.171148 0.008854 0.014815
0 0.788802 0.065278 0.015104 0.021296
0 0.975667 0.976486 0.037312 0.030009
0 0.068437 0.927519 0.136875 0.013481
0 0.821615 0.064491 0.013021 0.019722
0 0.928385 0.093287 0.017188 0.030556
0 0.837500 0.064954 0.016667 0.022500
0 0.166302 0.172685 0.046146 0.019444
0 0.909896 0.091269 0.017708 0.027778
0 0.191750 0.062796 0.137500 0.026852
0 0.065104 0.082870 0.021875 0.060185
0 0.029430 0.033694 0.016661 0.018519
0 0.190573 0.087963 0.137500 0.025926
0 0.070573 0.831019 0.141146 0.026852
0 0.355344 0.063713 0.144417 0.027241
0 0.684115 0.063333 0.061979 0.025185
0 0.273255 0.063426 0.021510 0.025000
0 0.355651 0.089398 0.145469 0.024907
0 0.932656 0.033796 0.020521 0.025000
0 0.805990 0.065417 0.017188 0.021574
