0 0.355753 0.064676 0.144953 0.024352
0 0.046031 0.032005 0.018687 0.022065
0 0.071344 0.033741 0.022729 0.019833
0 0.097560 0.032995 0.020359 0.015620
0 0.120234 0.032750 0.015292 0.017593
0 0.140417 0.033190 0.018583 0.017546
0 0.161805 0.032505 0.016453 0.021676
0 0.187740 0.033708 0.027677 0.022028
0 0.214161 0.033537 0.018969 0.016167
0 0.771771 0.089856 0.014198 0.021806
0 0.805010 0.090144 0.014521 0.021806
0 0.915268 0.249977 0.168859 0.016880
0 0.914935 0.267819 0.168859 0.016880
0 0.915435 0.285662 0.168859 0.016880
0 0.915268 0.303509 0.168859 0.016889
0 0.919651 0.338222 0.160698 0.016889
0 0.919503 0.391995 0.160995 0.016880
0 0.919182 0.409505 0.161635 0.016880
0 0.919182 0.426727 0.161635 0.016880
0 0.919253 0.443435 0.161495 0.016889
0 0.918956 0.461269 0.162089 0.016889
0 0.915164 0.496310 0.168859 0.016880
0 0.915836 0.515875 0.168328 0.016880
0 0.915753 0.532231 0.168495 0.016889
0 0.914461 0.549644 0.168859 0.016880
0 0.914846 0.566847 0.168859 0.016880
0 0.915232 0.584051 0.168859 0.016880
0 0.914846 0.601944 0.168859 0.016889
0 0.848958 0.620403 0.036281 0.017657
0 0.838461 0.659009 0.011422 0.021333
0 0.838315 0.681370 0.014318 0.019278
0 0.839906 0.724167 0.016917 0.014907
0 0.925456 0.654940 0.149089 0.016880
0 0.925500 0.672366 0.149000 0.016880
0 0.925500 0.690449 0.149000 0.016880
0 0.925594 0.708708 0.148813 0.016880
0 0.918872 0.976421 0.013620 0.021120
0 0.932117 0.975634 0.010870 0.017769
0 0.945112 0.976963 0.012870 0.018667
0 0.975542 0.977074 0.039740 0.039759
0 0.070151 0.805472 0.140302 0.025185
0 0.027318 0.033278 0.015104 0.020370
0 0.789365 0.064569 0.015104 0.023583
0 0.069307 0.924579 0.137531 0.013806
0 0.821615 0.065648 0.013021 0.022037
0 0.929109 0.091102 0.017188 0.030556
0 0.837969 0.065648 0.015729 0.023889
0 0.167318 0.172685 0.048177 0.019444
0 0.872135 0.637037 0.067187 0.014815
0 0.910474 0.090843 0.017708 0.026852
0 0.915000 0.917593 0.170000 0.024074
0 0.009094 0.034500 0.012542 0.018519
0 0.027083 0.195648 0.018750 0.026481
0 0.180188 0.861935 0.045156 0.073148
0 0.044734 0.194907 0.014698 0.025000
0 0.643250 0.063463 0.019792 0.023148
0 0.111432 0.063426 0.019740 0.021296
0 0.398984 0.144907 0.141615 0.025000
0 0.509323 0.088426 0.150937 0.025000
0 0.100000 0.197583 0.018750 0.025000
0 0.788719 0.090741 0.016146 0.022593
0 0.272578 0.089815 0.020156 0.024074
0 0.953906 0.077731 0.021354 0.053611
0 0.772396 0.065556 0.016667 0.021852
0 0.858958 0.081481 0.024792 0.050000
0 0.883479 0.082870 0.023958 0.054630
0 0.820870 0.089588 0.013542 0.022306
0 0.517891 0.064306 0.135781 0.023241
0 0.805990 0.066111 0.017188 0.022963
0 0.933203 0.033796 0.021615 0.025000
0 0.356484 0.088940 0.145781 0.025824
0 0.190651 0.062500 0.137500 0.026852
0 0.272630 0.065278 0.020260 0.025000
0 0.227344 0.146296 0.019271 0.025926
0 0.099479 0.300000 0.013542 0.024074
0 0.044271 0.298611 0.014583 0.025000
0 0.007812 0.325463 0.015625 0.023148
0 0.062500 0.221759 0.013542 0.023148
0 0.026042 0.273148 0.015625 0.025926
0 0.098698 0.325463 0.013021 0.025000
0 0.967708 0.146296 0.019792 0.022222
0 0.026042 0.700926 0.014583 0.025926
0 0.894271 0.034259 0.013542 0.022222
0 0.008333 0.727778 0.016667 0.020370
0 0.477604 0.977778 0.017708 0.027778
0 0.117188 0.701389 0.014583 0.023148
0 0.008073 0.351852 0.015104 0.024074
0 0.062500 0.610648 0.014583 0.021296
0 0.114844 0.147685 0.014063 0.025000
0 0.676562 0.088426 0.012500 0.021296
0 0.478646 0.146759 0.014583 0.021296
0 0.008594 0.635648 0.014063 0.025000
0 0.044010 0.222222 0.013021 0.022222
0 0.615885 0.980093 0.020313 0.030556
0 0.298698 0.146296 0.015104 0.025926
0 0.044531 0.727315 0.015104 0.021296
0 0.025781 0.584259 0.016146 0.024074
0 0.025521 0.352315 0.014583 0.025000
0 0.044010 0.273148 0.015104 0.024074
0 0.098437 0.247685 0.012500 0.025000
0 0.008073 0.700463 0.016146 0.026852
0 0.080469 0.221759 0.013021 0.023148
0 0.061719 0.583796 0.015104 0.021296
0 0.659115 0.089352 0.013021 0.021296
0 0.316406 0.146296 0.016146 0.024074
0 0.044010 0.662500 0.014063 0.028704
0 0.132812 0.147685 0.014583 0.025000
0 0.044010 0.325463 0.014063 0.025000
0 0.118229 0.300463 0.017708 0.025000
0 0.097396 0.147222 0.017708 0.025926
0 0.044010 0.636111 0.015104 0.025926
0 0.088542 0.082407 0.023958 0.061111
0 0.098958 0.609722 0.015625 0.025000
0 0.116667 0.636574 0.015625 0.025000
0 0.098698 0.273611 0.013021 0.025000
0 0.408333 0.976389 0.116667 0.034259
0 0.016667 0.081944 0.026042 0.062037
0 0.062240 0.636111 0.016146 0.025926
0 0.080469 0.272685 0.015104 0.025000
0 0.065104 0.082870 0.021875 0.060185
0 0.684115 0.062500 0.061979 0.026852
0 0.116927 0.273611 0.014063 0.023148
0 0.080469 0.727315 0.014063 0.023148
0 0.080469 0.636111 0.015104 0.025926
0 0.062500 0.272685 0.014583 0.025000
0 0.044271 0.700926 0.014583 0.025926
0 0.025781 0.662963 0.014063 0.029630
0 0.099219 0.701389 0.014063 0.023148
0 0.098958 0.584722 0.016667 0.021296
0 0.098958 0.636111 0.015625 0.025926
0 0.994792 0.172222 0.009375 0.016667
0 0.025521 0.636111 0.016667 0.024074
0 0.338281 0.978241 0.020313 0.026852
0 0.008333 0.298148 0.015625 0.027778
0 0.115104 0.561111 0.009375 0.018519
0 0.608594 0.076852 0.034896 0.055556
0 0.044010 0.610648 0.015104 0.023148
0 0.025781 0.325463 0.015104 0.023148
0 0.078646 0.146759 0.014583 0.025000
0 0.111198 0.089815 0.016146 0.027778
0 0.105990 0.756481 0.009896 0.018519
0 0.965885 0.171759 0.011979 0.015741
0 0.988802 0.145833 0.019271 0.023148
0 0.190104 0.145833 0.017708 0.026852
0 0.008073 0.663426 0.016146 0.030556
0 0.983073 0.081481 0.025521 0.062963
0 0.863021 0.977778 0.014583 0.029630
0 0.063281 0.247222 0.015104 0.024074
0 0.661458 0.980093 0.017708 0.026852
0 0.638542 0.980093 0.015625 0.026852
0 0.070312 0.904630 0.140625 0.025926
0 0.207813 0.145370 0.014583 0.025926
0 0.523958 0.977778 0.017708 0.025926
0 0.280469 0.146296 0.018229 0.025926
0 0.062240 0.325463 0.013021 0.025000
0 0.063021 0.727315 0.015625 0.021296
0 0.879687 0.976852 0.016667 0.027778
0 0.115365 0.756481 0.006771 0.016667
0 0.080729 0.700926 0.012500 0.024074
0 0.080729 0.299074 0.014583 0.024074
0 0.570052 0.978704 0.018229 0.027778
0 0.988281 0.010648 0.014063 0.021296
0 0.080469 0.325926 0.015104 0.025926
0 0.441927 0.064815 0.015104 0.024074
0 0.973698 0.033333 0.050521 0.025926
0 0.044271 0.352778 0.015625 0.025926
0 0.025781 0.299537 0.014063 0.025000
0 0.946354 0.146296 0.013542 0.022222
0 0.062500 0.662500 0.015625 0.028704
0 0.070052 0.857870 0.140104 0.026852
0 0.062500 0.299074 0.013542 0.024074
0 0.117448 0.248148 0.014063 0.025926
0 0.043750 0.583796 0.015625 0.023148
0 0.694792 0.089352 0.014583 0.021296
0 0.008333 0.584259 0.016667 0.025926
0 0.546615 0.977778 0.017188 0.025926
0 0.008594 0.221759 0.014063 0.025000
0 0.008073 0.610185 0.016146 0.022222
0 0.170833 0.145833 0.017708 0.025000
0 0.098958 0.221296 0.013542 0.022222
0 0.151823 0.146296 0.019271 0.024074
0 0.117188 0.584722 0.015625 0.021296
0 0.025781 0.609259 0.017188 0.020370
0 0.007552 0.194907 0.015104 0.025000
0 0.116927 0.221759 0.013021 0.023148
0 0.062500 0.195370 0.013542 0.024074
0 0.115104 0.173611 0.010417 0.017593
0 0.080469 0.584259 0.015104 0.020370
0 0.731250 0.062963 0.035417 0.025926
0 0.116406 0.609722 0.015104 0.023148
0 0.026042 0.727315 0.015625 0.021296
0 0.080469 0.662500 0.013021 0.028704
0 0.984375 0.171296 0.009375 0.016667
0 0.881250 0.199537 0.032292 0.028704
0 0.189062 0.087963 0.137500 0.025926
0 0.245573 0.145833 0.014063 0.026852
0 0.008333 0.273148 0.014583 0.024074
0 0.818750 0.174074 0.013542 0.022222
0 0.007812 0.247222 0.013542 0.024074
0 0.025260 0.222222 0.015104 0.024074
0 0.124740 0.756481 0.007812 0.016667
0 0.116406 0.194907 0.010937 0.023148
0 0.961458 0.010185 0.013542 0.020370
0 0.026042 0.145370 0.050000 0.027778
0 0.079948 0.194907 0.013021 0.023148
0 0.197396 0.173611 0.008333 0.019444
0 0.060677 0.146296 0.016146 0.025926
0 0.124479 0.560648 0.007292 0.017593
0 0.135156 0.560185 0.007812 0.016667
0 0.134896 0.756944 0.007292 0.017593
0 0.134635 0.172222 0.009896 0.020370
0 0.193750 0.212963 0.087500 0.018519
0 0.974219 0.172222 0.008854 0.014815
0 0.124740 0.172685 0.008854 0.017593
0 0.747656 0.088889 0.014063 0.022222
0 0.711979 0.088889 0.013542 0.022222
0 0.847656 0.373148 0.035937 0.016667
0 0.846875 0.199537 0.035417 0.028704
0 0.939323 0.008333 0.010937 0.016667
0 0.899740 0.976852 0.020313 0.025926
0 0.237240 0.032870 0.017188 0.021296
0 0.851302 0.320833 0.042188 0.015741
0 0.025521 0.258333 0.015625 0.044444
0 0.080729 0.247222 0.014583 0.024074
0 0.025000 0.248148 0.015625 0.024074
0 0.642188 0.088889 0.015625 0.025926
0 0.063281 0.700463 0.017188 0.025000
0 0.917708 0.200463 0.036458 0.025000
0 0.918490 0.063426 0.036979 0.025000
0 0.080469 0.610185 0.015104 0.022222
0 0.043750 0.247685 0.013542 0.023148
0 0.729948 0.088889 0.015104 0.024074
0 0.592708 0.979630 0.018750 0.031481
0 0.040885 0.083333 0.021354 0.061111
0 0.117969 0.326389 0.017188 0.023148
0 0.263021 0.146759 0.014583 0.026852
0 0.501042 0.977315 0.017708 0.025000
0 0.909896 0.034259 0.013542 0.025926
