0 0.007812 0.247222 0.013542 0.024074
0 0.193750 0.212963 0.087500 0.018519
0 0.124740 0.172685 0.008854 0.017593
0 0.939323 0.008333 0.010937 0.016667
0 0.847656 0.373148 0.035937 0.016667
0 0.899740 0.976852 0.020313 0.025926
0 0.237240 0.033333 0.017188 0.020370
0 0.851302 0.320833 0.042188 0.015741
0 0.135156 0.560185 0.007812 0.016667
0 0.124479 0.560648 0.007292 0.017593
0 0.060677 0.146296 0.016146 0.025926
0 0.197396 0.173611 0.008333 0.019444
0 0.026042 0.145370 0.050000 0.027778
0 0.818750 0.174074 0.013542 0.022222
0 0.124740 0.756481 0.007812 0.016667
0 0.984375 0.171296 0.009375 0.016667
0 0.134635 0.172222 0.009896 0.020370
0 0.114844 0.173611 0.010937 0.017593
0 0.070573 0.804630 0.141146 0.027778
0 0.070312 0.904630 0.140625 0.025926
0 0.070573 0.831019 0.141146 0.026852
0 0.098698 0.273611 0.013021 0.025000
0 0.016667 0.081944 0.026042 0.062037
0 0.062240 0.636111 0.016146 0.025926
0 0.080469 0.272685 0.015104 0.025000
0 0.116927 0.274074 0.014063 0.022222
0 0.065104 0.082870 0.021875 0.060185
0 0.080469 0.727315 0.014063 0.023148
0 0.080469 0.636111 0.015104 0.025926
0 0.062500 0.272685 0.014583 0.025000
0 0.025781 0.609259 0.017188 0.020370
0 0.408333 0.976389 0.116667 0.034259
0 0.118229 0.300463 0.017708 0.025000
0 0.879687 0.976852 0.016667 0.027778
0 0.863021 0.978241 0.014583 0.028704
0 0.070052 0.857870 0.140104 0.026852
0 0.044010 0.636111 0.015104 0.025926
0 0.115365 0.756481 0.006771 0.016667
0 0.190104 0.145370 0.017708 0.025926
0 0.338542 0.977778 0.019792 0.027778
0 0.044271 0.662500 0.014583 0.028704
0 0.078646 0.146759 0.014583 0.025000
0 0.608594 0.076852 0.034896 0.055556
0 0.044010 0.325000 0.014063 0.024074
0 0.105990 0.756481 0.009896 0.018519
0 0.115104 0.561111 0.009375 0.018519
0 0.994792 0.172222 0.009375 0.016667
0 0.881250 0.199537 0.032292 0.028704
0 0.134896 0.756944 0.007292 0.017593
0 0.044531 0.727315 0.015104 0.021296
0 0.642188 0.089352 0.015625 0.025000
0 0.116406 0.194907 0.010937 0.023148
0 0.098958 0.584722 0.016667 0.021296
0 0.080469 0.584259 0.015104 0.020370
0 0.062500 0.195370 0.013542 0.024074
0 0.098437 0.247685 0.012500 0.025000
0 0.080469 0.662500 0.013021 0.028704
0 0.116927 0.221759 0.013021 0.023148
0 0.170833 0.145833 0.017708 0.025000
0 0.044010 0.273148 0.015104 0.024074
0 0.099219 0.221296 0.014063 0.022222
0 0.478646 0.146759 0.014583 0.021296
0 0.008073 0.610185 0.016146 0.022222
0 0.008333 0.584259 0.016667 0.025926
0 0.638542 0.980556 0.015625 0.027778
0 0.661458 0.980093 0.017708 0.026852
0 0.207813 0.145370 0.014583 0.025926
0 0.988802 0.145833 0.019271 0.023148
0 0.917708 0.200463 0.036458 0.025000
0 0.025260 0.222222 0.015104 0.024074
0 0.152083 0.146296 0.019792 0.024074
0 0.116406 0.609722 0.015104 0.023148
0 0.079948 0.194907 0.013021 0.023148
0 0.008333 0.298148 0.015625 0.027778
0 0.008333 0.273148 0.014583 0.024074
0 0.007552 0.194907 0.015104 0.025000
0 0.117188 0.584722 0.015625 0.021296
0 0.111198 0.089815 0.016146 0.027778
0 0.026042 0.727315 0.015625 0.021296
0 0.116667 0.636574 0.015625 0.025000
0 0.132812 0.147685 0.014583 0.025000
0 0.316406 0.146296 0.016146 0.024074
0 0.088542 0.082407 0.023958 0.061111
0 0.097396 0.147222 0.017708 0.025926
0 0.098958 0.609722 0.015625 0.025000
0 0.098958 0.636111 0.015625 0.025926
0 0.062500 0.610648 0.014583 0.021296
0 0.659115 0.089352 0.013021 0.021296
0 0.099479 0.300000 0.013542 0.024074
0 0.080469 0.221759 0.013021 0.023148
0 0.061719 0.583796 0.015104 0.021296
0 0.044271 0.298611 0.014583 0.025000
0 0.008073 0.700463 0.016146 0.026852
0 0.616146 0.980093 0.019792 0.030556
0 0.025781 0.584259 0.016146 0.024074
0 0.044010 0.222222 0.013021 0.022222
0 0.298438 0.146296 0.015625 0.025926
0 0.062500 0.662500 0.015625 0.028704
0 0.114844 0.147685 0.014063 0.025000
0 0.008073 0.351852 0.015104 0.024074
0 0.676562 0.088426 0.012500 0.021296
0 0.040885 0.083333 0.021354 0.061111
0 0.117188 0.701389 0.014583 0.023148
0 0.080729 0.299074 0.014583 0.024074
0 0.025521 0.352315 0.014583 0.025000
0 0.477865 0.977778 0.017188 0.027778
0 0.025781 0.662963 0.014063 0.029630
0 0.008594 0.635648 0.014063 0.025000
0 0.008333 0.727778 0.016667 0.020370
0 0.025781 0.325463 0.015104 0.023148
0 0.894271 0.034259 0.013542 0.022222
0 0.025521 0.636111 0.016667 0.024074
0 0.026042 0.700463 0.014583 0.026852
0 0.044271 0.700926 0.014583 0.025926
0 0.909896 0.034259 0.013542 0.025926
0 0.967708 0.146296 0.019792 0.022222
0 0.062500 0.221759 0.013542 0.023148
0 0.026042 0.273148 0.015625 0.025926
0 0.227344 0.146296 0.019271 0.025926
0 0.592187 0.979630 0.018750 0.029630
0 0.263021 0.146759 0.014583 0.026852
0 0.846875 0.199537 0.035417 0.028704
0 0.501042 0.977315 0.016667 0.025000
0 0.043750 0.247685 0.013542 0.023148
0 0.080469 0.610185 0.015104 0.022222
0 0.117969 0.326389 0.017188 0.023148
0 0.098698 0.325926 0.013021 0.025926
0 0.063281 0.247222 0.015104 0.024074
0 0.008594 0.221759 0.014063 0.025000
0 0.007812 0.325463 0.015625 0.023148
0 0.729948 0.088889 0.015104 0.024074
0 0.711979 0.088889 0.013542 0.022222
0 0.117448 0.248148 0.014063 0.025926
0 0.546615 0.977778 0.017188 0.025926
0 0.946354 0.146759 0.013542 0.021296
0 0.694792 0.089352 0.014583 0.021296
0 0.747656 0.088889 0.014063 0.022222
0 0.043750 0.584259 0.015625 0.022222
0 0.973698 0.033333 0.050521 0.025926
0 0.062500 0.299074 0.013542 0.024074
0 0.025781 0.299537 0.014063 0.025000
0 0.441927 0.064815 0.015104 0.024074
0 0.570052 0.978704 0.018229 0.027778
0 0.044271 0.352778 0.015625 0.025926
0 0.080729 0.700926 0.012500 0.024074
0 0.523958 0.977778 0.016667 0.025926
0 0.063021 0.727315 0.015625 0.021296
0 0.280469 0.146296 0.018229 0.025926
0 0.063281 0.700463 0.017188 0.025000
0 0.044010 0.610648 0.015104 0.023148
0 0.099219 0.701389 0.014063 0.023148
0 0.080469 0.325926 0.015104 0.025926
0 0.008073 0.663426 0.016146 0.030556
0 0.025000 0.248148 0.015625 0.024074
0 0.062240 0.325463 0.013021 0.025000
0 0.245573 0.145833 0.014063 0.026852
0 0.080729 0.247222 0.014583 0.024074
0 0.027641 0.033611 0.015104 0.020370
0 0.355833 0.063676 0.144167 0.024574
0 0.684419 0.063787 0.060432 0.023130
0 0.272812 0.065278 0.020625 0.025000
0 0.189750 0.063694 0.135396 0.022389
0 0.356203 0.089713 0.144781 0.026315
0 0.932474 0.034259 0.020156 0.024074
0 0.805990 0.065556 0.017188 0.021852
0 0.983648 0.080384 0.022818 0.061454
0 0.518198 0.063602 0.133396 0.023315
0 0.190138 0.088519 0.134620 0.027037
0 0.821130 0.090213 0.012396 0.023611
0 0.883698 0.082759 0.023958 0.054630
0 0.987698 0.009356 0.013542 0.018713
0 0.859115 0.081481 0.024479 0.050000
0 0.954479 0.079722 0.022500 0.057593
0 0.272891 0.089815 0.020781 0.024074
0 0.788464 0.089676 0.014010 0.019722
0 0.100000 0.195787 0.018750 0.026759
0 0.510208 0.088426 0.152708 0.025000
0 0.111823 0.063426 0.020521 0.021296
0 0.919141 0.063426 0.035677 0.025000
0 0.398516 0.144907 0.142552 0.025000
0 0.731435 0.063704 0.034214 0.024444
0 0.643531 0.062815 0.019792 0.023148
0 0.044812 0.194912 0.015042 0.026157
0 0.964891 0.172898 0.008323 0.013759
0 0.026901 0.195926 0.018385 0.027037
0 0.914297 0.917593 0.171406 0.024074
0 0.179875 0.865014 0.045417 0.077194
0 0.009956 0.034222 0.013005 0.018519
0 0.871615 0.637037 0.066146 0.014815
0 0.909896 0.088509 0.017708 0.023907
0 0.167135 0.172685 0.047813 0.019444
0 0.962667 0.009181 0.013542 0.018361
0 0.837786 0.063981 0.016094 0.020556
0 0.928193 0.088074 0.016667 0.023296
0 0.821615 0.063472 0.013021 0.017685
0 0.070156 0.925444 0.140312 0.013370
0 0.788594 0.066481 0.014375 0.021296
0 0.974620 0.171500 0.008854 0.014815
0 0.975799 0.976449 0.037984 0.030120
0 0.919776 0.409162 0.160448 0.017306
0 0.046487 0.034148 0.014432 0.016852
0 0.070576 0.034648 0.022589 0.019833
0 0.097453 0.033157 0.021125 0.019333
0 0.119654 0.032977 0.014370 0.015324
0 0.140328 0.033310 0.018479 0.018213
0 0.161581 0.032644 0.015495 0.015991
0 0.186500 0.033866 0.027104 0.022435
0 0.214685 0.032866 0.021245 0.020435
0 0.772404 0.065468 0.013016 0.019491
0 0.772341 0.090218 0.013255 0.020139
0 0.805349 0.089787 0.015677 0.022037
0 0.914141 0.249394 0.168125 0.017306
0 0.913708 0.266870 0.168125 0.017296
0 0.913708 0.283954 0.168125 0.017296
0 0.913708 0.302769 0.168125 0.017296
0 0.919695 0.338056 0.160609 0.017296
0 0.920047 0.391111 0.159906 0.017296
0 0.919831 0.427208 0.160339 0.017306
0 0.919687 0.444222 0.160625 0.017296
0 0.919641 0.461815 0.160719 0.017296
0 0.915568 0.496824 0.168125 0.017296
0 0.915125 0.515491 0.168125 0.017296
0 0.915016 0.532389 0.168125 0.017296
0 0.913526 0.549111 0.168125 0.017296
0 0.913849 0.566009 0.168125 0.017296
0 0.913742 0.584444 0.168130 0.017296
0 0.913958 0.602102 0.168125 0.017296
0 0.848844 0.619546 0.036469 0.014204
0 0.838206 0.658639 0.010599 0.018463
0 0.838484 0.681384 0.014083 0.020583
0 0.834859 0.715782 0.007948 0.032602
0 0.925526 0.655102 0.148948 0.017296
0 0.925490 0.672213 0.149021 0.017296
0 0.925247 0.690431 0.149505 0.017306
0 0.925141 0.708278 0.149719 0.017296
0 0.919438 0.976329 0.011219 0.022491
0 0.932216 0.976597 0.010245 0.017676
0 0.944958 0.975958 0.013448 0.017028
