0 0.063982 0.247991 0.016505 0.024074
0 0.914693 0.497009 0.168865 0.016889
0 0.821354 0.066065 0.013542 0.022870
0 0.190182 0.087963 0.137500 0.025926
0 0.805990 0.066296 0.017188 0.023333
0 0.932917 0.033796 0.021042 0.025000
0 0.190932 0.062056 0.137500 0.026852
0 0.683667 0.063222 0.059542 0.024037
0 0.914526 0.514505 0.168865 0.016880
0 0.915193 0.532000 0.168865 0.016889
0 0.932583 0.976361 0.011000 0.023407
0 0.026740 0.031667 0.015104 0.020370
0 0.938682 0.008333 0.010937 0.016667
0 0.788802 0.065000 0.015104 0.020741
0 0.973917 0.976449 0.035812 0.028269
0 0.070096 0.926231 0.140193 0.013463
0 0.928625 0.092056 0.017188 0.031481
0 0.837656 0.064954 0.016979 0.024352
0 0.166789 0.172991 0.046495 0.020370
0 0.910859 0.090741 0.017708 0.027778
0 0.963578 0.009690 0.014063 0.019380
0 0.871797 0.637037 0.066510 0.014815
0 0.837771 0.658907 0.014354 0.019296
0 0.009367 0.031407 0.014745 0.018519
0 0.026745 0.196296 0.018073 0.027778
0 0.914479 0.917130 0.171042 0.023148
0 0.965169 0.171523 0.007943 0.015843
0 0.180734 0.862889 0.042552 0.075648
0 0.045490 0.194519 0.017188 0.025000
0 0.643750 0.062981 0.019792 0.023148
0 0.731669 0.063394 0.034578 0.023083
0 0.111693 0.062963 0.020260 0.022222
0 0.100000 0.196444 0.018750 0.025000
0 0.788479 0.090120 0.016146 0.022352
0 0.953906 0.079167 0.021354 0.056481
0 0.918424 0.460944 0.163151 0.016889
0 0.918568 0.443514 0.162865 0.016880
0 0.918568 0.425833 0.162865 0.016889
0 0.919146 0.407639 0.161708 0.016889
0 0.919432 0.390727 0.161135 0.016880
0 0.919878 0.337560 0.160245 0.016880
0 0.915005 0.303310 0.168865 0.016880
0 0.914859 0.285116 0.168865 0.016880
0 0.915005 0.267176 0.168865 0.016889
0 0.915292 0.249750 0.168865 0.016889
0 0.820427 0.088778 0.013135 0.021056
0 0.805674 0.090787 0.014641 0.022019
0 0.771701 0.089926 0.014536 0.023352
0 0.214060 0.031787 0.020682 0.021352
0 0.186115 0.034852 0.026240 0.014870
0 0.161281 0.033514 0.016448 0.014843
0 0.140414 0.032625 0.017318 0.018380
0 0.118672 0.031519 0.016448 0.020148
0 0.097305 0.033403 0.022297 0.019046
0 0.070703 0.034509 0.022427 0.024815
0 0.045849 0.033514 0.015573 0.018380
0 0.914878 0.603236 0.168859 0.016880
0 0.914878 0.585398 0.168859 0.016889
0 0.914878 0.567213 0.168859 0.016889
0 0.915070 0.549375 0.168859 0.016880
0 0.925497 0.707287 0.149005 0.016889
0 0.925581 0.689495 0.148839 0.016880
0 0.925581 0.672296 0.148839 0.016889
0 0.925831 0.655097 0.148339 0.016880
0 0.847935 0.619218 0.034526 0.013046
0 0.772396 0.065509 0.016667 0.021759
0 0.858534 0.081421 0.025328 0.050435
0 0.263021 0.146759 0.014583 0.026852
0 0.060677 0.146296 0.016146 0.025926
0 0.197396 0.173148 0.008333 0.020370
0 0.026042 0.145370 0.050000 0.027778
0 0.098958 0.636111 0.015625 0.025926
0 0.097396 0.147222 0.017708 0.025926
0 0.098958 0.609722 0.015625 0.025000
0 0.116667 0.636574 0.015625 0.025000
0 0.465885 0.977315 0.017188 0.026852
0 0.061719 0.583796 0.015104 0.021296
0 0.834375 0.714815 0.010417 0.031481
0 0.080469 0.221759 0.013021 0.023148
0 0.025781 0.584259 0.016146 0.024074
0 0.124740 0.756481 0.007812 0.016667
0 0.025521 0.352315 0.014583 0.026852
0 0.008073 0.700463 0.016146 0.026852
0 0.650000 0.980556 0.016667 0.029630
0 0.818750 0.174537 0.013542 0.021296
0 0.442188 0.088426 0.016667 0.025000
0 0.984375 0.171296 0.009375 0.016667
0 0.044010 0.222222 0.013021 0.022222
0 0.008594 0.635648 0.014063 0.025000
0 0.088542 0.082407 0.023958 0.061111
0 0.676562 0.088426 0.012500 0.021296
0 0.114844 0.147685 0.014063 0.025000
0 0.298438 0.146296 0.015625 0.025926
0 0.672917 0.981019 0.016667 0.028704
0 0.117188 0.701389 0.014583 0.023148
0 0.008073 0.351852 0.015104 0.024074
0 0.114844 0.173611 0.010937 0.017593
0 0.044010 0.325463 0.014063 0.025000
0 0.518490 0.087963 0.139063 0.027778
0 0.490104 0.976852 0.018750 0.024074
0 0.894271 0.034259 0.013542 0.022222
0 0.025781 0.609259 0.017188 0.020370
0 0.008333 0.727778 0.016667 0.020370
0 0.044010 0.636111 0.015104 0.025926
0 0.025781 0.325463 0.015104 0.023148
0 0.070052 0.857870 0.140104 0.026852
0 0.026042 0.700463 0.014583 0.026852
0 0.118229 0.300463 0.017708 0.025000
0 0.838021 0.682407 0.015625 0.029630
0 0.534896 0.977778 0.017708 0.025926
0 0.070312 0.905556 0.140625 0.027778
0 0.098698 0.325463 0.013021 0.025000
0 0.478385 0.146759 0.015104 0.021296
0 0.271615 0.064352 0.018229 0.025000
0 0.967708 0.145833 0.019792 0.023148
0 0.115365 0.756481 0.006771 0.016667
0 0.026042 0.273148 0.015625 0.025926
0 0.062500 0.221759 0.013542 0.023148
0 0.078646 0.146759 0.014583 0.025000
0 0.863021 0.977315 0.015625 0.026852
0 0.044010 0.662500 0.014063 0.028704
0 0.007812 0.325000 0.015625 0.024074
0 0.227344 0.146296 0.019271 0.025926
0 0.846875 0.199537 0.035417 0.028704
0 0.105990 0.756481 0.009896 0.018519
0 0.190104 0.145833 0.017708 0.026852
0 0.271354 0.089815 0.017708 0.024074
0 0.909896 0.034259 0.013542 0.025926
0 0.881250 0.199537 0.032292 0.028704
0 0.124479 0.560648 0.007292 0.017593
0 0.604167 0.979630 0.020833 0.031481
0 0.117969 0.326389 0.017188 0.023148
0 0.694792 0.089352 0.014583 0.021296
0 0.711979 0.088889 0.013542 0.022222
0 0.040885 0.083333 0.021354 0.061111
0 0.729948 0.088889 0.015104 0.024074
0 0.043750 0.583796 0.015625 0.023148
0 0.973698 0.033333 0.050521 0.025926
0 0.117448 0.248148 0.014063 0.025926
0 0.062500 0.299074 0.013542 0.024074
0 0.115104 0.561111 0.009375 0.018519
0 0.062500 0.610648 0.014583 0.021296
0 0.747656 0.088889 0.014063 0.022222
0 0.044271 0.353241 0.015625 0.026852
0 0.025781 0.299537 0.014063 0.025000
0 0.580729 0.979167 0.018750 0.030556
0 0.441927 0.064815 0.015104 0.024074
0 0.080729 0.700926 0.012500 0.024074
0 0.946354 0.146759 0.013542 0.023148
0 0.994792 0.172222 0.009375 0.016667
0 0.098958 0.585185 0.016667 0.022222
0 0.988281 0.010648 0.014063 0.021296
0 0.063021 0.727315 0.015625 0.021296
0 0.512760 0.977315 0.017188 0.025000
0 0.062240 0.325463 0.013021 0.025000
0 0.608594 0.076852 0.034896 0.055556
0 0.134896 0.756944 0.007292 0.017593
0 0.080469 0.325926 0.015104 0.025926
0 0.558594 0.978241 0.019271 0.028704
0 0.063281 0.700463 0.017188 0.025000
0 0.044010 0.610648 0.015104 0.023148
0 0.883333 0.082870 0.023958 0.054630
0 0.008073 0.663426 0.016146 0.030556
0 0.099219 0.701389 0.014063 0.023148
0 0.280469 0.146296 0.018229 0.025926
0 0.025000 0.248148 0.015625 0.024074
0 0.080729 0.299074 0.014583 0.024074
0 0.642188 0.088889 0.015625 0.025926
0 0.245573 0.145833 0.015104 0.026852
0 0.080469 0.662500 0.013021 0.028704
0 0.080729 0.247222 0.014583 0.024074
0 0.116406 0.194907 0.010937 0.023148
0 0.044010 0.273148 0.015104 0.024074
0 0.062500 0.195370 0.013542 0.024074
0 0.044531 0.727315 0.015104 0.021296
0 0.846354 0.977778 0.014583 0.025926
0 0.098437 0.247685 0.012500 0.025000
0 0.080469 0.584722 0.015104 0.021296
0 0.044271 0.298611 0.014583 0.025000
0 0.116927 0.221759 0.013021 0.023148
0 0.070573 0.804630 0.141146 0.027778
0 0.008073 0.609722 0.016146 0.023148
0 0.008333 0.584259 0.016667 0.025926
0 0.025781 0.662963 0.014063 0.029630
0 0.062500 0.662500 0.015625 0.028704
0 0.099219 0.221296 0.014063 0.022222
0 0.070573 0.831019 0.141146 0.026852
0 0.354167 0.088426 0.148958 0.026852
0 0.170833 0.145833 0.017708 0.025000
0 0.879948 0.977315 0.014063 0.026852
0 0.917708 0.200463 0.036458 0.025000
0 0.354687 0.062500 0.147917 0.028704
0 0.519010 0.062500 0.138021 0.026852
0 0.007812 0.247222 0.013542 0.024074
0 0.098698 0.273611 0.013021 0.025000
0 0.207813 0.145370 0.015625 0.025926
0 0.025260 0.222222 0.015104 0.024074
0 0.008594 0.221759 0.014063 0.025000
0 0.016667 0.081944 0.026042 0.062037
0 0.062240 0.636111 0.016146 0.025926
0 0.080469 0.610648 0.015104 0.023148
0 0.099479 0.300000 0.013542 0.024074
0 0.988802 0.145833 0.019271 0.023148
0 0.152083 0.146296 0.019792 0.024074
0 0.080469 0.272685 0.015104 0.025000
0 0.983073 0.081481 0.025521 0.062963
0 0.918490 0.063426 0.036979 0.025000
0 0.116406 0.609722 0.015104 0.023148
0 0.079948 0.194907 0.013021 0.023148
0 0.008333 0.273148 0.014583 0.024074
0 0.327083 0.978241 0.020833 0.025000
0 0.008333 0.298148 0.015625 0.027778
0 0.117188 0.584722 0.015625 0.021296
0 0.007552 0.194907 0.015104 0.025000
0 0.116927 0.274074 0.014063 0.022222
0 0.627083 0.980556 0.016667 0.027778
0 0.132812 0.147685 0.014583 0.025000
0 0.044271 0.700926 0.014583 0.025926
0 0.065104 0.082870 0.021875 0.060185
0 0.062500 0.272685 0.014583 0.025000
0 0.043750 0.247685 0.013542 0.023148
0 0.025521 0.636111 0.016667 0.024074
0 0.899740 0.976852 0.021354 0.025926
0 0.851302 0.320833 0.042188 0.015741
0 0.236979 0.032870 0.016667 0.021296
0 0.919010 0.976389 0.013021 0.026852
0 0.944792 0.976852 0.013542 0.025926
0 0.847656 0.373148 0.035937 0.016667
0 0.124740 0.172685 0.008854 0.017593
0 0.974219 0.172222 0.008854 0.014815
0 0.189583 0.212500 0.077083 0.019444
0 0.134635 0.172222 0.009896 0.020370
0 0.134896 0.560185 0.007292 0.016667
0 0.398984 0.144907 0.141615 0.025000
0 0.111198 0.089815 0.016146 0.027778
0 0.026042 0.727315 0.015625 0.021296
0 0.396875 0.976389 0.117708 0.034259
0 0.080469 0.727315 0.014063 0.023148
0 0.659115 0.089352 0.013021 0.021296
0 0.080469 0.636111 0.015104 0.025926
0 0.316667 0.146296 0.016667 0.024074
