0 0.919565 0.426551 0.160870 0.016880
0 0.919180 0.445130 0.161641 0.016889
0 0.919469 0.462333 0.161062 0.016889
0 0.915307 0.497560 0.168865 0.016880
0 0.914727 0.516139 0.168859 0.016889
0 0.914534 0.549171 0.168859 0.016880
0 0.915307 0.531625 0.168865 0.016880
0 0.914534 0.566375 0.168859 0.016880
0 0.913951 0.583583 0.168859 0.016889
0 0.914534 0.601477 0.168859 0.016880
0 0.848031 0.619495 0.036469 0.013083
0 0.925964 0.655731 0.148073 0.016889
0 0.975542 0.977000 0.037042 0.028815
0 0.009802 0.033509 0.015104 0.020370
0 0.931990 0.976329 0.010604 0.026602
0 0.772195 0.090630 0.014703 0.021148
0 0.945443 0.976352 0.013542 0.025926
0 0.788802 0.065370 0.015104 0.021481
0 0.821615 0.064861 0.013021 0.020463
0 0.070938 0.905093 0.139375 0.025000
0 0.929052 0.092259 0.017188 0.030556
0 0.837396 0.064537 0.016875 0.023519
0 0.167214 0.172222 0.047969 0.020370
0 0.909896 0.091231 0.017708 0.027778
0 0.872214 0.637037 0.067344 0.014815
0 0.028003 0.033250 0.013266 0.018519
0 0.914323 0.917130 0.171354 0.023148
0 0.026693 0.195880 0.017969 0.026944
0 0.180651 0.864028 0.041979 0.071944
0 0.965302 0.173602 0.009667 0.016667
0 0.044909 0.195250 0.014870 0.025000
0 0.642630 0.061565 0.019792 0.023148
0 0.732146 0.062963 0.035417 0.025926
0 0.921000 0.064611 0.036979 0.025000
0 0.111510 0.062963 0.019896 0.022222
0 0.509193 0.088426 0.150677 0.025000
0 0.400000 0.144907 0.139583 0.025000
0 0.100500 0.196685 0.018750 0.025000
0 0.788026 0.089634 0.016146 0.021843
0 0.953906 0.077500 0.021354 0.053148
0 0.772396 0.065694 0.016667 0.022130
0 0.272315 0.089815 0.020047 0.024074
0 0.858854 0.081944 0.025000 0.050926
0 0.820969 0.090421 0.013542 0.023417
0 0.064005 0.247741 0.015104 0.024074
0 0.189773 0.089097 0.135453 0.027176
0 0.070062 0.925949 0.140125 0.014454
0 0.840034 0.723551 0.021109 0.011306
0 0.838953 0.680375 0.015469 0.018509
0 0.838029 0.658657 0.012599 0.019574
0 0.925661 0.707495 0.148677 0.016880
0 0.925727 0.691060 0.148547 0.016880
0 0.925539 0.673509 0.148922 0.016889
0 0.805604 0.065403 0.017188 0.025620
0 0.518333 0.063704 0.136667 0.024444
0 0.355612 0.089796 0.145651 0.026148
0 0.932656 0.033796 0.020521 0.025000
0 0.189714 0.063398 0.133594 0.024019
0 0.272865 0.064815 0.020729 0.025926
0 0.684794 0.063306 0.060203 0.023648
0 0.355372 0.063546 0.144255 0.025241
0 0.197396 0.173148 0.008333 0.020370
0 0.046719 0.032782 0.017865 0.015324
0 0.070648 0.034005 0.024745 0.018213
0 0.098013 0.032227 0.021995 0.019102
0 0.119633 0.033116 0.014995 0.018213
0 0.140331 0.033856 0.015766 0.016194
0 0.162010 0.032569 0.015167 0.018769
0 0.187677 0.033468 0.028615 0.019528
0 0.214852 0.034111 0.021109 0.017222
0 0.804870 0.090519 0.015875 0.024093
0 0.915326 0.250236 0.168859 0.016880
0 0.914549 0.267440 0.168859 0.016880
0 0.914742 0.285338 0.168859 0.016880
0 0.915326 0.303227 0.168859 0.016880
0 0.920115 0.336097 0.159771 0.016880
0 0.919565 0.390074 0.160870 0.016889
0 0.919953 0.409343 0.160094 0.016889
0 0.061719 0.583796 0.015104 0.021296
0 0.044010 0.636111 0.015104 0.025926
0 0.070573 0.804630 0.141146 0.027778
0 0.534896 0.977778 0.017708 0.025926
0 0.062500 0.662500 0.015625 0.028704
0 0.099479 0.300000 0.013542 0.024074
0 0.747656 0.088889 0.014063 0.022222
0 0.973698 0.033333 0.050521 0.025926
0 0.729948 0.088889 0.015104 0.024074
0 0.040885 0.082870 0.021354 0.062037
0 0.711979 0.088889 0.013542 0.022222
0 0.062500 0.299074 0.013542 0.024074
0 0.062240 0.325463 0.013021 0.025000
0 0.909896 0.034259 0.013542 0.025926
0 0.694792 0.089352 0.014583 0.021296
0 0.080469 0.325926 0.015104 0.025926
0 0.659115 0.089352 0.013021 0.021296
0 0.063281 0.700463 0.017188 0.025000
0 0.117448 0.248148 0.014063 0.025926
0 0.044271 0.298611 0.014583 0.025000
0 0.116406 0.636574 0.015104 0.025000
0 0.316667 0.146296 0.016667 0.024074
0 0.098958 0.609722 0.015625 0.025000
0 0.098958 0.636111 0.015625 0.025926
0 0.026042 0.727315 0.015625 0.021296
0 0.097396 0.147222 0.017708 0.025926
0 0.111198 0.089815 0.016146 0.027778
0 0.327083 0.978241 0.020833 0.025000
0 0.132812 0.147685 0.014583 0.025000
0 0.627083 0.980556 0.016667 0.027778
0 0.558594 0.978241 0.019271 0.028704
0 0.007552 0.194907 0.015104 0.025000
0 0.008333 0.298148 0.015625 0.027778
0 0.846875 0.199537 0.035417 0.028704
0 0.117188 0.584722 0.015625 0.021296
0 0.079948 0.194907 0.013021 0.023148
0 0.008073 0.351852 0.015104 0.024074
0 0.008333 0.273148 0.014583 0.024074
0 0.116406 0.609722 0.015104 0.023148
0 0.152083 0.146296 0.019792 0.024074
0 0.025260 0.222222 0.015104 0.024074
0 0.988802 0.145833 0.019271 0.023148
0 0.207813 0.145370 0.015625 0.025926
0 0.883333 0.082870 0.023958 0.054630
0 0.099219 0.701389 0.014063 0.023148
0 0.879948 0.977315 0.014063 0.026852
0 0.917708 0.200463 0.036458 0.025000
0 0.098958 0.221296 0.014583 0.022222
0 0.170833 0.145833 0.017708 0.025000
0 0.008073 0.609722 0.016146 0.023148
0 0.008333 0.584259 0.016667 0.025926
0 0.846354 0.977778 0.014583 0.025926
0 0.116927 0.221759 0.013021 0.023148
0 0.080469 0.584722 0.015104 0.021296
0 0.043750 0.583796 0.015625 0.023148
0 0.080469 0.662500 0.013021 0.028704
0 0.098698 0.325463 0.013021 0.025000
0 0.062500 0.195370 0.013542 0.024074
0 0.116406 0.194907 0.010937 0.023148
0 0.642188 0.088889 0.015625 0.025926
0 0.008333 0.727778 0.016667 0.020370
0 0.134896 0.756944 0.007292 0.017593
0 0.994792 0.172222 0.009375 0.016667
0 0.044010 0.222222 0.013021 0.022222
0 0.608594 0.076852 0.034896 0.055556
0 0.863281 0.976852 0.015104 0.027778
0 0.098958 0.585185 0.016667 0.022222
0 0.115104 0.561111 0.009375 0.018519
0 0.098437 0.247685 0.012500 0.025000
0 0.489844 0.976852 0.018229 0.024074
0 0.894271 0.034259 0.013542 0.022222
0 0.044010 0.610648 0.015104 0.023148
0 0.881250 0.199537 0.032292 0.028704
0 0.078646 0.146759 0.014583 0.025000
0 0.105990 0.756481 0.009896 0.018519
0 0.190104 0.145833 0.017708 0.026852
0 0.115365 0.756481 0.006771 0.016667
0 0.114844 0.147685 0.014063 0.025000
0 0.070052 0.857870 0.140104 0.026852
0 0.065104 0.082870 0.021875 0.060185
0 0.025781 0.609259 0.017188 0.020370
0 0.114844 0.173611 0.010937 0.017593
0 0.117188 0.701389 0.014583 0.023148
0 0.117969 0.326389 0.017188 0.023148
0 0.984375 0.171296 0.009375 0.016667
0 0.124740 0.756481 0.007812 0.016667
0 0.818750 0.174537 0.013542 0.021296
0 0.026042 0.145370 0.050000 0.027778
0 0.961458 0.010185 0.013542 0.020370
0 0.044531 0.727315 0.015104 0.021296
0 0.008073 0.663426 0.016146 0.030556
0 0.060677 0.146296 0.016146 0.025926
0 0.124479 0.560648 0.007292 0.017593
0 0.135156 0.560185 0.007812 0.016667
0 0.134635 0.172222 0.009896 0.020370
0 0.044010 0.273148 0.015104 0.024074
0 0.189583 0.212500 0.077083 0.019444
0 0.974219 0.172222 0.008854 0.014815
0 0.512760 0.977315 0.017188 0.025000
0 0.124740 0.172685 0.008854 0.017593
0 0.396615 0.976389 0.117188 0.034259
0 0.847656 0.373148 0.035937 0.016667
0 0.263021 0.146759 0.014583 0.026852
0 0.280469 0.146296 0.018229 0.025926
0 0.044010 0.325463 0.014063 0.025000
0 0.939323 0.008333 0.010937 0.016667
0 0.016667 0.081944 0.026042 0.062037
0 0.899740 0.977315 0.021354 0.026852
0 0.025000 0.248148 0.015625 0.024074
0 0.236979 0.033333 0.016667 0.020370
0 0.026042 0.700463 0.014583 0.026852
0 0.988281 0.010648 0.014063 0.021296
0 0.851302 0.320833 0.042188 0.015741
0 0.088542 0.082407 0.023958 0.061111
0 0.919010 0.976389 0.013021 0.026852
0 0.098698 0.273611 0.013021 0.025000
0 0.580729 0.979167 0.018750 0.030556
0 0.676562 0.088426 0.012500 0.021296
0 0.245573 0.145833 0.015104 0.026852
0 0.080469 0.221759 0.013021 0.023148
0 0.025521 0.352315 0.014583 0.026852
0 0.070573 0.831019 0.141146 0.026852
0 0.063021 0.727315 0.015625 0.021296
0 0.946354 0.146759 0.013542 0.023148
0 0.025781 0.584259 0.016146 0.024074
0 0.062500 0.610648 0.014583 0.021296
0 0.080729 0.700926 0.012500 0.024074
0 0.465885 0.978241 0.017188 0.026852
0 0.008073 0.700463 0.016146 0.026852
0 0.080469 0.636111 0.015104 0.025926
0 0.604167 0.979630 0.020833 0.031481
0 0.007812 0.247222 0.013542 0.024074
0 0.227344 0.146296 0.019271 0.025926
0 0.044010 0.662500 0.014063 0.028704
0 0.118229 0.300463 0.017708 0.025000
0 0.080729 0.247222 0.014583 0.024074
0 0.441927 0.064815 0.015104 0.024074
0 0.967708 0.146296 0.019792 0.022222
0 0.008594 0.221759 0.014063 0.025000
0 0.080469 0.610648 0.015104 0.023148
0 0.044271 0.700926 0.014583 0.025926
0 0.080469 0.727315 0.014063 0.023148
0 0.983073 0.081481 0.025521 0.062963
0 0.062500 0.221759 0.013542 0.023148
0 0.026042 0.273148 0.015625 0.025926
0 0.043750 0.247685 0.013542 0.023148
0 0.044271 0.353241 0.015625 0.026852
0 0.025521 0.636111 0.016667 0.024074
0 0.478385 0.146759 0.015104 0.021296
0 0.650260 0.980556 0.017188 0.029630
0 0.025781 0.325463 0.015104 0.023148
0 0.007812 0.325463 0.015625 0.023148
0 0.298438 0.146296 0.015625 0.025926
0 0.672917 0.981019 0.016667 0.028704
0 0.062500 0.272685 0.014583 0.025000
0 0.025781 0.299537 0.014063 0.025000
0 0.116927 0.274074 0.014063 0.022222
0 0.080729 0.299074 0.014583 0.024074
0 0.025781 0.662963 0.014063 0.029630
0 0.008594 0.635648 0.014063 0.025000
0 0.062240 0.636111 0.016146 0.025926
0 0.080469 0.272685 0.015104 0.025000
