0 0.914497 0.302361 0.168859 0.016889
0 0.914208 0.267921 0.168865 0.016880
0 0.914497 0.249931 0.168859 0.016880
0 0.046578 0.032019 0.017604 0.021889
0 0.070336 0.033560 0.022786 0.021120
0 0.096695 0.032403 0.022151 0.019583
0 0.119154 0.032884 0.015880 0.020157
0 0.139943 0.032787 0.018792 0.016889
0 0.161383 0.032500 0.015661 0.014778
0 0.187117 0.032731 0.023755 0.017852
0 0.214555 0.031690 0.020411 0.022306
0 0.189307 0.063704 0.133990 0.024444
0 0.932604 0.033796 0.020417 0.025000
0 0.189500 0.088500 0.135375 0.025222
0 0.063854 0.247731 0.016250 0.025093
0 0.009339 0.248509 0.016302 0.024074
0 0.027458 0.248148 0.015625 0.024074
0 0.953906 0.078889 0.021354 0.055926
0 0.099740 0.196398 0.019271 0.025000
0 0.398698 0.144907 0.142187 0.025000
0 0.510599 0.088426 0.153490 0.025000
0 0.112437 0.063185 0.018750 0.022222
0 0.643250 0.063157 0.019792 0.023148
0 0.045208 0.195074 0.017188 0.025000
0 0.182151 0.863000 0.043177 0.072407
0 0.027146 0.196694 0.018125 0.025926
0 0.071474 0.905667 0.140625 0.025926
0 0.027294 0.032139 0.014682 0.018519
0 0.915130 0.917130 0.169740 0.023148
0 0.872083 0.637037 0.067083 0.014815
0 0.910229 0.090935 0.017708 0.027778
0 0.166510 0.172222 0.046562 0.020370
0 0.928385 0.090769 0.017188 0.030556
0 0.071432 0.924185 0.139531 0.010889
0 0.190307 0.213528 0.077083 0.019444
0 0.919964 0.976954 0.012260 0.029630
0 0.008563 0.032296 0.015104 0.020370
0 0.975167 0.978032 0.036646 0.029954
0 0.146518 0.192727 0.008964 0.015935
0 0.931518 0.976407 0.009932 0.024000
0 0.925401 0.707454 0.149198 0.016889
0 0.926195 0.689458 0.147609 0.016880
0 0.925906 0.673009 0.148187 0.016889
0 0.925740 0.655796 0.148521 0.016889
0 0.838938 0.716255 0.019375 0.030324
0 0.838503 0.679241 0.016193 0.016963
0 0.838357 0.659190 0.012724 0.017991
0 0.847862 0.619329 0.035536 0.014972
0 0.914974 0.601764 0.168865 0.016880
0 0.914974 0.583546 0.168865 0.016889
0 0.914974 0.566662 0.168865 0.016880
0 0.914724 0.549560 0.168865 0.016880
0 0.915065 0.531847 0.168859 0.016880
0 0.915570 0.514005 0.168859 0.016880
0 0.915570 0.496755 0.168859 0.016880
0 0.920326 0.461144 0.159349 0.016880
0 0.919841 0.443250 0.160318 0.016889
0 0.919646 0.426736 0.160708 0.016880
0 0.919937 0.409875 0.160125 0.016880
0 0.919937 0.391981 0.160125 0.016889
0 0.920211 0.338616 0.159578 0.016880
0 0.852268 0.321653 0.043661 0.015417
0 0.913919 0.285398 0.168859 0.016889
0 0.354687 0.062500 0.147917 0.028704
0 0.944792 0.976852 0.013542 0.025926
0 0.135156 0.560185 0.007812 0.016667
0 0.899740 0.977315 0.021354 0.026852
0 0.070573 0.831019 0.141146 0.026852
0 0.070573 0.804630 0.141146 0.027778
0 0.114844 0.173611 0.010937 0.017593
0 0.396875 0.975926 0.117708 0.035185
0 0.984375 0.171296 0.009375 0.016667
0 0.124740 0.756481 0.007812 0.016667
0 0.818750 0.174537 0.013542 0.021296
0 0.988281 0.010648 0.014063 0.021296
0 0.063021 0.727315 0.015625 0.021296
0 0.946354 0.146759 0.013542 0.023148
0 0.080729 0.700926 0.012500 0.024074
0 0.512760 0.977315 0.017188 0.025000
0 0.441927 0.064815 0.015104 0.024074
0 0.025781 0.299537 0.014063 0.025000
0 0.044271 0.353241 0.015625 0.026852
0 0.580729 0.979167 0.018750 0.030556
0 0.747656 0.088889 0.014063 0.022222
0 0.973698 0.033333 0.050521 0.025926
0 0.711979 0.088889 0.013542 0.022222
0 0.729948 0.088889 0.015104 0.024074
0 0.909896 0.034259 0.013542 0.025926
0 0.062500 0.299074 0.013542 0.024074
0 0.694792 0.089352 0.014583 0.021296
0 0.043750 0.583796 0.015625 0.023148
0 0.117448 0.248148 0.014063 0.025926
0 0.117969 0.326389 0.017188 0.023148
0 0.263021 0.146759 0.014583 0.026852
0 0.271354 0.089815 0.017708 0.024074
0 0.837141 0.065273 0.015750 0.022269
0 0.820971 0.089806 0.013203 0.023778
0 0.821396 0.063468 0.011344 0.026491
0 0.806581 0.091310 0.014224 0.020769
0 0.805820 0.064218 0.013036 0.029806
0 0.788971 0.089801 0.015234 0.025583
0 0.788125 0.064065 0.015917 0.022278
0 0.772802 0.091912 0.015406 0.024380
0 0.858073 0.081944 0.026562 0.050926
0 0.604167 0.979630 0.020833 0.031481
0 0.227344 0.146296 0.019271 0.025926
0 0.007812 0.325463 0.015625 0.023148
0 0.967708 0.146296 0.019792 0.022222
0 0.062500 0.221759 0.013542 0.023148
0 0.026042 0.273148 0.015625 0.025926
0 0.098698 0.325463 0.013021 0.025000
0 0.846875 0.199537 0.035417 0.028704
0 0.894271 0.034259 0.013542 0.022222
0 0.026042 0.700463 0.014583 0.026852
0 0.534896 0.977778 0.017708 0.025926
0 0.008333 0.727778 0.016667 0.020370
0 0.772974 0.066324 0.014729 0.025593
0 0.489844 0.976852 0.018229 0.024074
0 0.731250 0.062157 0.035417 0.025926
0 0.008073 0.352315 0.015104 0.025000
0 0.298438 0.146296 0.015625 0.025926
0 0.117188 0.701389 0.014583 0.023148
0 0.676562 0.088426 0.012500 0.021296
0 0.008594 0.635648 0.014063 0.025000
0 0.114844 0.147685 0.014063 0.025000
0 0.044010 0.222222 0.013021 0.022222
0 0.672917 0.981019 0.016667 0.028704
0 0.008073 0.700463 0.016146 0.026852
0 0.650260 0.980556 0.017188 0.029630
0 0.025521 0.352315 0.014583 0.026852
0 0.025781 0.584259 0.016146 0.024074
0 0.080469 0.221759 0.013021 0.023148
0 0.061719 0.583796 0.015104 0.021296
0 0.659115 0.089352 0.013021 0.021296
0 0.116667 0.636574 0.015625 0.025000
0 0.465885 0.977778 0.017188 0.027778
0 0.098958 0.609722 0.015625 0.025000
0 0.316667 0.146296 0.016667 0.024074
0 0.097396 0.147222 0.017708 0.025926
0 0.098958 0.636111 0.015625 0.025926
0 0.026042 0.727315 0.015625 0.021296
0 0.111198 0.089815 0.016146 0.027778
0 0.134635 0.172222 0.009896 0.020370
0 0.026042 0.145370 0.050000 0.027778
0 0.132812 0.147685 0.014583 0.025000
0 0.327083 0.978241 0.020833 0.025000
0 0.007552 0.194907 0.015104 0.025000
0 0.627083 0.980556 0.016667 0.027778
0 0.008333 0.298148 0.015625 0.027778
0 0.117188 0.584722 0.015625 0.021296
0 0.079948 0.194907 0.013021 0.023148
0 0.008333 0.273148 0.014583 0.024074
0 0.236979 0.032870 0.016667 0.021296
0 0.918490 0.063426 0.036979 0.025000
0 0.116406 0.609722 0.015104 0.023148
0 0.152083 0.146296 0.019792 0.024074
0 0.988802 0.145833 0.019271 0.023148
0 0.025260 0.222222 0.015104 0.024074
0 0.207813 0.145370 0.015625 0.025926
0 0.879948 0.976852 0.014063 0.027778
0 0.961458 0.010185 0.013542 0.020370
0 0.917708 0.200463 0.036458 0.025000
0 0.098958 0.221296 0.014583 0.022222
0 0.170833 0.145833 0.017708 0.025000
0 0.846615 0.977778 0.014063 0.025926
0 0.197396 0.173148 0.008333 0.020370
0 0.008333 0.584259 0.016667 0.025926
0 0.008073 0.609722 0.016146 0.023148
0 0.116927 0.221759 0.013021 0.023148
0 0.080469 0.636111 0.015104 0.025926
0 0.080469 0.662500 0.013021 0.028704
0 0.080469 0.584722 0.015104 0.021296
0 0.062500 0.195370 0.013542 0.024074
0 0.116406 0.194907 0.010937 0.023148
0 0.642188 0.088889 0.015625 0.025926
0 0.134896 0.756944 0.007292 0.017593
0 0.608594 0.076852 0.034896 0.055556
0 0.994792 0.172222 0.009375 0.016667
0 0.098958 0.585185 0.016667 0.022222
0 0.863021 0.976852 0.015625 0.027778
0 0.115104 0.561111 0.009375 0.018519
0 0.881250 0.199537 0.032292 0.028704
0 0.078646 0.146759 0.014583 0.025000
0 0.966146 0.172222 0.012500 0.016667
0 0.190104 0.145833 0.017708 0.026852
0 0.105990 0.756481 0.009896 0.018519
0 0.080469 0.727315 0.014063 0.023148
0 0.062500 0.272685 0.014583 0.025000
0 0.088542 0.082407 0.023958 0.061111
0 0.115365 0.756481 0.006771 0.016667
0 0.060677 0.146296 0.016146 0.025926
0 0.116927 0.274074 0.014063 0.022222
0 0.974219 0.172222 0.008854 0.014815
0 0.065104 0.082870 0.021875 0.060185
0 0.124740 0.172685 0.008854 0.017593
0 0.684115 0.062500 0.061979 0.026852
0 0.062240 0.636111 0.016146 0.025926
0 0.124479 0.560648 0.007292 0.017593
0 0.070052 0.857870 0.140104 0.026852
0 0.847656 0.373148 0.035937 0.016667
0 0.080469 0.272685 0.015104 0.025000
0 0.016667 0.081944 0.026042 0.062037
0 0.098698 0.273611 0.013021 0.025000
0 0.008594 0.221759 0.014063 0.025000
0 0.080729 0.247222 0.014583 0.024074
0 0.080469 0.610648 0.015104 0.023148
0 0.983073 0.081481 0.025521 0.062963
0 0.044271 0.700926 0.014583 0.025926
0 0.043750 0.247685 0.013542 0.023148
0 0.025521 0.636111 0.016667 0.024074
0 0.025781 0.325463 0.015104 0.023148
0 0.080729 0.299074 0.014583 0.024074
0 0.245573 0.145833 0.015104 0.026852
0 0.025781 0.662963 0.014063 0.029630
0 0.354167 0.088426 0.148958 0.026852
0 0.280469 0.146296 0.018229 0.025926
0 0.519010 0.062500 0.138021 0.026852
0 0.008073 0.663426 0.016146 0.030556
0 0.062500 0.662500 0.015625 0.028704
0 0.099479 0.300000 0.013542 0.024074
0 0.044271 0.298611 0.014583 0.025000
0 0.098437 0.247685 0.012500 0.025000
0 0.040885 0.082870 0.021354 0.062037
0 0.044531 0.727315 0.015104 0.021296
0 0.044010 0.273148 0.015104 0.024074
0 0.062500 0.610648 0.014583 0.021296
0 0.044271 0.662500 0.014583 0.028704
0 0.271615 0.064352 0.018229 0.025000
0 0.118229 0.300463 0.017708 0.025000
0 0.044010 0.636111 0.015104 0.025926
0 0.883333 0.082870 0.023958 0.054630
0 0.099219 0.701389 0.014063 0.023148
0 0.044010 0.610648 0.015104 0.023148
0 0.063281 0.700463 0.017188 0.025000
0 0.080469 0.325926 0.015104 0.025926
0 0.062240 0.325463 0.013021 0.025000
0 0.558594 0.978241 0.019271 0.028704
0 0.939323 0.008333 0.010937 0.016667
0 0.025781 0.609259 0.017188 0.020370
0 0.044010 0.325463 0.014063 0.025000
0 0.478385 0.146759 0.015104 0.021296
