0 0.098958 0.584722 0.016667 0.021296
0 0.115365 0.561574 0.008854 0.017593
0 0.115104 0.756481 0.006250 0.014815
0 0.080469 0.662037 0.014063 0.027778
0 0.115365 0.146296 0.016146 0.024074
0 0.115885 0.172222 0.009896 0.018519
0 0.846615 0.978241 0.014063 0.023148
0 0.133073 0.145833 0.015104 0.021296
0 0.863021 0.977778 0.015625 0.024074
0 0.025781 0.609722 0.017188 0.019444
0 0.984115 0.171296 0.008854 0.016667
0 0.116406 0.194444 0.010937 0.022222
0 0.097135 0.146296 0.017188 0.024074
0 0.994792 0.172222 0.009375 0.016667
0 0.134896 0.756944 0.007292 0.015741
0 0.641927 0.089352 0.015104 0.025000
0 0.964844 0.172685 0.009896 0.015741
0 0.080208 0.584259 0.015625 0.020370
0 0.105990 0.756944 0.009896 0.017593
0 0.062500 0.195370 0.013542 0.024074
0 0.025781 0.145370 0.050521 0.027778
0 0.236719 0.033333 0.017188 0.020370
0 0.879948 0.978241 0.014063 0.023148
0 0.819792 0.173611 0.011458 0.019444
0 0.007812 0.584722 0.015625 0.025000
0 0.116406 0.609722 0.015104 0.021296
0 0.770052 0.814815 0.042188 0.025926
0 0.881510 0.199537 0.032813 0.028704
0 0.974479 0.172222 0.008333 0.014815
0 0.117188 0.585185 0.015625 0.020370
0 0.988802 0.145370 0.019271 0.022222
0 0.125000 0.756944 0.007292 0.015741
0 0.008333 0.636111 0.014583 0.024074
0 0.124479 0.561111 0.007292 0.016667
0 0.025521 0.222222 0.014583 0.024074
0 0.008333 0.194907 0.016667 0.025000
0 0.080208 0.194907 0.012500 0.023148
0 0.116406 0.636574 0.015104 0.023148
0 0.026042 0.701389 0.014583 0.026852
0 0.098958 0.636111 0.014583 0.024074
0 0.135156 0.560648 0.007812 0.015741
0 0.098958 0.609722 0.015625 0.023148
0 0.026042 0.726852 0.015625 0.020370
0 0.817187 0.815278 0.041667 0.025000
0 0.946354 0.146759 0.012500 0.023148
0 0.134896 0.172222 0.009375 0.018519
0 0.193750 0.212963 0.087500 0.018519
0 0.197396 0.174074 0.007292 0.016667
0 0.124740 0.172685 0.007812 0.017593
0 0.061719 0.583796 0.015104 0.021296
0 0.025781 0.584259 0.017188 0.024074
0 0.710938 0.634722 0.077083 0.025000
0 0.152083 0.146296 0.018750 0.024074
0 0.110937 0.089815 0.016667 0.027778
0 0.659115 0.088426 0.013021 0.021296
0 0.939323 0.008333 0.010937 0.014815
0 0.327083 0.978241 0.020833 0.025000
0 0.007812 0.297685 0.015625 0.026852
0 0.008333 0.272685 0.014583 0.023148
0 0.063281 0.727315 0.015104 0.019444
0 0.008073 0.700463 0.016146 0.026852
0 0.894271 0.034722 0.014583 0.023148
0 0.099219 0.221296 0.013021 0.022222
0 0.008073 0.033796 0.014063 0.021296
0 0.967708 0.145833 0.019792 0.023148
0 0.899479 0.977315 0.020833 0.023148
0 0.796094 0.634259 0.084896 0.024074
0 0.190365 0.146759 0.014063 0.023148
0 0.008333 0.728241 0.016667 0.019444
0 0.441927 0.063889 0.015104 0.022222
0 0.062500 0.662500 0.015625 0.028704
0 0.008073 0.352315 0.014063 0.023148
0 0.007812 0.610648 0.015625 0.021296
0 0.078745 0.146060 0.014604 0.026731
0 0.172396 0.146296 0.017708 0.024074
0 0.060076 0.144829 0.015870 0.025546
0 0.070375 0.925644 0.140531 0.013102
0 0.945643 0.977106 0.013880 0.024676
0 0.932198 0.976718 0.010990 0.023898
0 0.918969 0.976204 0.012000 0.022870
0 0.572560 0.520454 0.165193 0.025278
0 0.665492 0.470685 0.347474 0.025278
0 0.596758 0.427278 0.213776 0.025278
0 0.116927 0.221759 0.011979 0.023148
0 0.664503 0.400208 0.347474 0.025269
0 0.672917 0.981481 0.016667 0.029630
0 0.025521 0.351852 0.014583 0.025926
0 0.665180 0.373130 0.347474 0.025278
0 0.665628 0.347167 0.347474 0.025278
0 0.634286 0.293731 0.291010 0.025278
0 0.810294 0.260727 0.009745 0.017324
0 0.044010 0.222222 0.013021 0.022222
0 0.821443 0.088315 0.012240 0.019444
0 0.821130 0.063315 0.010781 0.019259
0 0.772641 0.090468 0.013344 0.019417
0 0.609995 0.076889 0.034490 0.053741
0 0.214682 0.032681 0.019521 0.019028
0 0.227083 0.147222 0.017708 0.022222
0 0.008073 0.663426 0.016146 0.028704
0 0.025781 0.662500 0.014063 0.028704
0 0.187427 0.033194 0.027760 0.019019
0 0.162128 0.032681 0.016484 0.017472
0 0.140648 0.032958 0.018057 0.019083
0 0.117188 0.701852 0.013542 0.022222
0 0.120047 0.033148 0.013250 0.020204
0 0.650521 0.981481 0.016667 0.029630
0 0.098013 0.033208 0.022036 0.019583
0 0.676562 0.087963 0.012500 0.022222
0 0.070438 0.032958 0.022521 0.018843
0 0.070312 0.904630 0.140625 0.025926
0 0.099740 0.194444 0.019271 0.024074
0 0.080729 0.221296 0.012500 0.022222
0 0.909896 0.034259 0.013542 0.025926
0 0.117969 0.325926 0.017188 0.024074
0 0.466406 0.978241 0.017188 0.025000
0 0.207552 0.146296 0.014063 0.022222
0 0.627344 0.980093 0.015104 0.026852
0 0.730208 0.088426 0.015625 0.023148
0 0.007812 0.325463 0.015625 0.023148
0 0.062500 0.221296 0.013542 0.022222
0 0.043750 0.584259 0.015625 0.022222
0 0.080990 0.700463 0.013021 0.023148
0 0.917448 0.200000 0.035937 0.025926
0 0.025781 0.299537 0.014063 0.025000
0 0.396875 0.976389 0.116667 0.034259
0 0.846875 0.199537 0.035417 0.028704
0 0.044010 0.701389 0.014063 0.025000
0 0.747396 0.089352 0.014583 0.021296
0 0.026302 0.272685 0.015104 0.025000
0 0.044010 0.662500 0.014063 0.028704
0 0.044271 0.352778 0.015625 0.025926
0 0.063281 0.700926 0.017188 0.024074
0 0.044010 0.610648 0.015104 0.023148
0 0.580990 0.978704 0.018229 0.029630
0 0.008594 0.221759 0.014063 0.025000
0 0.062500 0.299074 0.013542 0.024074
0 0.603906 0.979630 0.020313 0.031481
0 0.008073 0.247222 0.014063 0.024074
0 0.098698 0.325463 0.013021 0.025000
0 0.883333 0.081019 0.023958 0.052778
0 0.712240 0.088426 0.014063 0.023148
0 0.535417 0.977315 0.016667 0.025000
0 0.025000 0.247685 0.015625 0.023148
0 0.117188 0.247685 0.013542 0.025000
0 0.080469 0.610185 0.015104 0.022222
0 0.043750 0.247685 0.013542 0.023148
0 0.025521 0.636111 0.016667 0.024074
0 0.489844 0.976852 0.018229 0.022222
0 0.694792 0.088426 0.017708 0.023148
0 0.062240 0.325463 0.013021 0.025000
0 0.025521 0.325000 0.015625 0.022222
0 0.919010 0.062963 0.035937 0.024074
0 0.099219 0.701389 0.014063 0.023148
0 0.080469 0.325926 0.015104 0.025926
0 0.080729 0.727315 0.013542 0.023148
0 0.044531 0.298611 0.014063 0.025000
0 0.973698 0.032870 0.051562 0.026852
0 0.062240 0.610648 0.015104 0.021296
0 0.040885 0.083796 0.022396 0.060185
0 0.044010 0.273148 0.015104 0.024074
0 0.815625 0.604630 0.045833 0.024074
0 0.044010 0.636574 0.015104 0.025000
0 0.044531 0.726852 0.015104 0.020370
0 0.044271 0.325463 0.013542 0.023148
0 0.062500 0.272222 0.014583 0.024074
0 0.099479 0.300000 0.013542 0.024074
0 0.080469 0.299074 0.014063 0.024074
0 0.558594 0.977315 0.018229 0.025000
0 0.080729 0.635648 0.014583 0.025000
0 0.118490 0.300463 0.017188 0.025000
0 0.762500 0.604630 0.052083 0.024074
0 0.707812 0.604630 0.048958 0.024074
0 0.098437 0.247685 0.012500 0.025000
0 0.080208 0.272685 0.014583 0.025000
0 0.116927 0.274074 0.014063 0.022222
0 0.512500 0.976852 0.016667 0.024074
0 0.062500 0.636111 0.015625 0.025926
0 0.065104 0.083333 0.022917 0.059259
0 0.088542 0.082407 0.023958 0.059259
0 0.098698 0.273611 0.013021 0.025000
0 0.016406 0.082870 0.026562 0.060185
0 0.070312 0.830093 0.140625 0.026852
0 0.815365 0.579167 0.045312 0.025000
0 0.070312 0.804630 0.140625 0.027778
0 0.975357 0.976468 0.036161 0.030343
0 0.914219 0.919722 0.171563 0.022222
0 0.963115 0.008565 0.012115 0.017130
0 0.046568 0.033083 0.015104 0.020370
0 0.167161 0.173148 0.046823 0.018519
0 0.789635 0.066065 0.012917 0.022222
0 0.928594 0.089259 0.017708 0.026852
0 0.909896 0.089454 0.017708 0.025926
0 0.518099 0.635426 0.050781 0.019167
0 0.664609 0.551389 0.349948 0.028704
0 0.028010 0.033736 0.014396 0.018028
0 0.835224 0.261278 0.012500 0.020963
0 0.027370 0.196019 0.016198 0.025370
0 0.070255 0.858843 0.139063 0.027778
0 0.181109 0.862315 0.043594 0.075741
0 0.356201 0.088370 0.145286 0.025963
0 0.643318 0.062759 0.019792 0.023741
0 0.044089 0.194870 0.016094 0.025926
0 0.837854 0.063315 0.016302 0.021574
0 0.272958 0.088963 0.020417 0.025926
0 0.562917 0.495991 0.145000 0.020796
0 0.788503 0.090588 0.014818 0.020491
0 0.954453 0.079259 0.021302 0.056667
0 0.111328 0.063889 0.020573 0.020370
0 0.731359 0.063338 0.034125 0.024417
0 0.772583 0.064926 0.013490 0.022593
0 0.189997 0.088241 0.135318 0.026481
0 0.988021 0.009236 0.012500 0.018472
0 0.510156 0.088889 0.152604 0.024074
0 0.272604 0.062352 0.021250 0.023148
0 0.858828 0.078704 0.025052 0.046296
0 0.805589 0.091153 0.013573 0.021769
0 0.518589 0.063481 0.133760 0.024000
0 0.063417 0.248329 0.016698 0.025176
0 0.933125 0.033796 0.021458 0.025000
0 0.806406 0.065657 0.014063 0.023981
0 0.081536 0.246620 0.013542 0.023148
0 0.817344 0.318981 0.041354 0.025000
0 0.983073 0.080694 0.025521 0.061389
0 0.189456 0.063551 0.134526 0.023213
0 0.683680 0.063745 0.060245 0.023972
0 0.355633 0.061995 0.144776 0.026954
0 0.815604 0.293056 0.046875 0.025000
