0 0.919531 0.426852 0.160938 0.017593
0 0.919799 0.390676 0.160401 0.017593
0 0.914180 0.302648 0.171641 0.017593
0 0.914180 0.285037 0.171641 0.017593
0 0.914031 0.267898 0.171875 0.017593
0 0.838281 0.061889 0.013833 0.017204
0 0.821927 0.088426 0.012792 0.019704
0 0.822013 0.065069 0.011932 0.022769
0 0.805938 0.088583 0.015385 0.020630
0 0.988948 0.009005 0.014583 0.018009
0 0.954167 0.081806 0.021875 0.061759
0 0.806628 0.064917 0.014349 0.023074
0 0.519078 0.065051 0.134240 0.020657
0 0.188781 0.087486 0.134521 0.025583
0 0.859115 0.081019 0.024479 0.049074
0 0.509948 0.088889 0.152188 0.024074
0 0.272656 0.090278 0.020313 0.025000
0 0.788820 0.088278 0.015734 0.021241
0 0.100000 0.197287 0.019792 0.024074
0 0.112495 0.063120 0.018750 0.021296
0 0.788732 0.064301 0.015214 0.022472
0 0.773435 0.089810 0.014005 0.022472
0 0.920339 0.062194 0.036979 0.025000
0 0.731172 0.063431 0.035260 0.023898
0 0.027120 0.222222 0.014583 0.024074
0 0.643922 0.065056 0.018406 0.021963
0 0.180672 0.862343 0.043448 0.079722
0 0.044958 0.195259 0.015208 0.025000
0 0.642188 0.089815 0.014583 0.022222
0 0.772828 0.063519 0.013135 0.022130
0 0.237505 0.034296 0.017802 0.019556
0 0.214602 0.032875 0.022005 0.022398
0 0.187497 0.033764 0.027401 0.019194
0 0.162893 0.033944 0.019807 0.024537
0 0.141721 0.033213 0.018672 0.021519
0 0.121237 0.032907 0.016078 0.019667
0 0.097466 0.032449 0.023859 0.019361
0 0.071013 0.033296 0.023630 0.021259
0 0.047281 0.033468 0.015917 0.015435
0 0.009383 0.032472 0.012068 0.018519
0 0.027552 0.195833 0.016562 0.025000
0 0.914969 0.584833 0.170062 0.017593
0 0.849615 0.620167 0.036500 0.014815
0 0.915018 0.566750 0.169964 0.017593
0 0.355773 0.088833 0.144182 0.026963
0 0.965365 0.008333 0.016146 0.016667
0 0.871271 0.637106 0.069198 0.016046
0 0.909896 0.088713 0.017708 0.025167
0 0.929312 0.089356 0.017188 0.026657
0 0.913516 0.917593 0.172969 0.022222
0 0.838135 0.659199 0.013000 0.019398
0 0.917188 0.338889 0.165625 0.016667
0 0.069505 0.925329 0.139010 0.011194
0 0.027307 0.032806 0.015104 0.020370
0 0.060885 0.146407 0.015833 0.021296
0 0.914062 0.250463 0.171875 0.017593
0 0.974818 0.033796 0.047240 0.025000
0 0.839034 0.681111 0.014495 0.021778
0 0.835375 0.715866 0.008563 0.036620
0 0.925734 0.655083 0.148531 0.017593
0 0.915250 0.549472 0.169500 0.017593
0 0.915018 0.530954 0.169964 0.017593
0 0.925388 0.672296 0.149224 0.017593
0 0.915133 0.513676 0.169734 0.017593
0 0.925474 0.690120 0.149052 0.017593
0 0.925302 0.707954 0.149396 0.017593
0 0.931378 0.977042 0.009161 0.022435
0 0.945125 0.976273 0.014177 0.022750
0 0.976070 0.977046 0.038380 0.033500
0 0.914852 0.601704 0.170297 0.017593
0 0.026875 0.246829 0.014719 0.020435
0 0.355367 0.064458 0.143120 0.023361
0 0.915018 0.495574 0.169964 0.017593
0 0.009740 0.248241 0.017396 0.026111
0 0.189031 0.064537 0.133292 0.022778
0 0.918995 0.462083 0.162010 0.017593
0 0.082073 0.246426 0.014583 0.024074
0 0.064922 0.248380 0.015625 0.024074
0 0.933229 0.034259 0.021667 0.024074
0 0.272682 0.064352 0.021406 0.025000
0 0.919398 0.444472 0.161203 0.017593
0 0.683646 0.063750 0.061042 0.024352
0 0.919664 0.409241 0.160672 0.017593
0 0.026042 0.700926 0.014583 0.025926
0 0.117188 0.701389 0.014583 0.023148
0 0.063021 0.726852 0.015625 0.020370
0 0.672917 0.981019 0.016667 0.028704
0 0.008333 0.727778 0.016667 0.020370
0 0.676562 0.088426 0.012500 0.021296
0 0.694792 0.088889 0.014583 0.020370
0 0.441667 0.064815 0.015625 0.024074
0 0.007812 0.325463 0.015625 0.023148
0 0.946354 0.146296 0.013542 0.022222
0 0.967708 0.146296 0.019792 0.022222
0 0.747396 0.088889 0.014583 0.022222
0 0.008073 0.663889 0.016146 0.029630
0 0.535156 0.977315 0.017188 0.025000
0 0.490104 0.977315 0.018750 0.023148
0 0.062500 0.221759 0.013542 0.023148
0 0.044271 0.352778 0.015625 0.025926
0 0.712240 0.088889 0.014063 0.022222
0 0.117969 0.326389 0.017188 0.023148
0 0.603906 0.979630 0.020313 0.031481
0 0.729948 0.088889 0.015104 0.024074
0 0.043750 0.584259 0.015625 0.022222
0 0.025781 0.299537 0.014063 0.025000
0 0.062500 0.299074 0.013542 0.024074
0 0.846875 0.199537 0.035417 0.028704
0 0.580729 0.979167 0.018750 0.030556
0 0.080469 0.325926 0.015104 0.025926
0 0.062500 0.662500 0.015625 0.028704
0 0.025781 0.662963 0.014063 0.029630
0 0.080990 0.700463 0.013021 0.023148
0 0.396875 0.976389 0.116667 0.034259
0 0.062240 0.325463 0.013021 0.025000
0 0.117188 0.248148 0.013542 0.025926
0 0.008594 0.221759 0.014063 0.025000
0 0.044010 0.610648 0.015104 0.023148
0 0.558594 0.978241 0.019271 0.026852
0 0.080469 0.610185 0.015104 0.022222
0 0.883333 0.081481 0.023958 0.053704
0 0.063281 0.700463 0.017188 0.025000
0 0.983073 0.082870 0.025521 0.065741
0 0.099219 0.701389 0.014063 0.023148
0 0.512760 0.977315 0.017188 0.025000
0 0.043750 0.247685 0.013542 0.023148
0 0.025521 0.636111 0.016667 0.024074
0 0.044271 0.700926 0.014583 0.025926
0 0.044010 0.662500 0.014063 0.028704
0 0.025521 0.325463 0.015625 0.023148
0 0.080729 0.299074 0.014583 0.024074
0 0.044010 0.273148 0.015104 0.024074
0 0.099479 0.300000 0.013542 0.024074
0 0.044271 0.298611 0.014583 0.025000
0 0.088542 0.082407 0.023958 0.061111
0 0.044531 0.726852 0.015104 0.020370
0 0.098437 0.247685 0.012500 0.025000
0 0.040885 0.083333 0.021354 0.061111
0 0.062240 0.610648 0.015104 0.021296
0 0.044010 0.636111 0.015104 0.025926
0 0.044010 0.325463 0.014063 0.023148
0 0.118229 0.300463 0.017708 0.025000
0 0.080469 0.635648 0.015104 0.025000
0 0.080469 0.727315 0.014063 0.023148
0 0.062500 0.272685 0.014583 0.025000
0 0.065104 0.083333 0.021875 0.059259
0 0.116927 0.274074 0.014063 0.022222
0 0.080469 0.272685 0.015104 0.025000
0 0.062240 0.636111 0.016146 0.025926
0 0.098698 0.273611 0.013021 0.025000
0 0.016406 0.081944 0.026562 0.062037
0 0.070573 0.830556 0.141146 0.027778
0 0.070573 0.804630 0.141146 0.027778
0 0.851302 0.320833 0.042188 0.015741
0 0.918750 0.976389 0.013542 0.026852
0 0.899740 0.977315 0.021354 0.026852
0 0.847656 0.373148 0.035937 0.016667
0 0.124740 0.172685 0.007812 0.017593
0 0.189583 0.212500 0.077083 0.019444
0 0.974219 0.172222 0.008854 0.014815
0 0.079167 0.145370 0.013542 0.024074
0 0.939323 0.008333 0.010937 0.016667
0 0.134896 0.172222 0.009375 0.020370
0 0.135156 0.560185 0.007812 0.016667
0 0.186198 0.173148 0.010937 0.018519
0 0.197656 0.173611 0.008854 0.019444
0 0.124479 0.561111 0.007292 0.016667
0 0.608594 0.077778 0.034896 0.051852
0 0.161458 0.172222 0.035417 0.020370
0 0.124740 0.756481 0.007812 0.016667
0 0.025781 0.145370 0.050521 0.027778
0 0.984375 0.171296 0.009375 0.016667
0 0.819531 0.174074 0.011979 0.020370
0 0.070052 0.857870 0.140104 0.026852
0 0.097135 0.146296 0.017188 0.024074
0 0.115625 0.172222 0.010417 0.020370
0 0.115104 0.756481 0.006250 0.016667
0 0.025781 0.609259 0.017188 0.020370
0 0.070312 0.905093 0.140625 0.026852
0 0.133073 0.145833 0.015104 0.021296
0 0.115104 0.561111 0.009375 0.018519
0 0.105729 0.757407 0.010417 0.018519
0 0.098958 0.585185 0.016667 0.022222
0 0.080469 0.662037 0.014063 0.027778
0 0.115365 0.146296 0.016146 0.024074
0 0.116406 0.194444 0.010937 0.022222
0 0.965885 0.172222 0.011979 0.016667
0 0.863021 0.977315 0.015625 0.026852
0 0.994792 0.172222 0.009375 0.016667
0 0.062500 0.195370 0.013542 0.024074
0 0.134896 0.756944 0.007292 0.017593
0 0.080208 0.585185 0.015625 0.020370
0 0.846354 0.977778 0.014583 0.025926
0 0.881250 0.199537 0.032292 0.028704
0 0.079948 0.194907 0.013021 0.023148
0 0.116406 0.609722 0.015104 0.023148
0 0.879948 0.977315 0.014063 0.026852
0 0.007812 0.584722 0.015625 0.025000
0 0.098958 0.221296 0.014583 0.022222
0 0.117188 0.585185 0.015625 0.020370
0 0.116927 0.221759 0.013021 0.023148
0 0.008333 0.273148 0.014583 0.024074
0 0.146615 0.193519 0.011979 0.022222
0 0.008333 0.194907 0.016667 0.025000
0 0.917448 0.200463 0.036979 0.025000
0 0.988802 0.145833 0.019271 0.023148
0 0.098958 0.610185 0.015625 0.024074
0 0.098958 0.636574 0.014583 0.025000
0 0.327083 0.978241 0.020833 0.025000
0 0.008073 0.298148 0.016146 0.027778
0 0.152083 0.145833 0.018750 0.025000
0 0.659375 0.089352 0.013542 0.021296
0 0.008594 0.635185 0.014063 0.024074
0 0.007812 0.610185 0.015625 0.022222
0 0.061719 0.584259 0.015104 0.022222
0 0.026042 0.726852 0.015625 0.020370
0 0.110937 0.089815 0.016667 0.027778
0 0.627344 0.980556 0.016146 0.027778
0 0.116406 0.636574 0.015104 0.025000
0 0.025521 0.584259 0.017708 0.024074
0 0.227344 0.146296 0.018229 0.024074
0 0.465885 0.977778 0.017188 0.025926
0 0.172135 0.146296 0.018229 0.025926
0 0.008073 0.700463 0.016146 0.026852
0 0.025521 0.352315 0.014583 0.026852
0 0.650260 0.981481 0.017188 0.029630
0 0.044010 0.222222 0.013021 0.022222
0 0.190365 0.146296 0.015104 0.025926
0 0.080469 0.221296 0.013021 0.022222
0 0.909896 0.033796 0.013542 0.025000
0 0.008073 0.351852 0.015104 0.024074
0 0.098698 0.325463 0.013021 0.025000
0 0.894531 0.034259 0.014063 0.022222
0 0.207813 0.146296 0.014583 0.024074
0 0.026042 0.272685 0.015625 0.025000
