0 0.512448 0.088889 0.157187 0.024074
0 0.070818 0.034046 0.021490 0.018815
0 0.097279 0.032704 0.024734 0.019204
0 0.120227 0.032894 0.013609 0.018824
0 0.141396 0.033185 0.018792 0.019778
0 0.684039 0.063481 0.060672 0.024370
0 0.273229 0.064815 0.022500 0.025926
0 0.355922 0.063889 0.142323 0.025926
0 0.933932 0.034259 0.023073 0.024074
0 0.190289 0.065074 0.132339 0.023296
0 0.009135 0.249000 0.017188 0.024074
0 0.028635 0.247481 0.016146 0.024074
0 0.064953 0.249157 0.015104 0.024074
0 0.189971 0.087745 0.133495 0.024694
0 0.519818 0.064843 0.135365 0.021574
0 0.954167 0.080787 0.021875 0.059722
0 0.988344 0.008856 0.014583 0.017713
0 0.099667 0.197417 0.019792 0.024074
0 0.837760 0.288306 0.017188 0.020370
0 0.272995 0.090741 0.020990 0.025926
0 0.112370 0.063426 0.021615 0.021296
0 0.730635 0.063981 0.032167 0.023889
0 0.920000 0.062278 0.036979 0.025000
0 0.644182 0.063065 0.019792 0.023148
0 0.044010 0.195148 0.015104 0.025926
0 0.180953 0.864611 0.049427 0.076481
0 0.027578 0.195833 0.016615 0.025000
0 0.047419 0.032907 0.018495 0.018519
0 0.356443 0.089685 0.144823 0.026185
0 0.166458 0.173148 0.046458 0.020370
0 0.963719 0.008528 0.015104 0.017056
0 0.909682 0.090380 0.017708 0.026852
0 0.862109 0.443981 0.064844 0.013889
0 0.861458 0.460185 0.063542 0.014815
0 0.928495 0.091259 0.017188 0.029630
0 0.913464 0.917593 0.173073 0.022222
0 0.838458 0.312972 0.017188 0.021296
0 0.974661 0.033796 0.047552 0.025000
0 0.071094 0.906250 0.139063 0.023611
0 0.026859 0.033315 0.013229 0.020370
0 0.916352 0.385741 0.167297 0.016389
0 0.915849 0.408639 0.168302 0.016389
0 0.915523 0.496556 0.168953 0.016389
0 0.915451 0.514028 0.169099 0.016389
0 0.915451 0.530481 0.169099 0.016389
0 0.915161 0.547963 0.169677 0.016389
0 0.919339 0.974824 0.012135 0.024722
0 0.931753 0.976319 0.010453 0.027046
0 0.945148 0.976403 0.012786 0.026546
0 0.974924 0.977727 0.036870 0.035843
0 0.070474 0.925449 0.140948 0.010750
0 0.147208 0.193528 0.009500 0.014667
0 0.162268 0.032477 0.018589 0.019509
0 0.187464 0.031685 0.026427 0.023481
0 0.215234 0.032278 0.021948 0.019907
0 0.772370 0.063819 0.014844 0.024231
0 0.773117 0.089708 0.015589 0.024898
0 0.788659 0.063653 0.013255 0.022565
0 0.788948 0.088713 0.014750 0.023889
0 0.806164 0.062657 0.014089 0.024889
0 0.804909 0.088380 0.014932 0.022574
0 0.821664 0.062824 0.010359 0.022574
0 0.821198 0.088796 0.013906 0.021074
0 0.836224 0.061579 0.016417 0.022472
0 0.915255 0.248889 0.169490 0.016389
0 0.915544 0.266880 0.168911 0.016389
0 0.925448 0.285389 0.149104 0.016389
0 0.925521 0.302093 0.148958 0.016389
0 0.925448 0.319315 0.149104 0.016389
0 0.914784 0.337306 0.169995 0.016389
0 0.915096 0.355407 0.169807 0.016389
0 0.915096 0.372954 0.169807 0.016389
0 0.172135 0.146296 0.018229 0.025926
0 0.129948 0.008796 0.006771 0.015741
0 0.466146 0.979167 0.017708 0.036111
0 0.061719 0.145833 0.018229 0.025000
0 0.899479 0.976852 0.021875 0.027778
0 0.007812 0.033796 0.014583 0.023148
0 0.193750 0.212963 0.087500 0.018519
0 0.124740 0.173148 0.007812 0.018519
0 0.939323 0.008333 0.010937 0.016667
0 0.974479 0.172222 0.008333 0.014815
0 0.079167 0.145833 0.013542 0.025000
0 0.135156 0.560185 0.007812 0.016667
0 0.197396 0.173611 0.008333 0.019444
0 0.124479 0.561111 0.007292 0.016667
0 0.135156 0.172222 0.009896 0.020370
0 0.236979 0.033333 0.016667 0.020370
0 0.608594 0.077315 0.034896 0.054630
0 0.124740 0.756481 0.007812 0.016667
0 0.025781 0.145370 0.050521 0.027778
0 0.984375 0.171296 0.009375 0.016667
0 0.115625 0.172222 0.010417 0.020370
0 0.097135 0.145833 0.017188 0.025000
0 0.025781 0.609722 0.017188 0.019444
0 0.115365 0.756481 0.006771 0.016667
0 0.133073 0.146296 0.015104 0.022222
0 0.098958 0.585185 0.016667 0.022222
0 0.115104 0.561111 0.009375 0.018519
0 0.080469 0.662037 0.014063 0.027778
0 0.819531 0.174074 0.011979 0.020370
0 0.863281 0.976852 0.016146 0.027778
0 0.994792 0.172222 0.009375 0.016667
0 0.965625 0.171759 0.011458 0.015741
0 0.116667 0.195370 0.011458 0.022222
0 0.080208 0.584722 0.015625 0.021296
0 0.134896 0.756944 0.007292 0.017593
0 0.846615 0.977778 0.015104 0.025926
0 0.115365 0.146296 0.016146 0.024074
0 0.062500 0.195370 0.013542 0.024074
0 0.105990 0.756481 0.009896 0.018519
0 0.641927 0.089815 0.015104 0.022222
0 0.007812 0.584722 0.015625 0.025000
0 0.881250 0.199537 0.032292 0.028704
0 0.116146 0.609722 0.015625 0.023148
0 0.879948 0.976852 0.014063 0.027778
0 0.025781 0.222222 0.015104 0.024074
0 0.988802 0.145370 0.019271 0.022222
0 0.070052 0.858333 0.140104 0.027778
0 0.079948 0.194907 0.013021 0.023148
0 0.099219 0.221296 0.014063 0.022222
0 0.327083 0.978241 0.020833 0.025000
0 0.098698 0.636111 0.015104 0.024074
0 0.117188 0.584722 0.015625 0.021296
0 0.026042 0.726852 0.015625 0.020370
0 0.008333 0.194907 0.016667 0.025000
0 0.098958 0.609722 0.015625 0.023148
0 0.116927 0.221759 0.013021 0.023148
0 0.008073 0.298148 0.016146 0.027778
0 0.061719 0.584259 0.015104 0.022222
0 0.007812 0.610185 0.015625 0.022222
0 0.110937 0.089815 0.016667 0.027778
0 0.627344 0.980556 0.016146 0.027778
0 0.008333 0.273148 0.014583 0.024074
0 0.026042 0.700926 0.014583 0.025926
0 0.008594 0.635648 0.014063 0.025000
0 0.116667 0.636574 0.015625 0.025000
0 0.008333 0.700463 0.016667 0.026852
0 0.465885 0.977778 0.017188 0.025926
0 0.152083 0.145833 0.018750 0.025000
0 0.917448 0.200463 0.035937 0.025000
0 0.025781 0.584259 0.017188 0.024074
0 0.227083 0.146296 0.017708 0.024074
0 0.659375 0.088426 0.013542 0.021296
0 0.650260 0.981481 0.017188 0.029630
0 0.025521 0.352315 0.014583 0.026852
0 0.008333 0.727778 0.016667 0.020370
0 0.894531 0.034259 0.014063 0.022222
0 0.044010 0.222222 0.013021 0.022222
0 0.909896 0.034259 0.013542 0.025926
0 0.080469 0.221759 0.013021 0.023148
0 0.672917 0.981019 0.016667 0.028704
0 0.008073 0.351852 0.015104 0.024074
0 0.946354 0.146759 0.013542 0.021296
0 0.967708 0.146296 0.019792 0.022222
0 0.207813 0.146296 0.014583 0.024074
0 0.190365 0.146296 0.015104 0.025926
0 0.117188 0.701389 0.014583 0.023148
0 0.063281 0.726852 0.016146 0.020370
0 0.026042 0.272685 0.015625 0.025000
0 0.676562 0.087963 0.012500 0.022222
0 0.008073 0.663889 0.016146 0.029630
0 0.858073 0.081481 0.026562 0.050000
0 0.490104 0.977315 0.018750 0.023148
0 0.846875 0.199537 0.035417 0.028704
0 0.534896 0.977315 0.017708 0.025000
0 0.062500 0.221759 0.013542 0.023148
0 0.441667 0.064815 0.015625 0.024074
0 0.098698 0.325463 0.013021 0.025000
0 0.062500 0.662500 0.015625 0.028704
0 0.007812 0.325463 0.015625 0.023148
0 0.604167 0.979630 0.020833 0.031481
0 0.118229 0.326389 0.017708 0.023148
0 0.043750 0.584259 0.015625 0.022222
0 0.026042 0.662963 0.014583 0.029630
0 0.580729 0.979167 0.018750 0.030556
0 0.025781 0.299537 0.014063 0.025000
0 0.747396 0.088889 0.014583 0.022222
0 0.062500 0.299074 0.013542 0.024074
0 0.044271 0.352778 0.015625 0.025926
0 0.080990 0.700463 0.013021 0.023148
0 0.063281 0.700463 0.017188 0.025000
0 0.044271 0.610648 0.015625 0.023148
0 0.117448 0.248148 0.014063 0.025926
0 0.729948 0.088426 0.015104 0.023148
0 0.558333 0.978241 0.018750 0.026852
0 0.008594 0.221759 0.014063 0.025000
0 0.044271 0.700926 0.014583 0.025926
0 0.080729 0.247222 0.014583 0.024074
0 0.062240 0.325463 0.013021 0.025000
0 0.694792 0.088426 0.017708 0.023148
0 0.080469 0.610185 0.015104 0.022222
0 0.080469 0.325926 0.015104 0.025926
0 0.512760 0.977315 0.017188 0.025000
0 0.044010 0.662500 0.014063 0.028704
0 0.983073 0.081944 0.025521 0.063889
0 0.883333 0.081944 0.023958 0.054630
0 0.712240 0.088426 0.014063 0.023148
0 0.043750 0.247685 0.013542 0.023148
0 0.025260 0.636111 0.017188 0.024074
0 0.099219 0.701389 0.014063 0.023148
0 0.396615 0.976389 0.117188 0.034259
0 0.025521 0.325463 0.015625 0.023148
0 0.080729 0.299074 0.014583 0.024074
0 0.044010 0.273148 0.015104 0.024074
0 0.080469 0.727315 0.014063 0.023148
0 0.044271 0.298611 0.014583 0.025000
0 0.099479 0.299537 0.013542 0.025000
0 0.044531 0.726852 0.015104 0.020370
0 0.044010 0.636574 0.015104 0.025000
0 0.062500 0.610648 0.014583 0.021296
0 0.098437 0.247685 0.012500 0.025000
0 0.040625 0.083333 0.021875 0.061111
0 0.044010 0.325463 0.014063 0.023148
0 0.088542 0.082870 0.023958 0.060185
0 0.118490 0.300463 0.018229 0.025000
0 0.062500 0.272685 0.014583 0.025000
0 0.080469 0.635648 0.015104 0.025000
0 0.080469 0.272685 0.015104 0.025000
0 0.116927 0.273611 0.014063 0.023148
0 0.062240 0.636111 0.016146 0.025926
0 0.065104 0.083333 0.021875 0.059259
0 0.098698 0.273611 0.013021 0.025000
0 0.016406 0.081944 0.026562 0.062037
0 0.070573 0.830556 0.141146 0.027778
0 0.070573 0.804630 0.141146 0.027778
