0 0.466146 0.978241 0.017708 0.026852
0 0.909896 0.034259 0.013542 0.025926
0 0.063281 0.726852 0.016146 0.020370
0 0.062500 0.662500 0.015625 0.028704
0 0.117188 0.701389 0.014583 0.023148
0 0.026042 0.272685 0.015625 0.025000
0 0.062240 0.221759 0.014063 0.023148
0 0.604167 0.979630 0.020833 0.031481
0 0.008073 0.663889 0.016146 0.029630
0 0.441667 0.064815 0.015625 0.024074
0 0.673177 0.981019 0.017188 0.028704
0 0.676562 0.087963 0.012500 0.022222
0 0.117969 0.326389 0.017188 0.023148
0 0.534896 0.977315 0.017708 0.025000
0 0.580729 0.979167 0.018750 0.030556
0 0.490104 0.977315 0.018750 0.023148
0 0.025781 0.299537 0.014063 0.025000
0 0.098698 0.325463 0.013021 0.025000
0 0.007812 0.325463 0.015625 0.023148
0 0.043750 0.584259 0.015625 0.022222
0 0.025781 0.662963 0.014063 0.029630
0 0.062500 0.299074 0.013542 0.024074
0 0.044010 0.610648 0.015104 0.023148
0 0.117448 0.248148 0.014063 0.025926
0 0.044271 0.352778 0.015625 0.025926
0 0.729948 0.088889 0.015104 0.022222
0 0.080990 0.700463 0.013021 0.023148
0 0.008594 0.221759 0.014063 0.025000
0 0.747396 0.088889 0.014583 0.022222
0 0.063281 0.700463 0.017188 0.025000
0 0.080729 0.247222 0.014583 0.024074
0 0.080469 0.610185 0.015104 0.022222
0 0.558333 0.978241 0.018750 0.026852
0 0.044010 0.247685 0.014063 0.023148
0 0.062240 0.325463 0.013021 0.025000
0 0.044010 0.662500 0.014063 0.028704
0 0.044271 0.700926 0.014583 0.025926
0 0.080469 0.326389 0.015104 0.025000
0 0.025260 0.636111 0.017188 0.024074
0 0.973437 0.033333 0.051042 0.025926
0 0.512500 0.977315 0.017708 0.025000
0 0.982812 0.081944 0.026042 0.063889
0 0.694792 0.088426 0.017708 0.023148
0 0.099219 0.701389 0.014063 0.023148
0 0.711979 0.088426 0.013542 0.023148
0 0.025521 0.325463 0.015625 0.023148
0 0.044010 0.273148 0.015104 0.024074
0 0.062240 0.610648 0.015104 0.021296
0 0.080729 0.299074 0.014583 0.024074
0 0.044271 0.298611 0.014583 0.025000
0 0.044010 0.636574 0.015104 0.025000
0 0.098437 0.247685 0.012500 0.025000
0 0.040885 0.083333 0.021354 0.061111
0 0.099479 0.300000 0.013542 0.024074
0 0.080469 0.727315 0.014063 0.023148
0 0.044010 0.325463 0.014063 0.023148
0 0.044531 0.726852 0.016146 0.020370
0 0.118229 0.300463 0.017708 0.025000
0 0.396875 0.976389 0.116667 0.034259
0 0.080469 0.635648 0.015104 0.025000
0 0.062760 0.272685 0.015104 0.025000
0 0.088542 0.082407 0.023958 0.061111
0 0.080469 0.272685 0.015104 0.025000
0 0.062240 0.636111 0.016146 0.025926
0 0.116927 0.274074 0.014063 0.022222
0 0.065104 0.083333 0.021875 0.059259
0 0.098698 0.273611 0.013021 0.025000
0 0.016406 0.081944 0.026562 0.062037
0 0.070573 0.830556 0.141146 0.027778
0 0.070312 0.804630 0.140625 0.027778
0 0.919010 0.976389 0.013021 0.025000
0 0.899740 0.977315 0.022396 0.025000
0 0.864323 0.514352 0.051562 0.015741
0 0.846615 0.461574 0.034896 0.019444
0 0.861719 0.550000 0.051562 0.016667
0 0.193750 0.212963 0.087500 0.018519
0 0.124740 0.173148 0.007812 0.018519
0 0.608594 0.077315 0.034896 0.054630
0 0.939323 0.008333 0.010937 0.016667
0 0.974479 0.172222 0.008333 0.014815
0 0.197396 0.173611 0.008333 0.019444
0 0.079427 0.145833 0.014063 0.025000
0 0.185417 0.173148 0.010417 0.020370
0 0.135156 0.172222 0.009896 0.020370
0 0.135156 0.560185 0.007812 0.016667
0 0.124479 0.560648 0.007292 0.017593
0 0.070312 0.904630 0.140625 0.025926
0 0.124740 0.756481 0.007812 0.016667
0 0.070052 0.858333 0.140104 0.027778
0 0.161458 0.172685 0.035417 0.021296
0 0.984375 0.171296 0.009375 0.016667
0 0.025781 0.145370 0.050521 0.027778
0 0.115625 0.172222 0.010417 0.020370
0 0.115365 0.756481 0.006771 0.016667
0 0.097135 0.145833 0.017188 0.025000
0 0.818750 0.173611 0.013542 0.021296
0 0.025781 0.609259 0.018229 0.020370
0 0.863021 0.978241 0.015625 0.026852
0 0.133073 0.146296 0.015104 0.022222
0 0.879948 0.977778 0.014063 0.024074
0 0.080469 0.662037 0.014063 0.027778
0 0.105990 0.756481 0.009896 0.018519
0 0.965365 0.171759 0.010937 0.015741
0 0.994792 0.172222 0.009375 0.016667
0 0.116667 0.195370 0.011458 0.022222
0 0.134896 0.756944 0.007292 0.017593
0 0.098958 0.585185 0.016667 0.022222
0 0.115365 0.146296 0.016146 0.024074
0 0.115104 0.561111 0.009375 0.018519
0 0.846615 0.978241 0.014063 0.023148
0 0.080208 0.584722 0.015625 0.021296
0 0.641927 0.089815 0.015104 0.022222
0 0.062500 0.195370 0.013542 0.024074
0 0.881250 0.199537 0.032292 0.028704
0 0.116146 0.609722 0.015625 0.023148
0 0.988802 0.145370 0.019271 0.022222
0 0.025521 0.222222 0.015625 0.024074
0 0.917448 0.200000 0.035937 0.024074
0 0.079948 0.194907 0.013021 0.023148
0 0.008073 0.584259 0.016146 0.025926
0 0.098958 0.221296 0.014583 0.022222
0 0.116927 0.221759 0.013021 0.023148
0 0.918750 0.063426 0.036458 0.025000
0 0.098958 0.636111 0.015625 0.024074
0 0.008073 0.610185 0.016146 0.022222
0 0.227083 0.146296 0.017708 0.024074
0 0.099219 0.610185 0.016146 0.024074
0 0.146615 0.193519 0.011979 0.022222
0 0.008333 0.194907 0.016667 0.025000
0 0.026042 0.726852 0.015625 0.020370
0 0.008073 0.297685 0.016146 0.026852
0 0.152083 0.145833 0.018750 0.025000
0 0.008333 0.273148 0.014583 0.024074
0 0.116667 0.636574 0.015625 0.025000
0 0.117188 0.584722 0.015625 0.021296
0 0.110937 0.089815 0.016667 0.027778
0 0.172135 0.146296 0.018229 0.025926
0 0.627083 0.980556 0.016667 0.027778
0 0.008594 0.635648 0.014063 0.025000
0 0.061719 0.584259 0.015104 0.022222
0 0.008333 0.700463 0.016667 0.026852
0 0.025781 0.584259 0.017188 0.024074
0 0.846875 0.199537 0.035417 0.028704
0 0.894531 0.034259 0.014063 0.022222
0 0.946354 0.146759 0.013542 0.023148
0 0.207813 0.146296 0.014583 0.024074
0 0.967708 0.145833 0.019792 0.023148
0 0.190365 0.146296 0.015104 0.025926
0 0.026042 0.700926 0.014583 0.025926
0 0.043750 0.222222 0.013542 0.022222
0 0.659375 0.088426 0.013542 0.021296
0 0.080469 0.221296 0.013021 0.022222
0 0.008333 0.727778 0.016667 0.020370
0 0.008073 0.352315 0.015104 0.023148
0 0.327344 0.978241 0.021354 0.025000
0 0.025521 0.352315 0.014583 0.025000
0 0.650260 0.981019 0.017188 0.028704
0 0.913839 0.671671 0.150344 0.016139
0 0.883474 0.080981 0.024479 0.055556
0 0.953906 0.080417 0.022396 0.058981
0 0.510487 0.088630 0.154130 0.024074
0 0.009073 0.249454 0.016563 0.024074
0 0.100000 0.197120 0.019792 0.024074
0 0.914130 0.690227 0.150344 0.016139
0 0.272760 0.090741 0.020521 0.025926
0 0.112443 0.062833 0.018750 0.021296
0 0.914789 0.707486 0.150339 0.016139
0 0.913865 0.724560 0.150344 0.016139
0 0.189453 0.064213 0.133594 0.023426
0 0.913865 0.742819 0.150344 0.016139
0 0.837161 0.065000 0.016302 0.022593
0 0.882701 0.777606 0.087411 0.016139
0 0.874573 0.882764 0.072823 0.016639
0 0.931781 0.974481 0.011417 0.023296
0 0.643375 0.061037 0.019792 0.023148
0 0.684227 0.064259 0.059776 0.023333
0 0.932578 0.033259 0.019062 0.024074
0 0.913839 0.619088 0.150344 0.016139
0 0.944698 0.978644 0.010667 0.026287
0 0.976430 0.977644 0.041182 0.031620
0 0.355638 0.062106 0.144036 0.023843
0 0.914130 0.600532 0.150344 0.016139
0 0.272656 0.064815 0.020313 0.024074
0 0.914419 0.583523 0.150339 0.016139
0 0.914703 0.567023 0.150344 0.016139
0 0.910771 0.443921 0.159604 0.016139
0 0.181159 0.864176 0.042995 0.073241
0 0.045206 0.195815 0.014224 0.025926
0 0.356068 0.088426 0.144844 0.026852
0 0.909437 0.389329 0.159604 0.016139
0 0.909937 0.373292 0.159604 0.016139
0 0.009385 0.034537 0.013417 0.018519
0 0.909474 0.356060 0.159604 0.016139
0 0.910724 0.338199 0.159604 0.016139
0 0.910724 0.320644 0.159604 0.016139
0 0.910911 0.302505 0.159604 0.016139
0 0.910068 0.285708 0.159604 0.017472
0 0.910193 0.267602 0.159604 0.019444
0 0.027786 0.195833 0.017031 0.025000
0 0.910818 0.249255 0.159604 0.017213
0 0.821404 0.087829 0.012495 0.020657
0 0.820466 0.062727 0.012870 0.022880
0 0.805596 0.089273 0.015620 0.021769
0 0.805284 0.065282 0.015245 0.025769
0 0.788589 0.089208 0.016781 0.021083
0 0.789031 0.063319 0.014760 0.026676
0 0.772010 0.090069 0.015250 0.021657
0 0.772372 0.064181 0.013068 0.025250
0 0.236716 0.032398 0.021547 0.023389
0 0.214451 0.032528 0.021828 0.018000
0 0.186474 0.032787 0.030656 0.021593
0 0.161388 0.032782 0.016047 0.018509
0 0.140497 0.031755 0.019089 0.017472
0 0.119763 0.032125 0.017714 0.018620
0 0.097138 0.032028 0.021057 0.021500
0 0.071003 0.033569 0.025161 0.019583
0 0.046000 0.033185 0.018573 0.017667
0 0.909542 0.408667 0.159604 0.019444
0 0.963604 0.008611 0.014583 0.017222
0 0.026766 0.247685 0.016146 0.023148
0 0.910083 0.089431 0.017708 0.025398
0 0.190922 0.087389 0.135865 0.025963
0 0.862422 0.425463 0.065469 0.015741
0 0.857578 0.865741 0.038073 0.012963
0 0.518286 0.064120 0.133635 0.023611
0 0.730932 0.063611 0.034177 0.024630
0 0.877682 0.848148 0.077240 0.012963
0 0.928760 0.089560 0.017188 0.022917
0 0.864323 0.813426 0.050521 0.012037
0 0.913828 0.900000 0.150469 0.018519
0 0.988490 0.008491 0.014583 0.016981
0 0.854766 0.795833 0.051198 0.013889
0 0.877682 0.831019 0.077240 0.013889
0 0.869010 0.760648 0.059896 0.013889
0 0.070547 0.924255 0.141094 0.012231
0 0.913839 0.636616 0.150344 0.016139
0 0.026453 0.031296 0.015104 0.020370
0 0.064526 0.248556 0.015625 0.024074
0 0.913549 0.654144 0.150339 0.016139
0 0.914531 0.919792 0.170938 0.020639
0 0.060724 0.146778 0.019271 0.021296
0 0.915313 0.496759 0.154583 0.017593
0 0.911589 0.479630 0.157552 0.016667
0 0.858724 0.081481 0.025260 0.050000
