0 0.928687 0.090148 0.017708 0.026852
0 0.518560 0.062551 0.132359 0.023991
0 0.046276 0.033116 0.016781 0.018639
0 0.071161 0.033403 0.023958 0.022954
0 0.098635 0.032708 0.026135 0.018750
0 0.119917 0.032458 0.014938 0.018250
0 0.140737 0.032625 0.020370 0.019991
0 0.162539 0.033181 0.016745 0.020657
0 0.186409 0.032403 0.025495 0.022213
0 0.214378 0.031551 0.018651 0.023398
0 0.772318 0.065588 0.015083 0.023380
0 0.772557 0.090037 0.013958 0.021796
0 0.789742 0.065657 0.014922 0.024667
0 0.788734 0.090324 0.017104 0.020074
0 0.806482 0.065444 0.015328 0.027389
0 0.806281 0.091111 0.014281 0.020796
0 0.821206 0.063218 0.011536 0.022657
0 0.822091 0.089468 0.013151 0.020935
0 0.836938 0.063074 0.015083 0.017500
0 0.914849 0.249852 0.170302 0.016389
0 0.914349 0.268398 0.170302 0.016389
0 0.914349 0.285046 0.170302 0.016389
0 0.914516 0.302889 0.170302 0.016389
0 0.919487 0.391444 0.161026 0.016389
0 0.919529 0.408602 0.160943 0.016389
0 0.919818 0.425574 0.160365 0.016389
0 0.919529 0.443046 0.160943 0.016389
0 0.920034 0.460528 0.159932 0.016389
0 0.915161 0.495657 0.169677 0.016389
0 0.915161 0.513204 0.169677 0.016389
0 0.915161 0.530750 0.169677 0.016389
0 0.914859 0.549028 0.170281 0.016389
0 0.915234 0.566574 0.169531 0.016389
0 0.915013 0.583648 0.169974 0.016389
0 0.914885 0.601380 0.170229 0.016389
0 0.871227 0.636542 0.068255 0.013824
0 0.838596 0.659037 0.013068 0.023889
0 0.838784 0.681940 0.016057 0.022231
0 0.840464 0.714713 0.020167 0.029370
0 0.925263 0.654398 0.149474 0.016389
0 0.925169 0.671981 0.149661 0.016389
0 0.925589 0.689907 0.148823 0.016389
0 0.925404 0.707167 0.149193 0.016389
0 0.919385 0.976176 0.011865 0.023352
0 0.931349 0.975162 0.009521 0.019602
0 0.944393 0.976713 0.011630 0.024426
0 0.974703 0.976949 0.035979 0.031694
0 0.070362 0.926361 0.140724 0.012741
0 0.060161 0.144917 0.018219 0.021296
0 0.026776 0.036102 0.015104 0.020370
0 0.916562 0.338889 0.165417 0.016667
0 0.913880 0.917593 0.172240 0.024074
0 0.168177 0.173148 0.048854 0.020370
0 0.962823 0.009296 0.015104 0.018593
0 0.910542 0.090796 0.017708 0.026852
0 0.849823 0.620333 0.039625 0.014815
0 0.356227 0.090384 0.145151 0.026639
0 0.027758 0.195241 0.014682 0.025000
0 0.010060 0.033065 0.013422 0.018519
0 0.180036 0.863241 0.043750 0.075648
0 0.043036 0.195074 0.015385 0.025926
0 0.642469 0.091560 0.015625 0.022620
0 0.643469 0.062593 0.019792 0.025926
0 0.730422 0.063454 0.034052 0.025611
0 0.918974 0.063000 0.036979 0.025000
0 0.112667 0.062463 0.018750 0.021296
0 0.272656 0.090741 0.020313 0.025926
0 0.099448 0.198046 0.019271 0.024074
0 0.443214 0.063435 0.015625 0.024074
0 0.954167 0.081296 0.021875 0.060741
0 0.189083 0.087218 0.135479 0.024824
0 0.858698 0.080556 0.025312 0.048148
0 0.508958 0.088889 0.150208 0.024074
0 0.989156 0.009870 0.014063 0.019741
0 0.026010 0.248148 0.015625 0.024074
0 0.009542 0.248250 0.015573 0.024074
0 0.883958 0.081037 0.023958 0.053704
0 0.189341 0.064778 0.134130 0.023074
0 0.065016 0.247731 0.015104 0.024074
0 0.355372 0.063731 0.142589 0.024870
0 0.933880 0.034259 0.022969 0.024074
0 0.273099 0.064815 0.021198 0.024074
0 0.683732 0.064167 0.059724 0.023519
0 0.063021 0.726852 0.015625 0.020370
0 0.237240 0.032870 0.017188 0.019444
0 0.851302 0.320833 0.042188 0.015741
0 0.193750 0.212963 0.087500 0.018519
0 0.899740 0.976852 0.020313 0.025926
0 0.124740 0.172685 0.007812 0.017593
0 0.847656 0.373148 0.035937 0.016667
0 0.974219 0.172222 0.008854 0.014815
0 0.079427 0.145370 0.013021 0.024074
0 0.939323 0.008333 0.010937 0.016667
0 0.197396 0.173611 0.008333 0.019444
0 0.134896 0.172222 0.009375 0.020370
0 0.135156 0.560185 0.007812 0.016667
0 0.124479 0.561111 0.007292 0.016667
0 0.608594 0.078241 0.034896 0.050926
0 0.124740 0.756481 0.007812 0.016667
0 0.025781 0.145370 0.050521 0.027778
0 0.070052 0.858333 0.140104 0.027778
0 0.984375 0.171759 0.009375 0.015741
0 0.070312 0.905093 0.140625 0.026852
0 0.819531 0.174074 0.010937 0.020370
0 0.115625 0.172222 0.010417 0.020370
0 0.097135 0.146296 0.017188 0.024074
0 0.115104 0.756481 0.006250 0.016667
0 0.863021 0.978241 0.014583 0.030556
0 0.025781 0.609722 0.017188 0.019444
0 0.133073 0.145833 0.015104 0.021296
0 0.879687 0.976852 0.016667 0.027778
0 0.105990 0.756481 0.009896 0.018519
0 0.115104 0.561111 0.009375 0.018519
0 0.080469 0.662037 0.014063 0.027778
0 0.115104 0.146296 0.015625 0.024074
0 0.116406 0.194444 0.010937 0.022222
0 0.098958 0.584722 0.016667 0.021296
0 0.965885 0.171759 0.011979 0.015741
0 0.338542 0.977778 0.019792 0.027778
0 0.994792 0.172222 0.009375 0.016667
0 0.134896 0.756944 0.007292 0.017593
0 0.062500 0.195370 0.013542 0.024074
0 0.080208 0.584722 0.015625 0.019444
0 0.881510 0.199537 0.032813 0.028704
0 0.025521 0.222222 0.014583 0.024074
0 0.079948 0.194907 0.013021 0.023148
0 0.116406 0.609722 0.015104 0.023148
0 0.661458 0.980093 0.017708 0.026852
0 0.099219 0.221296 0.014063 0.022222
0 0.638542 0.980556 0.015625 0.025926
0 0.098958 0.636574 0.014583 0.025000
0 0.988802 0.146296 0.019271 0.022222
0 0.008333 0.194907 0.016667 0.025000
0 0.116927 0.221759 0.013021 0.023148
0 0.146615 0.193519 0.011979 0.022222
0 0.007812 0.584722 0.015625 0.025000
0 0.117188 0.585185 0.015625 0.020370
0 0.007812 0.298148 0.015625 0.027778
0 0.008333 0.273148 0.014583 0.024074
0 0.917708 0.200463 0.036458 0.025000
0 0.152083 0.145833 0.018750 0.025000
0 0.098958 0.610185 0.015625 0.024074
0 0.116667 0.636574 0.015625 0.025000
0 0.111198 0.089815 0.016146 0.027778
0 0.026042 0.726852 0.015625 0.020370
0 0.227083 0.146296 0.017708 0.024074
0 0.172135 0.146296 0.018229 0.025926
0 0.659375 0.089352 0.013542 0.021296
0 0.061719 0.583796 0.015104 0.021296
0 0.007812 0.610185 0.015625 0.022222
0 0.008594 0.635185 0.014063 0.024074
0 0.025521 0.584259 0.017708 0.024074
0 0.190365 0.146296 0.015104 0.025926
0 0.008073 0.700463 0.016146 0.026852
0 0.207813 0.146296 0.014583 0.024074
0 0.909896 0.034259 0.013542 0.024074
0 0.080469 0.221296 0.013021 0.022222
0 0.044010 0.222222 0.013021 0.022222
0 0.025521 0.352315 0.014583 0.025000
0 0.008073 0.351852 0.015104 0.024074
0 0.477865 0.977315 0.017188 0.026852
0 0.008333 0.727778 0.016667 0.020370
0 0.026042 0.272685 0.015625 0.025000
0 0.894531 0.034259 0.014063 0.022222
0 0.946354 0.146759 0.013542 0.021296
0 0.117188 0.701389 0.014583 0.023148
0 0.026042 0.700926 0.014583 0.025926
0 0.676562 0.088426 0.012500 0.021296
0 0.747396 0.088889 0.014583 0.022222
0 0.967708 0.146296 0.019792 0.022222
0 0.098698 0.325926 0.013021 0.025926
0 0.694792 0.088889 0.014583 0.020370
0 0.117969 0.326389 0.017188 0.023148
0 0.007812 0.325463 0.015625 0.023148
0 0.062500 0.221759 0.013542 0.023148
0 0.008073 0.663426 0.016146 0.028704
0 0.729948 0.088889 0.015104 0.024074
0 0.712240 0.088889 0.014063 0.022222
0 0.025781 0.299537 0.014063 0.025000
0 0.501302 0.977315 0.017188 0.023148
0 0.846875 0.199537 0.035417 0.028704
0 0.043750 0.584259 0.015625 0.022222
0 0.592448 0.979630 0.018229 0.031481
0 0.546615 0.977315 0.017188 0.025000
0 0.062500 0.299074 0.013542 0.024074
0 0.044271 0.352778 0.015625 0.025926
0 0.025781 0.662963 0.014063 0.029630
0 0.570052 0.978241 0.018229 0.026852
0 0.117188 0.248148 0.013542 0.025926
0 0.008594 0.221759 0.014063 0.025000
0 0.080990 0.700463 0.013021 0.023148
0 0.080469 0.325926 0.015104 0.025926
0 0.044010 0.610648 0.015104 0.023148
0 0.062500 0.662500 0.015625 0.028704
0 0.973698 0.033333 0.050521 0.025926
0 0.062240 0.325463 0.013021 0.025000
0 0.408333 0.976389 0.116667 0.034259
0 0.080729 0.247222 0.014583 0.024074
0 0.983073 0.082407 0.025521 0.064815
0 0.080469 0.610185 0.015104 0.022222
0 0.523958 0.977315 0.016667 0.025000
0 0.063281 0.700463 0.017188 0.025000
0 0.043750 0.247685 0.013542 0.023148
0 0.099219 0.701389 0.014063 0.023148
0 0.025521 0.636111 0.016667 0.024074
0 0.025521 0.325463 0.015625 0.023148
0 0.044010 0.662500 0.014063 0.028704
0 0.044271 0.700926 0.014583 0.025926
0 0.080729 0.299074 0.014583 0.024074
0 0.044010 0.273148 0.015104 0.024074
0 0.044271 0.298611 0.014583 0.025000
0 0.099479 0.300000 0.013542 0.024074
0 0.062500 0.610648 0.014583 0.021296
0 0.040885 0.083333 0.021354 0.061111
0 0.044010 0.325463 0.014063 0.023148
0 0.098437 0.247685 0.012500 0.025000
0 0.044010 0.636111 0.015104 0.025926
0 0.118490 0.300463 0.017188 0.025000
0 0.088542 0.082870 0.023958 0.060185
0 0.044531 0.726852 0.015104 0.020370
0 0.080469 0.635648 0.015104 0.025000
0 0.062500 0.272685 0.014583 0.025000
0 0.080469 0.727315 0.014063 0.023148
0 0.080469 0.272685 0.015104 0.025000
0 0.116927 0.274074 0.014063 0.022222
0 0.062240 0.636111 0.016146 0.025926
0 0.065104 0.083333 0.021875 0.059259
0 0.098698 0.273611 0.013021 0.025000
0 0.016406 0.081944 0.026562 0.062037
0 0.070312 0.830556 0.140625 0.027778
0 0.070312 0.804630 0.140625 0.027778
