0 0.062500 0.299074 0.013542 0.024074
0 0.070312 0.804630 0.140625 0.027778
0 0.070312 0.830556 0.140625 0.027778
0 0.016406 0.081944 0.026562 0.062037
0 0.098698 0.273611 0.013021 0.025000
0 0.062240 0.636111 0.016146 0.025926
0 0.080469 0.272685 0.015104 0.025000
0 0.116927 0.274074 0.014063 0.022222
0 0.065104 0.083333 0.021875 0.059259
0 0.062500 0.272685 0.014583 0.025000
0 0.080469 0.727315 0.014063 0.023148
0 0.080469 0.635648 0.015104 0.025000
0 0.118229 0.300463 0.017708 0.025000
0 0.044531 0.726852 0.015104 0.020370
0 0.044010 0.636111 0.015104 0.025926
0 0.044010 0.325463 0.014063 0.023148
0 0.062240 0.610648 0.015104 0.021296
0 0.098437 0.247685 0.012500 0.025000
0 0.088542 0.082407 0.023958 0.061111
0 0.040885 0.083333 0.021354 0.061111
0 0.044271 0.298611 0.014583 0.025000
0 0.099479 0.300000 0.013542 0.024074
0 0.044010 0.273148 0.015104 0.024074
0 0.080729 0.299074 0.014583 0.024074
0 0.025521 0.325463 0.015625 0.023148
0 0.044010 0.662500 0.014063 0.028704
0 0.044271 0.700926 0.014583 0.025926
0 0.025521 0.636111 0.016667 0.024074
0 0.512760 0.977315 0.017188 0.025000
0 0.043750 0.247685 0.013542 0.023148
0 0.099219 0.701389 0.014063 0.023148
0 0.396875 0.976389 0.116667 0.034259
0 0.983073 0.082407 0.025521 0.064815
0 0.080729 0.247222 0.014583 0.024074
0 0.063281 0.700463 0.017188 0.025000
0 0.080469 0.610185 0.015104 0.022222
0 0.043750 0.584259 0.015625 0.022222
0 0.025781 0.299537 0.014063 0.025000
0 0.729948 0.088426 0.015104 0.023148
0 0.044271 0.352778 0.015625 0.025926
0 0.603906 0.979630 0.020313 0.031481
0 0.712240 0.088889 0.014063 0.022222
0 0.117969 0.326389 0.017188 0.023148
0 0.062500 0.221759 0.013542 0.023148
0 0.490104 0.977315 0.018750 0.023148
0 0.535156 0.977315 0.017188 0.025000
0 0.008073 0.663889 0.016146 0.029630
0 0.747396 0.088889 0.014583 0.022222
0 0.967708 0.146296 0.019792 0.022222
0 0.694792 0.088889 0.014583 0.020370
0 0.007812 0.325463 0.015625 0.023148
0 0.946354 0.146296 0.013542 0.022222
0 0.676562 0.088426 0.012500 0.021296
0 0.441667 0.064815 0.015625 0.024074
0 0.672917 0.981019 0.016667 0.028704
0 0.063021 0.726852 0.015625 0.020370
0 0.008333 0.727778 0.016667 0.020370
0 0.098698 0.325463 0.013021 0.025000
0 0.117188 0.701389 0.014583 0.023148
0 0.026042 0.272685 0.015625 0.025000
0 0.026042 0.700926 0.014583 0.025926
0 0.894531 0.034259 0.014063 0.022222
0 0.909896 0.033796 0.013542 0.025000
0 0.207813 0.146296 0.014583 0.024074
0 0.008073 0.352315 0.015104 0.023148
0 0.080469 0.221296 0.013021 0.022222
0 0.044010 0.222222 0.013021 0.022222
0 0.650260 0.981481 0.017188 0.029630
0 0.190365 0.146296 0.015104 0.025926
0 0.025521 0.352315 0.014583 0.026852
0 0.008073 0.700463 0.016146 0.026852
0 0.172135 0.146296 0.018229 0.025926
0 0.465885 0.977778 0.017188 0.025926
0 0.025521 0.584259 0.017708 0.024074
0 0.627344 0.980556 0.016146 0.027778
0 0.659375 0.089352 0.013542 0.021296
0 0.110937 0.089815 0.016667 0.027778
0 0.007812 0.610185 0.015625 0.022222
0 0.227083 0.146296 0.017708 0.024074
0 0.026042 0.726852 0.015625 0.020370
0 0.116406 0.636574 0.015104 0.025000
0 0.008594 0.635185 0.014063 0.024074
0 0.061719 0.584259 0.015104 0.022222
0 0.918750 0.063426 0.036458 0.025000
0 0.327083 0.978241 0.020833 0.025000
0 0.152083 0.145833 0.018750 0.025000
0 0.098958 0.610185 0.015625 0.024074
0 0.008333 0.298148 0.015625 0.027778
0 0.917448 0.200463 0.036979 0.025000
0 0.098958 0.636574 0.014583 0.025000
0 0.988802 0.145833 0.019271 0.023148
0 0.008333 0.194907 0.016667 0.025000
0 0.146615 0.193519 0.011979 0.022222
0 0.008333 0.273148 0.014583 0.024074
0 0.116927 0.221759 0.013021 0.023148
0 0.117188 0.585185 0.015625 0.020370
0 0.098958 0.221296 0.014583 0.022222
0 0.007812 0.584722 0.015625 0.025000
0 0.879948 0.977315 0.014063 0.026852
0 0.116406 0.609722 0.015104 0.023148
0 0.025521 0.222222 0.014583 0.024074
0 0.079948 0.194907 0.013021 0.023148
0 0.846354 0.977778 0.014583 0.025926
0 0.080208 0.585185 0.015625 0.020370
0 0.062500 0.195370 0.013542 0.024074
0 0.994792 0.172222 0.009375 0.016667
0 0.973698 0.033333 0.050521 0.025926
0 0.863021 0.977315 0.015625 0.026852
0 0.116406 0.194444 0.010937 0.022222
0 0.115104 0.146296 0.015625 0.024074
0 0.080469 0.662037 0.014063 0.027778
0 0.098958 0.585185 0.016667 0.022222
0 0.115104 0.561111 0.009375 0.018519
0 0.105729 0.757407 0.010417 0.018519
0 0.070312 0.905093 0.140625 0.026852
0 0.133073 0.145833 0.015104 0.021296
0 0.025781 0.609259 0.017188 0.020370
0 0.115104 0.756481 0.006250 0.016667
0 0.115625 0.172222 0.010417 0.020370
0 0.819531 0.174074 0.010937 0.020370
0 0.984375 0.171296 0.009375 0.016667
0 0.070052 0.858333 0.140104 0.027778
0 0.025781 0.145370 0.050521 0.027778
0 0.124740 0.756481 0.007812 0.016667
0 0.608594 0.077778 0.034896 0.051852
0 0.124479 0.561111 0.007292 0.016667
0 0.197656 0.173611 0.008854 0.019444
0 0.136198 0.757407 0.006771 0.022222
0 0.135156 0.560185 0.007812 0.016667
0 0.846875 0.199537 0.035417 0.028704
0 0.134896 0.172222 0.009375 0.020370
0 0.939323 0.008333 0.010937 0.016667
0 0.079167 0.145370 0.013542 0.024074
0 0.189583 0.212500 0.077083 0.019444
0 0.847656 0.373148 0.035937 0.016667
0 0.124740 0.172685 0.007812 0.017593
0 0.899479 0.977315 0.021875 0.026852
0 0.851302 0.320833 0.042188 0.015741
0 0.558594 0.978241 0.019271 0.026852
0 0.044010 0.610648 0.015104 0.023148
0 0.062240 0.325463 0.013021 0.025000
0 0.008594 0.221759 0.014063 0.025000
0 0.117188 0.248148 0.013542 0.025926
0 0.080469 0.326389 0.015104 0.025000
0 0.080990 0.700463 0.013021 0.023148
0 0.062500 0.662500 0.015625 0.028704
0 0.025781 0.662963 0.014063 0.029630
0 0.580729 0.979167 0.018750 0.030556
0 0.925693 0.706667 0.148615 0.016389
0 0.355302 0.062921 0.143250 0.025287
0 0.919674 0.442435 0.160651 0.016389
0 0.884495 0.080102 0.023958 0.053704
0 0.919674 0.460287 0.160651 0.016389
0 0.914667 0.495231 0.168375 0.016389
0 0.914229 0.512713 0.168375 0.016389
0 0.189615 0.064583 0.132646 0.022685
0 0.914667 0.530704 0.168375 0.016389
0 0.064755 0.248509 0.015625 0.024074
0 0.914995 0.549907 0.168375 0.016389
0 0.932682 0.034259 0.020573 0.024074
0 0.914661 0.567157 0.168375 0.016389
0 0.272786 0.064352 0.020573 0.025000
0 0.026312 0.032093 0.015104 0.020370
0 0.061135 0.147296 0.017208 0.021296
0 0.070591 0.924551 0.139339 0.013676
0 0.882008 0.198620 0.031974 0.028019
0 0.683638 0.063546 0.059078 0.022833
0 0.839755 0.715741 0.018229 0.028704
0 0.917188 0.338889 0.165625 0.016667
0 0.914089 0.917593 0.171823 0.022222
0 0.918883 0.975625 0.012120 0.026435
0 0.974969 0.172000 0.008854 0.014815
0 0.928667 0.089491 0.017188 0.028704
0 0.944247 0.976292 0.012620 0.020657
0 0.168047 0.172222 0.048594 0.020370
0 0.909896 0.089324 0.017708 0.026852
0 0.964161 0.008648 0.015625 0.017296
0 0.355490 0.088838 0.144958 0.025102
0 0.871901 0.637037 0.066719 0.014815
0 0.027344 0.195833 0.016146 0.025000
0 0.008984 0.031991 0.013490 0.018519
0 0.964260 0.171537 0.011979 0.015741
0 0.181214 0.863005 0.043385 0.076750
0 0.932253 0.976847 0.010370 0.023102
0 0.044732 0.194907 0.016339 0.025000
0 0.975427 0.977847 0.039740 0.033102
0 0.642573 0.090074 0.016146 0.025926
0 0.837609 0.656977 0.012875 0.019991
0 0.643536 0.062935 0.019792 0.026852
0 0.730607 0.063935 0.034307 0.023981
0 0.837297 0.678856 0.014000 0.020213
0 0.112437 0.061870 0.018750 0.021296
0 0.100000 0.196824 0.019792 0.024074
0 0.272526 0.089815 0.020052 0.024074
0 0.954167 0.081944 0.021875 0.062037
0 0.046242 0.032574 0.018391 0.017593
0 0.070557 0.034731 0.022958 0.017259
0 0.097065 0.033069 0.022964 0.017917
0 0.119234 0.032903 0.016708 0.018250
0 0.140518 0.032907 0.017641 0.016926
0 0.162107 0.033588 0.013953 0.018935
0 0.186672 0.032796 0.026781 0.019648
0 0.214867 0.032296 0.021057 0.019222
0 0.914323 0.584407 0.168375 0.016389
0 0.237667 0.033491 0.019115 0.020741
0 0.925195 0.655139 0.148964 0.017759
0 0.772333 0.064319 0.012885 0.024565
0 0.772940 0.089625 0.016151 0.022065
0 0.913990 0.601657 0.168375 0.016389
0 0.788341 0.063907 0.016526 0.021074
0 0.847687 0.619958 0.035750 0.014435
0 0.859167 0.081019 0.024375 0.049074
0 0.510234 0.088889 0.152760 0.024074
0 0.925193 0.672676 0.149615 0.016389
0 0.189323 0.087731 0.133021 0.025463
0 0.517083 0.065000 0.135208 0.021852
0 0.987802 0.008250 0.014583 0.016500
0 0.788760 0.089130 0.014375 0.021407
0 0.805797 0.064236 0.013719 0.023398
0 0.805747 0.089292 0.015682 0.021731
0 0.925443 0.688889 0.149115 0.016389
0 0.027312 0.248917 0.015625 0.024074
0 0.820638 0.063407 0.011297 0.022074
0 0.821758 0.088130 0.013349 0.021741
0 0.837206 0.063241 0.014745 0.016093
0 0.914719 0.250361 0.168375 0.016389
0 0.914125 0.268546 0.168375 0.016389
0 0.008828 0.247481 0.016719 0.024074
0 0.913792 0.285194 0.168375 0.016389
0 0.913958 0.303037 0.168375 0.016389
0 0.919924 0.391583 0.160151 0.016389
0 0.919367 0.407343 0.159703 0.016389
0 0.919508 0.424593 0.160984 0.016389
