0 0.881250 0.199537 0.032292 0.028704
0 0.846354 0.977778 0.014583 0.025926
0 0.080208 0.585185 0.015625 0.020370
0 0.134896 0.756944 0.007292 0.017593
0 0.062500 0.195370 0.013542 0.024074
0 0.994792 0.172222 0.009375 0.016667
0 0.863021 0.977315 0.015625 0.026852
0 0.965885 0.172222 0.011979 0.016667
0 0.116406 0.194444 0.010937 0.022222
0 0.115365 0.146296 0.016146 0.024074
0 0.603906 0.979630 0.020313 0.031481
0 0.117969 0.326389 0.017188 0.023148
0 0.712240 0.088889 0.014063 0.022222
0 0.044271 0.352778 0.015625 0.025926
0 0.062500 0.221759 0.013542 0.023148
0 0.490104 0.977315 0.018750 0.023148
0 0.043750 0.584259 0.015625 0.022222
0 0.025781 0.299537 0.014063 0.025000
0 0.062500 0.299074 0.013542 0.024074
0 0.846875 0.199537 0.035417 0.028704
0 0.580729 0.979167 0.018750 0.030556
0 0.080469 0.325926 0.015104 0.025926
0 0.062500 0.662500 0.015625 0.028704
0 0.025781 0.662963 0.014063 0.029630
0 0.080990 0.700463 0.013021 0.023148
0 0.396875 0.976389 0.116667 0.034259
0 0.062240 0.325463 0.013021 0.025000
0 0.117188 0.248148 0.013542 0.025926
0 0.008594 0.221759 0.014063 0.025000
0 0.044010 0.610648 0.015104 0.023148
0 0.558594 0.978241 0.019271 0.026852
0 0.973698 0.033333 0.050521 0.025926
0 0.080469 0.610185 0.015104 0.022222
0 0.883333 0.081481 0.023958 0.053704
0 0.063281 0.700463 0.017188 0.025000
0 0.983073 0.082870 0.025521 0.065741
0 0.099219 0.701389 0.014063 0.023148
0 0.512760 0.977315 0.017188 0.025000
0 0.043750 0.247685 0.013542 0.023148
0 0.025521 0.636111 0.016667 0.024074
0 0.044271 0.700926 0.014583 0.025926
0 0.044010 0.662500 0.014063 0.028704
0 0.025521 0.325463 0.015625 0.023148
0 0.080729 0.299074 0.014583 0.024074
0 0.044010 0.273148 0.015104 0.024074
0 0.099479 0.300000 0.013542 0.024074
0 0.044271 0.298611 0.014583 0.025000
0 0.088542 0.082407 0.023958 0.061111
0 0.044531 0.726852 0.015104 0.020370
0 0.098437 0.247685 0.012500 0.025000
0 0.040885 0.083333 0.021354 0.061111
0 0.062240 0.610648 0.015104 0.021296
0 0.044010 0.636111 0.015104 0.025926
0 0.044010 0.325463 0.014063 0.023148
0 0.118229 0.300463 0.017708 0.025000
0 0.080469 0.635648 0.015104 0.025000
0 0.080469 0.727315 0.014063 0.023148
0 0.062500 0.272685 0.014583 0.025000
0 0.065104 0.083333 0.021875 0.059259
0 0.116927 0.274074 0.014063 0.022222
0 0.080469 0.272685 0.015104 0.025000
0 0.062240 0.636111 0.016146 0.025926
0 0.098698 0.273611 0.013021 0.025000
0 0.016406 0.081944 0.026562 0.062037
0 0.070573 0.830556 0.141146 0.027778
0 0.070573 0.804630 0.141146 0.027778
0 0.535156 0.977315 0.017188 0.025000
0 0.008073 0.663889 0.016146 0.029630
0 0.747396 0.088889 0.014583 0.022222
0 0.967708 0.146296 0.019792 0.022222
0 0.946354 0.146296 0.013542 0.022222
0 0.080469 0.662037 0.014063 0.027778
0 0.098958 0.585185 0.016667 0.022222
0 0.105729 0.757407 0.010417 0.018519
0 0.115104 0.561111 0.009375 0.018519
0 0.133073 0.145833 0.015104 0.021296
0 0.070312 0.905093 0.140625 0.026852
0 0.025781 0.609259 0.017188 0.020370
0 0.115104 0.756481 0.006250 0.016667
0 0.115625 0.172222 0.010417 0.020370
0 0.097135 0.146296 0.017188 0.024074
0 0.070052 0.857870 0.140104 0.026852
0 0.819531 0.174074 0.011979 0.020370
0 0.984375 0.171296 0.009375 0.016667
0 0.025781 0.145370 0.050521 0.027778
0 0.124740 0.756481 0.007812 0.016667
0 0.608594 0.077778 0.034896 0.051852
0 0.124479 0.561111 0.007292 0.016667
0 0.197656 0.173611 0.008854 0.019444
0 0.135156 0.560185 0.007812 0.016667
0 0.134896 0.172222 0.009375 0.020370
0 0.939323 0.008333 0.010937 0.016667
0 0.079167 0.145370 0.013542 0.024074
0 0.974219 0.172222 0.008854 0.014815
0 0.189583 0.212500 0.077083 0.019444
0 0.124740 0.172685 0.007812 0.017593
0 0.847656 0.373148 0.035937 0.016667
0 0.899740 0.977315 0.021354 0.026852
0 0.851302 0.320833 0.042188 0.015741
0 0.025521 0.584259 0.017708 0.024074
0 0.627344 0.980556 0.016146 0.027778
0 0.110937 0.089815 0.016667 0.027778
0 0.026042 0.726852 0.015625 0.020370
0 0.061719 0.584259 0.015104 0.022222
0 0.007812 0.610185 0.015625 0.022222
0 0.008594 0.635185 0.014063 0.024074
0 0.659375 0.089352 0.013542 0.021296
0 0.152083 0.145833 0.018750 0.025000
0 0.008073 0.298148 0.016146 0.027778
0 0.327083 0.978241 0.020833 0.025000
0 0.098958 0.636574 0.014583 0.025000
0 0.098958 0.610185 0.015625 0.024074
0 0.988802 0.145833 0.019271 0.023148
0 0.917448 0.200463 0.036979 0.025000
0 0.008333 0.194907 0.016667 0.025000
0 0.729948 0.088889 0.015104 0.024074
0 0.146615 0.193519 0.011979 0.022222
0 0.008333 0.273148 0.014583 0.024074
0 0.116927 0.221759 0.013021 0.023148
0 0.117188 0.585185 0.015625 0.020370
0 0.098958 0.221296 0.014583 0.022222
0 0.007812 0.584722 0.015625 0.025000
0 0.879948 0.977315 0.014063 0.026852
0 0.025521 0.222222 0.014583 0.024074
0 0.116406 0.609722 0.015104 0.023148
0 0.079948 0.194907 0.013021 0.023148
0 0.098698 0.325463 0.013021 0.025000
0 0.008073 0.351852 0.015104 0.024074
0 0.909896 0.033796 0.013542 0.025000
0 0.080469 0.221296 0.013021 0.022222
0 0.190365 0.146296 0.015104 0.025926
0 0.044010 0.222222 0.013021 0.022222
0 0.650260 0.981481 0.017188 0.029630
0 0.025521 0.352315 0.014583 0.026852
0 0.008073 0.700463 0.016146 0.026852
0 0.172135 0.146296 0.018229 0.025926
0 0.465885 0.977778 0.017188 0.025926
0 0.227344 0.146296 0.018229 0.024074
0 0.116406 0.636574 0.015104 0.025000
0 0.007812 0.325463 0.015625 0.023148
0 0.441667 0.064815 0.015625 0.024074
0 0.694792 0.088889 0.014583 0.020370
0 0.676562 0.088426 0.012500 0.021296
0 0.008333 0.727778 0.016667 0.020370
0 0.672917 0.981019 0.016667 0.028704
0 0.063021 0.726852 0.015625 0.020370
0 0.117188 0.701389 0.014583 0.023148
0 0.026042 0.700926 0.014583 0.025926
0 0.207813 0.146296 0.014583 0.024074
0 0.894531 0.034259 0.014063 0.022222
0 0.914451 0.303898 0.171099 0.017593
0 0.070453 0.924870 0.140906 0.012741
0 0.945331 0.976227 0.015078 0.026269
0 0.932492 0.975037 0.009401 0.024944
0 0.919885 0.977287 0.011958 0.028926
0 0.925120 0.711273 0.149760 0.017676
0 0.925419 0.692444 0.149161 0.017667
0 0.925620 0.674681 0.148760 0.017676
0 0.806417 0.088856 0.014063 0.022620
0 0.925919 0.656565 0.148161 0.017667
0 0.835469 0.714944 0.010719 0.035352
0 0.838956 0.681995 0.016141 0.024565
0 0.838964 0.658579 0.012771 0.019972
0 0.872305 0.637333 0.067943 0.016593
0 0.914698 0.601745 0.169719 0.017676
0 0.914930 0.583005 0.169714 0.017676
0 0.914930 0.565949 0.169714 0.015565
0 0.915141 0.549713 0.169719 0.015574
0 0.915417 0.533315 0.169167 0.017593
0 0.821763 0.062069 0.011943 0.023417
0 0.837810 0.063319 0.012526 0.018361
0 0.046417 0.032380 0.018000 0.017778
0 0.025865 0.272319 0.015625 0.022602
0 0.913135 0.268194 0.171146 0.017593
0 0.954167 0.081759 0.021875 0.061667
0 0.789289 0.089282 0.015495 0.022269
0 0.988620 0.010292 0.014583 0.020583
0 0.909896 0.089634 0.017708 0.022583
0 0.167135 0.172222 0.046771 0.020370
0 0.355615 0.063546 0.144812 0.023759
0 0.027589 0.248148 0.015625 0.024074
0 0.928984 0.089639 0.017188 0.025167
0 0.913333 0.917593 0.173333 0.022222
0 0.009539 0.248454 0.018036 0.024074
0 0.190570 0.064352 0.132297 0.023148
0 0.806529 0.063556 0.014953 0.025204
0 0.082958 0.247417 0.014583 0.024074
0 0.064693 0.248213 0.015625 0.024074
0 0.918646 0.337963 0.162708 0.018519
0 0.933776 0.034259 0.022760 0.024074
0 0.027312 0.032000 0.015104 0.020370
0 0.976091 0.976023 0.036047 0.033343
0 0.272786 0.064352 0.021615 0.025000
0 0.684411 0.063079 0.058990 0.023565
0 0.913698 0.250463 0.171146 0.017593
0 0.915417 0.516241 0.169167 0.017593
0 0.915417 0.498463 0.169167 0.017593
0 0.070419 0.034333 0.023203 0.019556
0 0.097823 0.032023 0.022406 0.018491
0 0.118826 0.031662 0.014401 0.018491
0 0.139331 0.031130 0.019401 0.022407
0 0.161773 0.031204 0.018005 0.025241
0 0.188279 0.031560 0.030203 0.025250
0 0.919815 0.461269 0.160370 0.017593
0 0.215081 0.032093 0.023401 0.021333
0 0.239086 0.032981 0.022203 0.022407
0 0.920016 0.444204 0.159969 0.017593
0 0.962599 0.009296 0.016146 0.018593
0 0.355956 0.088866 0.144547 0.025602
0 0.850073 0.621398 0.037875 0.014815
0 0.027635 0.196630 0.017031 0.025000
0 0.772310 0.064032 0.014078 0.021343
0 0.920016 0.426426 0.159969 0.017593
0 0.009534 0.032907 0.014682 0.018519
0 0.644589 0.064611 0.018010 0.022222
0 0.045151 0.195241 0.015521 0.025000
0 0.919516 0.409000 0.160969 0.017593
0 0.179349 0.863028 0.045729 0.084630
0 0.731172 0.064366 0.034219 0.023731
0 0.919490 0.063426 0.036979 0.025000
0 0.112130 0.062630 0.018750 0.021296
0 0.642102 0.089000 0.014099 0.021444
0 0.100000 0.196565 0.019792 0.024074
0 0.272943 0.090278 0.020885 0.025000
0 0.510547 0.088889 0.153385 0.024074
0 0.919716 0.391222 0.160568 0.017593
0 0.858984 0.081019 0.024740 0.049074
0 0.189292 0.087667 0.135271 0.023741
0 0.518341 0.065384 0.132901 0.022991
0 0.061703 0.145556 0.019271 0.019444
0 0.914208 0.285806 0.171146 0.017593
0 0.772630 0.088940 0.014979 0.021583
0 0.789549 0.064838 0.014203 0.021583
0 0.821875 0.087069 0.014625 0.022620
