0 0.664271 0.400463 0.352708 0.026852
0 0.664734 0.374074 0.350000 0.025648
0 0.517891 0.637963 0.051406 0.018519
0 0.563073 0.493981 0.144687 0.023148
0 0.665109 0.346843 0.350000 0.025648
0 0.665599 0.552153 0.347969 0.023657
0 0.594844 0.425463 0.212396 0.025000
0 0.667682 0.470889 0.349948 0.018519
0 0.570312 0.521093 0.164687 0.024074
0 0.814583 0.293056 0.046875 0.025000
0 0.707812 0.604630 0.048958 0.024074
0 0.815885 0.579630 0.045312 0.024074
0 0.762500 0.604167 0.052083 0.023148
0 0.710938 0.634722 0.077083 0.025000
0 0.815365 0.604167 0.045312 0.023148
0 0.816667 0.318981 0.042708 0.025000
0 0.796354 0.634722 0.084375 0.025000
0 0.817448 0.815278 0.042188 0.025000
0 0.770052 0.814815 0.041146 0.025926
0 0.835156 0.261574 0.011979 0.023148
0 0.658854 0.293519 0.242708 0.025926
0 0.810156 0.261574 0.007812 0.019444
