0 0.105990 0.756481 0.009896 0.018519
0 0.965365 0.171759 0.010937 0.015741
0 0.994792 0.172222 0.009375 0.016667
0 0.116667 0.195370 0.011458 0.022222
0 0.134896 0.756944 0.007292 0.017593
0 0.098958 0.585185 0.016667 0.022222
0 0.115365 0.146296 0.016146 0.024074
0 0.115104 0.561111 0.009375 0.018519
0 0.846615 0.978241 0.014063 0.023148
0 0.080208 0.584722 0.015625 0.021296
0 0.641927 0.089815 0.015104 0.022222
0 0.062500 0.195370 0.013542 0.024074
0 0.881250 0.199537 0.032292 0.028704
0 0.116146 0.609722 0.015625 0.023148
0 0.988802 0.145370 0.019271 0.022222
0 0.025521 0.222222 0.015625 0.024074
0 0.917448 0.200000 0.035937 0.024074
0 0.079948 0.194907 0.013021 0.023148
0 0.008073 0.584259 0.016146 0.025926
0 0.098958 0.221296 0.014583 0.022222
0 0.116927 0.221759 0.013021 0.023148
0 0.918750 0.063426 0.036458 0.025000
0 0.098958 0.636111 0.015625 0.024074
0 0.008073 0.610185 0.016146 0.022222
0 0.227083 0.146296 0.017708 0.024074
0 0.099219 0.610185 0.016146 0.024074
0 0.146615 0.193519 0.011979 0.022222
0 0.008333 0.194907 0.016667 0.025000
0 0.026042 0.726852 0.015625 0.020370
0 0.008073 0.297685 0.016146 0.026852
0 0.152083 0.145833 0.018750 0.025000
0 0.008333 0.273148 0.014583 0.024074
0 0.116667 0.636574 0.015625 0.025000
0 0.117188 0.584722 0.015625 0.021296
0 0.110937 0.089815 0.016667 0.027778
0 0.172135 0.146296 0.018229 0.025926
0 0.627083 0.980556 0.016667 0.027778
0 0.008594 0.635648 0.014063 0.025000
0 0.061719 0.584259 0.015104 0.022222
0 0.008333 0.700463 0.016667 0.026852
0 0.025781 0.584259 0.017188 0.024074
0 0.846875 0.199537 0.035417 0.028704
0 0.135156 0.560185 0.007812 0.016667
0 0.946354 0.146759 0.013542 0.023148
0 0.207813 0.146296 0.014583 0.024074
0 0.967708 0.145833 0.019792 0.023148
0 0.190365 0.146296 0.015104 0.025926
0 0.026042 0.700926 0.014583 0.025926
0 0.043750 0.222222 0.013542 0.022222
0 0.659375 0.088426 0.013542 0.021296
0 0.080469 0.221296 0.013021 0.022222
0 0.008333 0.727778 0.016667 0.020370
0 0.008073 0.352315 0.015104 0.023148
0 0.327344 0.978241 0.021354 0.025000
0 0.025521 0.352315 0.014583 0.025000
0 0.650260 0.981019 0.017188 0.028704
0 0.466146 0.978241 0.017708 0.026852
0 0.909896 0.034259 0.013542 0.025926
0 0.063281 0.726852 0.016146 0.020370
0 0.062500 0.662500 0.015625 0.028704
0 0.117188 0.701389 0.014583 0.023148
0 0.026042 0.272685 0.015625 0.025000
0 0.062240 0.221759 0.014063 0.023148
0 0.604167 0.979630 0.020833 0.031481
0 0.008073 0.663889 0.016146 0.029630
0 0.441667 0.064815 0.015625 0.024074
0 0.673177 0.981019 0.017188 0.028704
0 0.988021 0.010648 0.014583 0.021296
0 0.676562 0.087963 0.012500 0.022222
0 0.117969 0.326389 0.017188 0.023148
0 0.534896 0.977315 0.017708 0.025000
0 0.580729 0.979167 0.018750 0.030556
0 0.490104 0.977315 0.018750 0.023148
0 0.025781 0.299537 0.014063 0.025000
0 0.098698 0.325463 0.013021 0.025000
0 0.007812 0.325463 0.015625 0.023148
0 0.043750 0.584259 0.015625 0.022222
0 0.025781 0.662963 0.014063 0.029630
0 0.062500 0.299074 0.013542 0.024074
0 0.044010 0.610648 0.015104 0.023148
0 0.117448 0.248148 0.014063 0.025926
0 0.044271 0.352778 0.015625 0.025926
0 0.729948 0.088889 0.015104 0.022222
0 0.080990 0.700463 0.013021 0.023148
0 0.008594 0.221759 0.014063 0.025000
0 0.883073 0.082407 0.024479 0.055556
0 0.747396 0.088889 0.014583 0.022222
0 0.063281 0.700463 0.017188 0.025000
0 0.080469 0.610185 0.015104 0.022222
0 0.558333 0.978241 0.018750 0.026852
0 0.044010 0.247685 0.014063 0.023148
0 0.062240 0.325463 0.013021 0.025000
0 0.044010 0.662500 0.014063 0.028704
0 0.044271 0.700926 0.014583 0.025926
0 0.080469 0.326389 0.015104 0.025000
0 0.025260 0.636111 0.017188 0.024074
0 0.973437 0.033333 0.051042 0.025926
0 0.512500 0.977315 0.017708 0.025000
0 0.982812 0.081944 0.026042 0.063889
0 0.694792 0.088426 0.017708 0.023148
0 0.099219 0.701389 0.014063 0.023148
0 0.711979 0.088426 0.013542 0.023148
0 0.025521 0.325463 0.015625 0.023148
0 0.044010 0.273148 0.015104 0.024074
0 0.062240 0.610648 0.015104 0.021296
0 0.080729 0.299074 0.014583 0.024074
0 0.044271 0.298611 0.014583 0.025000
0 0.044010 0.636574 0.015104 0.025000
0 0.098437 0.247685 0.012500 0.025000
0 0.040885 0.083333 0.021354 0.061111
0 0.099479 0.300000 0.013542 0.024074
0 0.080469 0.727315 0.014063 0.023148
0 0.044010 0.325463 0.014063 0.023148
0 0.044531 0.726852 0.016146 0.020370
0 0.118229 0.300463 0.017708 0.025000
0 0.396875 0.976389 0.116667 0.034259
0 0.080469 0.635648 0.015104 0.025000
0 0.062760 0.272685 0.015104 0.025000
0 0.088542 0.082407 0.023958 0.061111
0 0.080469 0.272685 0.015104 0.025000
0 0.062240 0.636111 0.016146 0.025926
0 0.116927 0.274074 0.014063 0.022222
0 0.065104 0.083333 0.021875 0.059259
0 0.098698 0.273611 0.013021 0.025000
0 0.016406 0.081944 0.026562 0.062037
0 0.070573 0.830556 0.141146 0.027778
0 0.135156 0.172222 0.009896 0.020370
0 0.070312 0.804630 0.140625 0.027778
0 0.079427 0.145833 0.014063 0.025000
0 0.197396 0.173611 0.008333 0.019444
0 0.974479 0.172222 0.008333 0.014815
0 0.939323 0.008333 0.010937 0.016667
0 0.608594 0.077315 0.034896 0.054630
0 0.124740 0.173148 0.007812 0.018519
0 0.193750 0.212963 0.087500 0.018519
0 0.846615 0.461574 0.034896 0.019444
0 0.864323 0.514352 0.051562 0.015741
0 0.944792 0.976389 0.013542 0.026852
0 0.899740 0.977315 0.022396 0.025000
0 0.919010 0.976389 0.013021 0.025000
0 0.894531 0.034259 0.014063 0.022222
0 0.124479 0.560648 0.007292 0.017593
0 0.961458 0.010185 0.014583 0.020370
0 0.124740 0.756481 0.007812 0.016667
0 0.984375 0.171296 0.009375 0.016667
0 0.025781 0.145370 0.050521 0.027778
0 0.115625 0.172222 0.010417 0.020370
0 0.115365 0.756481 0.006771 0.016667
0 0.097135 0.145833 0.017188 0.025000
0 0.818750 0.173611 0.013542 0.021296
0 0.025781 0.609259 0.018229 0.020370
0 0.348438 0.977778 0.017708 0.029630
0 0.863021 0.978241 0.015625 0.026852
0 0.133073 0.146296 0.015104 0.022222
0 0.879948 0.977778 0.014063 0.024074
0 0.080469 0.662037 0.014063 0.027778
0 0.913852 0.724593 0.152682 0.016537
0 0.914000 0.707343 0.152688 0.016537
0 0.189664 0.064352 0.133172 0.023148
0 0.684018 0.063843 0.060401 0.024167
0 0.932161 0.034259 0.019531 0.024074
0 0.354854 0.063690 0.142896 0.024417
0 0.914000 0.690093 0.152688 0.016537
0 0.913484 0.656551 0.153354 0.017657
0 0.272656 0.064815 0.020313 0.024074
0 0.910047 0.090139 0.017708 0.024167
0 0.859193 0.081481 0.024323 0.050000
0 0.914107 0.638579 0.153349 0.017657
0 0.913711 0.673347 0.152682 0.016546
0 0.069792 0.858333 0.139583 0.024074
0 0.167344 0.172685 0.047188 0.021296
0 0.855521 0.795833 0.052708 0.013889
0 0.070755 0.032875 0.022635 0.018435
0 0.097961 0.031398 0.023307 0.019056
0 0.119870 0.032588 0.015833 0.018620
0 0.140677 0.032565 0.018031 0.021778
0 0.162411 0.032153 0.017573 0.022602
0 0.878281 0.831019 0.078437 0.013889
0 0.099307 0.197204 0.019792 0.024074
0 0.046669 0.032292 0.014609 0.019213
0 0.186104 0.032000 0.026427 0.024870
0 0.214326 0.031574 0.021589 0.018426
0 0.869531 0.760648 0.060937 0.013889
0 0.272995 0.090741 0.020990 0.025926
0 0.236003 0.032648 0.017964 0.020574
0 0.772742 0.063440 0.014161 0.024380
0 0.773354 0.090796 0.014719 0.023981
0 0.914635 0.619907 0.154271 0.017593
0 0.509714 0.088889 0.151719 0.024074
0 0.863646 0.425463 0.067917 0.015741
0 0.913073 0.585185 0.153229 0.018519
0 0.909792 0.408204 0.159323 0.016389
0 0.789245 0.063542 0.013719 0.025380
0 0.112839 0.063426 0.018750 0.021296
0 0.913724 0.496759 0.151406 0.017593
0 0.788854 0.089009 0.014719 0.022796
0 0.806305 0.063440 0.015057 0.025176
0 0.805302 0.088718 0.014604 0.022991
0 0.643349 0.063083 0.019792 0.023148
0 0.822029 0.063144 0.012599 0.024176
0 0.819966 0.087231 0.012266 0.021611
0 0.027932 0.032907 0.015104 0.020370
0 0.837917 0.063343 0.015385 0.020611
0 0.910875 0.286444 0.158333 0.018815
0 0.027396 0.195833 0.016250 0.025000
0 0.910417 0.251204 0.158333 0.017963
0 0.913594 0.742593 0.153021 0.018519
0 0.911573 0.303690 0.158333 0.017991
0 0.910646 0.320963 0.158333 0.017963
0 0.909490 0.338639 0.158333 0.017963
0 0.731438 0.064014 0.034000 0.024880
0 0.518057 0.064338 0.133365 0.022565
0 0.910182 0.356731 0.158333 0.017963
0 0.909557 0.374403 0.158333 0.016380
0 0.909229 0.390130 0.158333 0.017963
0 0.909724 0.442963 0.159927 0.017963
0 0.181646 0.861454 0.044375 0.076389
0 0.189406 0.087671 0.134729 0.025954
0 0.027260 0.247685 0.016146 0.023148
0 0.953906 0.078889 0.022396 0.055926
0 0.858333 0.865741 0.039583 0.012963
0 0.044258 0.196389 0.015703 0.025926
0 0.913802 0.919847 0.170208 0.023083
0 0.911276 0.479630 0.156927 0.016667
0 0.879062 0.848148 0.080000 0.012963
0 0.913690 0.602278 0.153766 0.015259
0 0.009094 0.034741 0.014729 0.018519
0 0.912599 0.565935 0.156865 0.018333
0 0.355263 0.088611 0.145099 0.027222
0 0.060107 0.145588 0.016724 0.020620
0 0.070974 0.926394 0.141948 0.014380
0 0.071083 0.905634 0.139885 0.022194
0 0.912760 0.900000 0.152604 0.018519
0 0.975497 0.976546 0.037766 0.031056
0 0.868932 0.813426 0.059740 0.012037
0 0.928833 0.088843 0.017188 0.027130
0 0.931977 0.975620 0.008943 0.018574
0 0.064583 0.247620 0.015625 0.024074
0 0.081844 0.247222 0.014583 0.024074
0 0.009854 0.248019 0.016510 0.024074
0 0.875682 0.883639 0.075375 0.014463
0 0.882964 0.776759 0.092719 0.013889
