0 0.500000 0.900896 1.000000 0.025756
0 0.501094 0.114782 0.997812 0.023516
0 0.501297 0.157279 0.997406 0.021165
0 0.502031 0.093505 0.995937 0.021277
0 0.499688 0.134770 0.999375 0.017917
0 0.397313 0.974166 0.111250 0.024636
0 0.842906 0.975258 0.260437 0.039922
0 0.097437 0.177402 0.194875 0.023516
0 0.506250 0.033595 0.218750 0.026876
0 0.282813 0.032475 0.178125 0.026876
0 0.512500 0.973124 0.068750 0.022396
0 0.092188 0.031915 0.184375 0.030235
0 0.928125 0.064390 0.100000 0.021277
0 0.812500 0.064390 0.093750 0.021277
0 0.587500 0.972564 0.062500 0.021277
0 0.665625 0.972564 0.062500 0.021277
0 0.178125 0.972564 0.075000 0.021277
0 0.276562 0.972564 0.065625 0.023516
0 0.225000 0.199328 0.393750 0.022396
0 0.075000 0.972564 0.081250 0.030235
0 0.054688 0.199328 0.053125 0.022396
0 0.000000 0.010078 0.000000 0.020157
