0 0.088542 0.082407 0.023958 0.061111
0 0.070573 0.804630 0.141146 0.027778
0 0.070573 0.830556 0.141146 0.027778
0 0.016406 0.081944 0.026562 0.062037
0 0.098698 0.273611 0.013021 0.025000
0 0.062240 0.636111 0.016146 0.025926
0 0.065104 0.083333 0.021875 0.061111
0 0.116927 0.273611 0.014063 0.023148
0 0.080469 0.272685 0.015104 0.025000
0 0.080469 0.635648 0.015104 0.025000
0 0.396875 0.976389 0.116667 0.034259
0 0.062760 0.272685 0.015104 0.025000
0 0.080469 0.727315 0.014063 0.023148
0 0.044010 0.325926 0.014063 0.024074
0 0.118229 0.300463 0.017708 0.025000
0 0.380990 0.147222 0.014063 0.020370
0 0.044010 0.636111 0.015104 0.025926
0 0.062240 0.610648 0.015104 0.021296
0 0.040885 0.083333 0.021354 0.061111
0 0.044531 0.726852 0.016146 0.020370
0 0.044271 0.298611 0.014583 0.025000
0 0.098437 0.247685 0.012500 0.025000
0 0.099479 0.299537 0.013542 0.025000
0 0.983073 0.081481 0.025521 0.062963
0 0.025521 0.325463 0.015625 0.023148
0 0.512760 0.977315 0.017188 0.025000
0 0.044010 0.662500 0.014063 0.028704
0 0.080729 0.299074 0.014583 0.024074
0 0.711979 0.088426 0.013542 0.023148
0 0.044010 0.273148 0.015104 0.024074
0 0.694792 0.088426 0.017708 0.023148
0 0.025260 0.636111 0.017188 0.024074
0 0.099219 0.701389 0.014063 0.023148
0 0.044271 0.700926 0.014583 0.025926
0 0.008594 0.221759 0.014063 0.025000
0 0.080469 0.610185 0.015104 0.022222
0 0.043750 0.247685 0.013542 0.023148
0 0.747396 0.088889 0.014583 0.022222
0 0.080729 0.247222 0.014583 0.024074
0 0.883333 0.081944 0.023958 0.054630
0 0.441667 0.064815 0.015625 0.024074
0 0.558333 0.977778 0.018750 0.027778
0 0.063281 0.700463 0.017188 0.025000
0 0.025781 0.662963 0.014063 0.029630
0 0.729948 0.088889 0.015104 0.022222
0 0.080469 0.326389 0.015104 0.025000
0 0.080990 0.700463 0.013021 0.023148
0 0.044010 0.610648 0.015104 0.023148
0 0.062500 0.662500 0.015625 0.028704
0 0.973437 0.033333 0.051042 0.025926
0 0.062240 0.325463 0.013021 0.025000
0 0.490104 0.976852 0.018750 0.024074
0 0.008073 0.663426 0.016146 0.030556
0 0.117448 0.248148 0.014063 0.025926
0 0.025781 0.299537 0.014063 0.025000
0 0.580729 0.979167 0.018750 0.030556
0 0.043750 0.584259 0.015625 0.022222
0 0.534896 0.977778 0.017708 0.025926
0 0.062760 0.299074 0.014063 0.024074
0 0.117969 0.326389 0.017188 0.023148
0 0.988021 0.010648 0.014583 0.021296
0 0.044271 0.352778 0.015625 0.025926
0 0.672917 0.981019 0.016667 0.028704
0 0.676562 0.087963 0.012500 0.022222
0 0.909896 0.034259 0.013542 0.025926
0 0.604167 0.979630 0.020833 0.031481
0 0.466146 0.978241 0.017708 0.026852
0 0.063281 0.727315 0.016146 0.021296
0 0.117188 0.701389 0.014583 0.023148
0 0.007812 0.325463 0.015625 0.023148
0 0.062240 0.221759 0.014063 0.023148
0 0.207813 0.145833 0.017708 0.025000
0 0.327083 0.978241 0.021875 0.025000
0 0.098698 0.325463 0.013021 0.025000
0 0.098958 0.635648 0.015625 0.025000
0 0.026042 0.273148 0.015625 0.025926
0 0.650260 0.981019 0.017188 0.028704
0 0.946354 0.146759 0.013542 0.023148
0 0.008333 0.727778 0.016667 0.020370
0 0.008073 0.352315 0.015104 0.023148
0 0.026042 0.700463 0.014583 0.026852
0 0.894271 0.034722 0.013542 0.023148
0 0.080469 0.221296 0.013021 0.022222
0 0.008594 0.635648 0.014063 0.025000
0 0.659115 0.088426 0.014063 0.021296
0 0.025521 0.584259 0.017708 0.024074
0 0.967708 0.145833 0.019792 0.023148
0 0.025521 0.352315 0.014583 0.026852
0 0.008333 0.700463 0.016667 0.026852
0 0.043750 0.222222 0.013542 0.022222
0 0.117448 0.636574 0.017188 0.025000
0 0.627083 0.980556 0.016667 0.027778
0 0.846875 0.199537 0.035417 0.028704
0 0.061719 0.583796 0.015104 0.021296
0 0.190365 0.145833 0.015104 0.025000
0 0.111198 0.089815 0.016146 0.027778
0 0.098958 0.610185 0.015625 0.024074
0 0.026042 0.726852 0.015625 0.020370
0 0.008073 0.584259 0.016146 0.025926
0 0.008073 0.610185 0.016146 0.022222
0 0.007552 0.194907 0.015104 0.025000
0 0.008333 0.298148 0.015625 0.027778
0 0.917448 0.200000 0.035937 0.024074
0 0.008333 0.273148 0.014583 0.024074
0 0.025521 0.222222 0.015625 0.024074
0 0.079948 0.194907 0.013021 0.023148
0 0.154688 0.145370 0.016667 0.025926
0 0.098958 0.221296 0.014583 0.022222
0 0.134375 0.145833 0.018750 0.026852
0 0.114844 0.145833 0.017188 0.026852
0 0.116927 0.221759 0.013021 0.023148
0 0.988802 0.145370 0.019271 0.022222
0 0.117708 0.585185 0.016667 0.022222
0 0.641927 0.089352 0.015104 0.025000
0 0.062500 0.195370 0.013542 0.024074
0 0.881250 0.199537 0.032292 0.028704
0 0.846615 0.978241 0.014063 0.023148
0 0.080208 0.584722 0.015625 0.021296
0 0.134896 0.756944 0.007292 0.017593
0 0.116406 0.194444 0.010937 0.022222
0 0.117969 0.610185 0.019271 0.025926
0 0.097135 0.145833 0.016146 0.025000
0 0.994792 0.172222 0.009375 0.016667
0 0.115104 0.561111 0.009375 0.018519
0 0.965625 0.171759 0.011458 0.015741
0 0.080469 0.662037 0.014063 0.027778
0 0.105990 0.756481 0.009896 0.018519
0 0.098698 0.585185 0.016146 0.022222
0 0.880208 0.977778 0.013542 0.024074
0 0.608854 0.077778 0.035417 0.057407
0 0.172917 0.144907 0.015625 0.025000
0 0.078906 0.145833 0.017188 0.025000
0 0.863021 0.977778 0.015625 0.024074
0 0.115365 0.756481 0.006771 0.016667
0 0.819010 0.173611 0.013021 0.021296
0 0.025781 0.609259 0.018229 0.020370
0 0.197396 0.173148 0.009375 0.020370
0 0.115885 0.172222 0.010937 0.020370
0 0.984375 0.171296 0.009375 0.016667
0 0.026042 0.145370 0.050000 0.027778
0 0.070573 0.858333 0.141146 0.027778
0 0.124740 0.756481 0.007812 0.016667
0 0.070833 0.904630 0.141667 0.025926
0 0.124479 0.560648 0.007292 0.017593
0 0.189583 0.212500 0.077083 0.019444
0 0.135156 0.560185 0.007812 0.016667
0 0.134635 0.172222 0.009896 0.020370
0 0.124740 0.172685 0.007812 0.017593
0 0.060417 0.146296 0.015625 0.025926
0 0.974479 0.172222 0.008333 0.014815
0 0.939323 0.008333 0.010937 0.016667
0 0.864323 0.514352 0.051562 0.015741
0 0.846615 0.461574 0.034896 0.019444
0 0.899841 0.976255 0.019401 0.031824
0 0.920083 0.976255 0.013385 0.030639
0 0.932380 0.975806 0.011208 0.020815
0 0.945008 0.979079 0.012714 0.026176
0 0.976961 0.976106 0.041484 0.035694
0 0.909354 0.408796 0.162500 0.019444
0 0.070633 0.033796 0.022901 0.020370
0 0.097247 0.034231 0.018839 0.023148
0 0.868307 0.761111 0.058490 0.014815
0 0.683339 0.063329 0.059781 0.024435
0 0.877057 0.831019 0.075990 0.013889
0 0.855057 0.795065 0.048323 0.013889
0 0.863073 0.813426 0.048021 0.012037
0 0.913630 0.901296 0.150573 0.016481
0 0.166406 0.173611 0.048438 0.017593
0 0.878880 0.848148 0.079635 0.012963
0 0.928510 0.088815 0.017188 0.025333
0 0.857344 0.865741 0.037604 0.012963
0 0.909896 0.089500 0.017708 0.028704
0 0.861875 0.425463 0.064375 0.015741
0 0.295130 0.145370 0.153490 0.024074
0 0.069714 0.925810 0.139427 0.011713
0 0.963625 0.008898 0.014583 0.017796
0 0.859401 0.081481 0.023906 0.050000
0 0.047396 0.033694 0.015521 0.021296
0 0.027719 0.248148 0.016146 0.024074
0 0.913385 0.497222 0.151771 0.018519
0 0.911016 0.479630 0.157448 0.016667
0 0.772135 0.066435 0.017188 0.023611
0 0.509844 0.088426 0.151979 0.025000
0 0.028130 0.031602 0.015104 0.020370
0 0.954167 0.079537 0.021875 0.057222
0 0.119505 0.032144 0.014469 0.019194
0 0.140833 0.032144 0.018469 0.019583
0 0.788802 0.064722 0.016146 0.020185
0 0.161354 0.032912 0.015448 0.018046
0 0.186357 0.031954 0.027651 0.017667
0 0.214599 0.032241 0.021490 0.020537
0 0.237010 0.032528 0.016417 0.018426
0 0.771630 0.089977 0.014792 0.022083
0 0.787831 0.089977 0.014578 0.024380
0 0.838073 0.065333 0.017188 0.024630
0 0.731518 0.063278 0.032943 0.024111
0 0.805003 0.088824 0.014151 0.020537
0 0.820240 0.088245 0.012531 0.020546
0 0.909573 0.251273 0.159531 0.017398
0 0.910505 0.285458 0.159531 0.017398
0 0.909609 0.302977 0.159531 0.017398
0 0.111693 0.063231 0.018750 0.021296
0 0.909833 0.320495 0.159531 0.017398
0 0.909833 0.337616 0.159531 0.017398
0 0.099740 0.196759 0.019271 0.024074
0 0.909677 0.356356 0.159531 0.017398
0 0.910010 0.374500 0.159531 0.017407
0 0.910682 0.391745 0.159531 0.017398
0 0.909919 0.443250 0.159536 0.017407
0 0.914984 0.566537 0.152010 0.017407
0 0.914859 0.584514 0.152010 0.017398
0 0.064526 0.248407 0.015625 0.024074
0 0.914568 0.601995 0.152010 0.017398
0 0.914568 0.619213 0.152010 0.017407
0 0.519083 0.062648 0.136198 0.025370
0 0.914427 0.636681 0.152010 0.017398
0 0.009583 0.248250 0.017083 0.024074
0 0.914625 0.654069 0.152010 0.017398
0 0.914500 0.671616 0.152010 0.017398
0 0.914250 0.689139 0.152010 0.017407
0 0.913958 0.706106 0.152010 0.017398
0 0.914828 0.724611 0.152010 0.017407
0 0.189060 0.064398 0.134901 0.023056
0 0.355138 0.064051 0.144307 0.024583
0 0.933203 0.033796 0.021615 0.025000
0 0.806250 0.065972 0.016667 0.022685
0 0.821354 0.065648 0.013542 0.022037
0 0.273130 0.063519 0.018750 0.025000
0 0.190143 0.088713 0.135339 0.026278
0 0.010141 0.033056 0.014927 0.018519
0 0.026536 0.195796 0.017656 0.025926
0 0.044091 0.194907 0.015401 0.025000
0 0.356167 0.090019 0.143708 0.026444
0 0.914466 0.742755 0.152016 0.017398
0 0.273497 0.087824 0.019391 0.024074
0 0.181708 0.860773 0.044375 0.077157
0 0.919365 0.063426 0.036979 0.025000
0 0.643104 0.062731 0.019792 0.023148
0 0.882091 0.778472 0.087589 0.016704
0 0.874898 0.884106 0.071568 0.016713
0 0.914578 0.919500 0.170844 0.021852
