0 0.008594 0.635648 0.014063 0.025000
0 0.236979 0.033333 0.016667 0.020370
0 0.846615 0.461574 0.034896 0.019444
0 0.939323 0.008333 0.010937 0.016667
0 0.974479 0.172222 0.008333 0.014815
0 0.124740 0.172685 0.007812 0.017593
0 0.060417 0.146296 0.015625 0.025926
0 0.134635 0.172222 0.009896 0.020370
0 0.135156 0.560185 0.007812 0.016667
0 0.189323 0.212500 0.077604 0.019444
0 0.124479 0.560648 0.007292 0.017593
0 0.070833 0.904630 0.141667 0.025926
0 0.124740 0.756481 0.007812 0.016667
0 0.070573 0.858333 0.141146 0.027778
0 0.026042 0.145370 0.050000 0.027778
0 0.984375 0.171296 0.009375 0.016667
0 0.115885 0.172222 0.010937 0.020370
0 0.197396 0.173148 0.009375 0.020370
0 0.025781 0.609259 0.018229 0.020370
0 0.819010 0.173611 0.013021 0.021296
0 0.115365 0.756481 0.006771 0.016667
0 0.608854 0.077315 0.035417 0.056481
0 0.863021 0.977778 0.015625 0.024074
0 0.078906 0.145833 0.017188 0.025000
0 0.172917 0.144907 0.015625 0.025000
0 0.879948 0.978241 0.013021 0.023148
0 0.098698 0.585185 0.016146 0.022222
0 0.105990 0.756481 0.009896 0.018519
0 0.965625 0.171759 0.011458 0.015741
0 0.080469 0.662037 0.014063 0.027778
0 0.994792 0.172222 0.009375 0.016667
0 0.115104 0.561111 0.009375 0.018519
0 0.097135 0.145833 0.016146 0.025000
0 0.116406 0.194444 0.010937 0.022222
0 0.117969 0.610185 0.019271 0.025926
0 0.134896 0.757407 0.007292 0.016667
0 0.080208 0.584722 0.015625 0.021296
0 0.881250 0.199537 0.032292 0.028704
0 0.846615 0.978241 0.014063 0.023148
0 0.062500 0.195370 0.013542 0.024074
0 0.117708 0.585185 0.016667 0.022222
0 0.641667 0.089815 0.014583 0.024074
0 0.988802 0.145370 0.019271 0.022222
0 0.116927 0.221759 0.013021 0.023148
0 0.114844 0.145833 0.017188 0.026852
0 0.098958 0.221296 0.014583 0.022222
0 0.134375 0.145833 0.018750 0.026852
0 0.154688 0.145370 0.016667 0.025926
0 0.079948 0.194907 0.013021 0.023148
0 0.025521 0.222222 0.015625 0.024074
0 0.917448 0.200000 0.035937 0.024074
0 0.007812 0.298148 0.015625 0.027778
0 0.008333 0.273148 0.014583 0.024074
0 0.007552 0.194907 0.015104 0.025000
0 0.008073 0.610185 0.016146 0.022222
0 0.008073 0.584259 0.016146 0.025926
0 0.026042 0.726852 0.015625 0.020370
0 0.111198 0.089815 0.016146 0.027778
0 0.098958 0.609722 0.015625 0.025000
0 0.190365 0.145833 0.015104 0.025000
0 0.627083 0.980556 0.016667 0.027778
0 0.846875 0.199537 0.035417 0.028704
0 0.099740 0.194444 0.019271 0.024074
0 0.117448 0.636574 0.017188 0.025000
0 0.061719 0.584259 0.015104 0.022222
0 0.008333 0.700463 0.016667 0.026852
0 0.043750 0.222222 0.013542 0.022222
0 0.967708 0.145833 0.019792 0.023148
0 0.025781 0.352315 0.015104 0.026852
0 0.025781 0.584259 0.017188 0.024074
0 0.080469 0.221296 0.013021 0.022222
0 0.894271 0.034722 0.013542 0.023148
0 0.026042 0.700463 0.014583 0.026852
0 0.659375 0.088426 0.013542 0.021296
0 0.008073 0.352315 0.015104 0.023148
0 0.008333 0.727778 0.016667 0.020370
0 0.650260 0.980556 0.017188 0.029630
0 0.946354 0.146759 0.013542 0.023148
0 0.327344 0.978241 0.021354 0.025000
0 0.098958 0.635648 0.015625 0.025000
0 0.026042 0.273148 0.015625 0.025926
0 0.207813 0.145833 0.017708 0.025000
0 0.062240 0.221759 0.014063 0.023148
0 0.466146 0.978241 0.017708 0.026852
0 0.117188 0.701389 0.014583 0.023148
0 0.098698 0.325463 0.013021 0.025000
0 0.672917 0.981019 0.016667 0.028704
0 0.604167 0.979630 0.020833 0.031481
0 0.007812 0.325463 0.015625 0.023148
0 0.063281 0.726852 0.016146 0.020370
0 0.676562 0.087963 0.012500 0.022222
0 0.909896 0.034259 0.013542 0.025926
0 0.117969 0.326389 0.017188 0.023148
0 0.534896 0.977778 0.017708 0.025926
0 0.490104 0.976852 0.018750 0.024074
0 0.580729 0.979167 0.018750 0.030556
0 0.062760 0.299074 0.014063 0.024074
0 0.117448 0.248148 0.014063 0.025926
0 0.044271 0.352778 0.015625 0.025926
0 0.043750 0.584259 0.015625 0.022222
0 0.025781 0.299537 0.014063 0.025000
0 0.008073 0.663426 0.016146 0.030556
0 0.044010 0.610648 0.015104 0.023148
0 0.080990 0.700463 0.013021 0.023148
0 0.973437 0.033333 0.051042 0.025926
0 0.062240 0.325463 0.013021 0.025000
0 0.730208 0.088889 0.014583 0.022222
0 0.062500 0.662500 0.015625 0.028704
0 0.063281 0.700463 0.017188 0.025000
0 0.441667 0.064815 0.015625 0.024074
0 0.558333 0.977778 0.018750 0.027778
0 0.080469 0.325926 0.015104 0.025926
0 0.080729 0.247222 0.014583 0.024074
0 0.025781 0.662963 0.014063 0.029630
0 0.747396 0.088889 0.014583 0.022222
0 0.043750 0.247685 0.013542 0.023148
0 0.080469 0.610185 0.015104 0.022222
0 0.008594 0.221759 0.014063 0.025000
0 0.044271 0.700926 0.014583 0.025926
0 0.099219 0.701389 0.014063 0.023148
0 0.025260 0.636111 0.017188 0.024074
0 0.694792 0.088426 0.017708 0.023148
0 0.512500 0.977315 0.017708 0.025000
0 0.711979 0.088426 0.013542 0.023148
0 0.044010 0.273148 0.015104 0.024074
0 0.080729 0.299074 0.014583 0.024074
0 0.025521 0.325463 0.015625 0.023148
0 0.044010 0.662500 0.014063 0.028704
0 0.983073 0.081481 0.025521 0.062963
0 0.099479 0.299537 0.013542 0.025000
0 0.098437 0.247685 0.012500 0.025000
0 0.044271 0.298611 0.014583 0.025000
0 0.040885 0.083333 0.021354 0.061111
0 0.062240 0.610648 0.015104 0.021296
0 0.380729 0.147222 0.013542 0.020370
0 0.044010 0.636111 0.015104 0.025926
0 0.044531 0.726852 0.016146 0.020370
0 0.044010 0.325463 0.014063 0.023148
0 0.118229 0.300463 0.017708 0.025000
0 0.080469 0.727315 0.014063 0.023148
0 0.062760 0.272685 0.015104 0.025000
0 0.088542 0.082407 0.023958 0.061111
0 0.080469 0.635648 0.015104 0.025000
0 0.080469 0.272685 0.015104 0.025000
0 0.116927 0.273611 0.014063 0.023148
0 0.065104 0.083333 0.021875 0.061111
0 0.062240 0.636111 0.016146 0.025926
0 0.397135 0.976389 0.117188 0.034259
0 0.098698 0.273611 0.013021 0.025000
0 0.016406 0.081944 0.026562 0.062037
0 0.070573 0.830556 0.141146 0.027778
0 0.070573 0.804630 0.141146 0.027778
0 0.009687 0.247222 0.017292 0.024074
0 0.975380 0.977986 0.041490 0.031231
0 0.945091 0.976583 0.013401 0.025481
0 0.932391 0.977574 0.011448 0.023500
0 0.918987 0.976745 0.013307 0.026472
0 0.899630 0.977741 0.016469 0.021185
0 0.874279 0.883222 0.074620 0.018185
0 0.882302 0.779431 0.087865 0.018769
0 0.914563 0.743463 0.151406 0.017593
0 0.914563 0.726093 0.151406 0.017593
0 0.914286 0.708222 0.151406 0.017593
0 0.914531 0.690296 0.151406 0.017593
0 0.914656 0.672380 0.151406 0.017593
0 0.913906 0.654769 0.151406 0.017593
0 0.911279 0.443213 0.160224 0.017593
0 0.910185 0.390074 0.160224 0.017593
0 0.909810 0.372574 0.160224 0.017593
0 0.909810 0.355750 0.160224 0.017593
0 0.909560 0.338028 0.160224 0.017593
0 0.908982 0.320602 0.160224 0.017593
0 0.908982 0.302667 0.160224 0.017593
0 0.910138 0.286259 0.160224 0.017593
0 0.909680 0.250287 0.160224 0.017593
0 0.821419 0.088972 0.011734 0.021444
0 0.805742 0.091019 0.014797 0.023667
0 0.788388 0.089694 0.014891 0.021019
0 0.771867 0.090111 0.014984 0.022167
0 0.214570 0.032190 0.022682 0.018083
0 0.186216 0.032190 0.028026 0.019861
0 0.161365 0.032782 0.017010 0.016306
0 0.140266 0.032486 0.018844 0.018676
0 0.119779 0.031583 0.014859 0.018185
0 0.097437 0.032250 0.023583 0.018759
0 0.070302 0.032060 0.023583 0.023361
0 0.045750 0.032537 0.015833 0.017037
0 0.854688 0.795833 0.051042 0.013889
0 0.988453 0.009690 0.014583 0.019380
0 0.858724 0.081481 0.025260 0.050000
0 0.864115 0.813426 0.050104 0.012037
0 0.731516 0.063565 0.033948 0.024722
0 0.914167 0.920106 0.171667 0.022380
0 0.913854 0.583852 0.152708 0.016667
0 0.837734 0.065231 0.015156 0.023056
0 0.878177 0.831019 0.078229 0.013889
0 0.869271 0.761111 0.060417 0.014815
0 0.864130 0.514352 0.051562 0.015741
0 0.913203 0.637500 0.151406 0.017593
0 0.027156 0.031713 0.015104 0.020370
0 0.910234 0.408241 0.159010 0.016852
0 0.272734 0.089815 0.020469 0.024074
0 0.911510 0.479630 0.158438 0.016667
0 0.913151 0.497222 0.151302 0.018519
0 0.112807 0.062759 0.018750 0.021296
0 0.010388 0.032324 0.014432 0.018519
0 0.821354 0.065185 0.013542 0.021111
0 0.684688 0.062500 0.061458 0.026852
0 0.272734 0.064352 0.021510 0.025000
0 0.026979 0.195370 0.018542 0.025926
0 0.189805 0.087963 0.135495 0.025926
0 0.519906 0.065079 0.138542 0.022380
0 0.045089 0.195130 0.017188 0.025000
0 0.883557 0.081148 0.023958 0.054630
0 0.064891 0.248333 0.015625 0.024074
0 0.176943 0.863481 0.044427 0.076741
0 0.355909 0.089181 0.146099 0.026824
0 0.026630 0.247481 0.016146 0.024074
0 0.914740 0.566204 0.150729 0.017593
0 0.643083 0.061981 0.019792 0.023148
0 0.954167 0.078981 0.021875 0.056111
0 0.772135 0.066204 0.017188 0.023148
0 0.510547 0.088426 0.153385 0.025000
0 0.788802 0.064676 0.016146 0.020093
0 0.919937 0.063731 0.036458 0.024074
0 0.295703 0.145370 0.152344 0.024074
0 0.964365 0.009227 0.014583 0.018454
0 0.071068 0.925009 0.142135 0.014426
0 0.913620 0.601852 0.153281 0.018519
0 0.864349 0.425463 0.069323 0.015741
0 0.910432 0.089968 0.017708 0.026361
0 0.928708 0.088593 0.017188 0.027259
0 0.857005 0.865741 0.036927 0.012963
0 0.913281 0.619907 0.151562 0.017593
0 0.806250 0.064907 0.016667 0.020556
0 0.166380 0.173611 0.048490 0.017593
0 0.911953 0.900000 0.154219 0.018519
0 0.933698 0.033796 0.022604 0.025000
0 0.878464 0.848148 0.078802 0.012963
0 0.356487 0.063171 0.144422 0.026343
0 0.190125 0.063593 0.134646 0.024222
