0 0.111948 0.089815 0.016146 0.027778
0 0.913880 0.497222 0.152760 0.018519
0 0.911328 0.479630 0.159115 0.016667
0 0.945651 0.975620 0.015104 0.026852
0 0.910458 0.320491 0.159792 0.017870
0 0.027995 0.031926 0.015104 0.020370
0 0.913594 0.637500 0.152188 0.017593
0 0.909818 0.408333 0.159531 0.018519
0 0.869505 0.760648 0.060885 0.013889
0 0.913844 0.583898 0.152208 0.016667
0 0.878307 0.831019 0.078490 0.013889
0 0.914719 0.919560 0.170563 0.020880
0 0.194870 0.213426 0.081406 0.017593
0 0.863125 0.813426 0.048125 0.012037
0 0.854974 0.795833 0.051615 0.013889
0 0.913073 0.900000 0.151979 0.018519
0 0.913326 0.689866 0.154182 0.017120
0 0.878724 0.848148 0.079323 0.012963
0 0.913828 0.619907 0.152656 0.017593
0 0.857682 0.865741 0.038281 0.012963
0 0.165182 0.173611 0.050885 0.017593
0 0.928979 0.088028 0.017125 0.025426
0 0.913698 0.672866 0.153542 0.016306
0 0.862656 0.425463 0.065937 0.015741
0 0.909844 0.338889 0.161354 0.018519
0 0.914125 0.302944 0.151750 0.014481
0 0.913542 0.601852 0.152083 0.018519
0 0.910714 0.088579 0.017365 0.024139
0 0.912698 0.725204 0.152760 0.017593
0 0.072031 0.904093 0.140469 0.025926
0 0.071849 0.926171 0.143698 0.011731
0 0.963599 0.009542 0.014063 0.019083
0 0.293802 0.145370 0.156146 0.024074
0 0.913724 0.566204 0.152760 0.017593
0 0.913745 0.742926 0.152906 0.018519
0 0.910302 0.249630 0.157812 0.018889
0 0.010211 0.032324 0.014266 0.018519
0 0.910156 0.285648 0.159896 0.017593
0 0.026820 0.195963 0.018224 0.025926
0 0.044458 0.193287 0.015562 0.025926
0 0.181404 0.865662 0.047078 0.076231
0 0.356208 0.088704 0.145083 0.025185
0 0.643375 0.062528 0.019792 0.023148
0 0.837734 0.063935 0.015156 0.018611
0 0.919760 0.061935 0.036458 0.024074
0 0.272846 0.089130 0.019547 0.025926
0 0.099953 0.197519 0.019271 0.024074
0 0.112312 0.062315 0.018750 0.021296
0 0.731031 0.063750 0.034500 0.024352
0 0.789323 0.065741 0.015104 0.022222
0 0.858266 0.081148 0.024687 0.050000
0 0.988745 0.009361 0.014583 0.018722
0 0.772891 0.066111 0.015677 0.021111
0 0.954167 0.080046 0.021875 0.058241
0 0.026385 0.247000 0.014937 0.024074
0 0.509427 0.088889 0.151146 0.024074
0 0.064427 0.247991 0.015625 0.024074
0 0.519339 0.064583 0.134031 0.022685
0 0.883073 0.081639 0.024479 0.055556
0 0.442505 0.064519 0.015625 0.024074
0 0.009625 0.248759 0.015708 0.024074
0 0.189828 0.087963 0.135031 0.025926
0 0.272961 0.062741 0.020714 0.025000
0 0.821953 0.064954 0.012344 0.020648
0 0.683490 0.064167 0.060729 0.023519
0 0.806823 0.065278 0.015521 0.021296
0 0.932266 0.033796 0.019740 0.025000
0 0.063839 0.272685 0.015104 0.025000
0 0.189521 0.064639 0.134708 0.023907
0 0.355422 0.063583 0.142385 0.024759
0 0.974333 0.976782 0.036073 0.032065
0 0.913729 0.656051 0.153219 0.016972
0 0.931469 0.975824 0.011448 0.022852
0 0.899609 0.977648 0.018573 0.023037
0 0.874984 0.883546 0.073479 0.016222
0 0.881307 0.779417 0.089708 0.017500
0 0.912927 0.708005 0.153625 0.018065
0 0.046430 0.031065 0.017505 0.020796
0 0.070911 0.033574 0.024687 0.020370
0 0.097779 0.032931 0.022266 0.019935
0 0.119557 0.033213 0.014844 0.017352
0 0.140698 0.033000 0.019740 0.019630
0 0.161943 0.033000 0.014719 0.021407
0 0.187206 0.033148 0.026766 0.021111
0 0.214555 0.032556 0.021911 0.020519
0 0.772578 0.089481 0.013229 0.022500
0 0.788620 0.089991 0.016667 0.023148
0 0.805979 0.090134 0.014042 0.024972
0 0.821320 0.089426 0.012474 0.021963
0 0.911052 0.357287 0.161354 0.018519
0 0.910714 0.374537 0.161354 0.018519
0 0.911052 0.390394 0.161354 0.015139
0 0.909810 0.443486 0.161474 0.018824
0 0.919010 0.976852 0.013021 0.024074
0 0.846615 0.461574 0.034896 0.019444
0 0.236979 0.033333 0.016667 0.020370
0 0.864323 0.514352 0.051562 0.015741
0 0.939323 0.008333 0.010937 0.016667
0 0.974479 0.172222 0.008333 0.014815
0 0.060417 0.146296 0.015625 0.025926
0 0.124740 0.172685 0.007812 0.017593
0 0.135156 0.560185 0.007812 0.016667
0 0.134635 0.172222 0.009896 0.020370
0 0.124479 0.560648 0.007292 0.017593
0 0.124740 0.756481 0.007812 0.016667
0 0.070573 0.858333 0.141146 0.027778
0 0.026042 0.145370 0.050000 0.027778
0 0.984375 0.171296 0.009375 0.016667
0 0.115625 0.172222 0.010417 0.020370
0 0.197135 0.173148 0.008854 0.020370
0 0.819010 0.173611 0.013021 0.021296
0 0.025781 0.609722 0.018229 0.019444
0 0.863021 0.977778 0.015625 0.024074
0 0.115365 0.756481 0.006771 0.016667
0 0.608854 0.077315 0.035417 0.056481
0 0.879948 0.978241 0.014063 0.023148
0 0.172917 0.144907 0.015625 0.025000
0 0.078906 0.145833 0.017188 0.025000
0 0.098698 0.585185 0.016146 0.022222
0 0.965365 0.171759 0.010937 0.015741
0 0.080469 0.662037 0.014063 0.027778
0 0.105990 0.756481 0.009896 0.018519
0 0.994792 0.172222 0.009375 0.016667
0 0.097135 0.145833 0.016146 0.025000
0 0.116406 0.194444 0.010937 0.022222
0 0.115104 0.561111 0.009375 0.018519
0 0.117969 0.609722 0.019271 0.025000
0 0.134896 0.756481 0.007292 0.016667
0 0.080208 0.584722 0.015625 0.021296
0 0.846615 0.978241 0.014063 0.023148
0 0.881250 0.199537 0.032292 0.028704
0 0.062500 0.195370 0.013542 0.024074
0 0.117708 0.585185 0.016667 0.022222
0 0.641667 0.089815 0.014583 0.024074
0 0.988802 0.145370 0.019271 0.022222
0 0.116927 0.221759 0.013021 0.023148
0 0.114583 0.145833 0.016667 0.026852
0 0.099219 0.221296 0.014063 0.022222
0 0.154688 0.145370 0.016667 0.025926
0 0.025521 0.222222 0.015625 0.024074
0 0.070573 0.804630 0.141146 0.027778
0 0.070573 0.830556 0.141146 0.027778
0 0.016406 0.081944 0.026562 0.062037
0 0.098698 0.273611 0.013021 0.025000
0 0.396875 0.976389 0.116667 0.034259
0 0.062240 0.636111 0.016146 0.025926
0 0.065104 0.083796 0.021875 0.060185
0 0.116927 0.273611 0.014063 0.023148
0 0.080469 0.272685 0.015104 0.025000
0 0.080469 0.635648 0.015104 0.025000
0 0.088281 0.082407 0.023438 0.061111
0 0.080469 0.727315 0.014063 0.023148
0 0.044531 0.726852 0.016146 0.020370
0 0.118229 0.300463 0.017708 0.025000
0 0.044010 0.325463 0.014063 0.023148
0 0.044010 0.636574 0.015104 0.025000
0 0.062240 0.610648 0.015104 0.021296
0 0.098437 0.247685 0.012500 0.025000
0 0.380729 0.147222 0.013542 0.020370
0 0.044271 0.298611 0.014583 0.025000
0 0.040885 0.083333 0.021354 0.061111
0 0.099479 0.299537 0.013542 0.025000
0 0.044010 0.273148 0.015104 0.024074
0 0.983073 0.081481 0.025521 0.062963
0 0.134375 0.145833 0.018750 0.026852
0 0.080729 0.299074 0.014583 0.024074
0 0.025521 0.325463 0.015625 0.023148
0 0.044010 0.662500 0.014063 0.028704
0 0.512500 0.977315 0.017708 0.025000
0 0.711979 0.088889 0.013542 0.022222
0 0.694792 0.088426 0.017708 0.023148
0 0.099219 0.701389 0.014063 0.023148
0 0.025260 0.636111 0.017188 0.024074
0 0.044271 0.700926 0.014583 0.025926
0 0.008594 0.221759 0.014063 0.025000
0 0.558333 0.977778 0.018750 0.027778
0 0.080469 0.610185 0.015104 0.022222
0 0.043750 0.247685 0.013542 0.023148
0 0.747396 0.088889 0.014583 0.022222
0 0.080729 0.247222 0.014583 0.024074
0 0.063281 0.700463 0.017188 0.025000
0 0.080469 0.326389 0.015104 0.025000
0 0.025781 0.662963 0.014063 0.029630
0 0.062240 0.325463 0.013021 0.025000
0 0.973698 0.033333 0.050521 0.025926
0 0.080990 0.700463 0.013021 0.023148
0 0.062500 0.662500 0.015625 0.028704
0 0.730208 0.088889 0.014583 0.022222
0 0.044010 0.610648 0.015104 0.023148
0 0.044271 0.352778 0.015625 0.025926
0 0.008073 0.663426 0.016146 0.030556
0 0.490104 0.976852 0.018750 0.024074
0 0.062500 0.299074 0.013542 0.024074
0 0.043750 0.584259 0.015625 0.022222
0 0.117448 0.248148 0.014063 0.025926
0 0.025781 0.299537 0.014063 0.025000
0 0.534896 0.977778 0.017708 0.025926
0 0.580729 0.979167 0.018750 0.030556
0 0.676562 0.087963 0.012500 0.022222
0 0.063281 0.726852 0.016146 0.020370
0 0.672917 0.981019 0.016667 0.028704
0 0.909896 0.034259 0.013542 0.025926
0 0.007812 0.325463 0.015625 0.023148
0 0.117969 0.326389 0.017188 0.023148
0 0.604167 0.979630 0.020833 0.031481
0 0.098698 0.325926 0.013021 0.025926
0 0.117188 0.701389 0.014583 0.023148
0 0.466146 0.978241 0.017708 0.026852
0 0.327344 0.978241 0.021354 0.025000
0 0.062500 0.221759 0.013542 0.023148
0 0.026042 0.273148 0.015625 0.025926
0 0.207552 0.145833 0.017188 0.025000
0 0.098958 0.635648 0.015625 0.025000
0 0.650260 0.981019 0.017188 0.028704
0 0.946354 0.146759 0.013542 0.023148
0 0.659115 0.088426 0.013021 0.021296
0 0.008333 0.727778 0.016667 0.020370
0 0.894271 0.034259 0.013542 0.022222
0 0.026042 0.700463 0.014583 0.026852
0 0.008073 0.352315 0.015104 0.023148
0 0.008594 0.635648 0.014063 0.025000
0 0.025521 0.584259 0.017708 0.024074
0 0.967708 0.145833 0.019792 0.023148
0 0.025521 0.352315 0.014583 0.025000
0 0.080469 0.221296 0.013021 0.022222
0 0.043750 0.222222 0.013542 0.022222
0 0.846875 0.199537 0.035417 0.028704
0 0.008333 0.700463 0.016667 0.026852
0 0.061719 0.583796 0.015104 0.021296
0 0.627083 0.980556 0.016667 0.027778
0 0.117448 0.636574 0.017188 0.025000
0 0.098958 0.610185 0.015625 0.024074
0 0.190365 0.145833 0.015104 0.025000
0 0.008073 0.584259 0.016146 0.025926
0 0.026042 0.726852 0.015625 0.020370
0 0.007812 0.610185 0.015625 0.022222
0 0.007552 0.194907 0.015104 0.025000
0 0.008333 0.273148 0.014583 0.024074
0 0.007812 0.298148 0.015625 0.027778
0 0.917448 0.200000 0.035937 0.024074
0 0.080208 0.194907 0.012500 0.023148
