0 0.909990 0.356407 0.159125 0.017407
0 0.909740 0.338500 0.159125 0.017407
0 0.070297 0.033630 0.023073 0.019222
0 0.096922 0.034060 0.022427 0.017213
0 0.119794 0.033569 0.013443 0.015435
0 0.140797 0.034491 0.018667 0.016278
0 0.162430 0.034134 0.016245 0.018657
0 0.187109 0.033356 0.027615 0.017102
0 0.214911 0.034023 0.020240 0.019324
0 0.771570 0.089634 0.015974 0.021213
0 0.355885 0.064407 0.144479 0.025667
0 0.189635 0.064148 0.135000 0.022370
0 0.932005 0.033796 0.019219 0.025000
0 0.805990 0.065741 0.017188 0.022222
0 0.190010 0.087870 0.135083 0.025741
0 0.821354 0.064444 0.013542 0.019630
0 0.272604 0.064352 0.021250 0.025000
0 0.009089 0.247870 0.016094 0.025370
0 0.884005 0.082278 0.023958 0.054630
0 0.081568 0.247222 0.014583 0.024074
0 0.520203 0.063519 0.136823 0.023796
0 0.442245 0.064556 0.015625 0.024074
0 0.509557 0.088889 0.151406 0.024074
0 0.064516 0.248213 0.015625 0.024074
0 0.026849 0.248148 0.016146 0.024074
0 0.772396 0.066574 0.016667 0.022037
0 0.954167 0.078611 0.021875 0.057222
0 0.788802 0.066343 0.016146 0.023426
0 0.858906 0.081481 0.024896 0.050000
0 0.111901 0.063426 0.020677 0.021296
0 0.733099 0.061935 0.035937 0.025926
0 0.100883 0.196556 0.016766 0.024074
0 0.272656 0.090741 0.020313 0.025926
0 0.838099 0.063519 0.014427 0.017778
0 0.643167 0.062972 0.019792 0.023148
0 0.356422 0.089477 0.142885 0.025491
0 0.181401 0.863000 0.044688 0.075074
0 0.044115 0.195370 0.014896 0.025926
0 0.919828 0.063426 0.036979 0.025000
0 0.026870 0.196139 0.018542 0.025926
0 0.862526 0.900463 0.046927 0.013889
0 0.046620 0.034028 0.016771 0.018519
0 0.070312 0.905000 0.140625 0.024815
0 0.860104 0.689815 0.042083 0.012963
0 0.913750 0.742593 0.152708 0.018519
0 0.915365 0.882870 0.149479 0.015741
0 0.290859 0.144907 0.144323 0.025000
0 0.908620 0.409028 0.160885 0.017130
0 0.914818 0.920250 0.170365 0.022093
0 0.167383 0.173713 0.047464 0.017593
0 0.878568 0.813426 0.079010 0.012037
0 0.864714 0.426852 0.071094 0.016667
0 0.070484 0.926486 0.139969 0.014250
0 0.929724 0.089083 0.017188 0.027389
0 0.863776 0.848611 0.049427 0.013889
0 0.911357 0.090319 0.017609 0.025843
0 0.865677 0.760648 0.053229 0.013889
0 0.878307 0.831019 0.078490 0.013889
0 0.874888 0.865741 0.073557 0.014815
0 0.881615 0.777778 0.087188 0.012963
0 0.008073 0.032639 0.014063 0.020833
0 0.909115 0.795833 0.158854 0.017593
0 0.898872 0.978569 0.016526 0.027324
0 0.027099 0.034574 0.018125 0.020370
0 0.788323 0.090065 0.015250 0.021000
0 0.805828 0.089477 0.015906 0.021528
0 0.975115 0.976292 0.036740 0.029324
0 0.931617 0.976560 0.009203 0.023917
0 0.919169 0.975009 0.013318 0.026278
0 0.915023 0.673324 0.150224 0.016704
0 0.821383 0.088894 0.012880 0.024231
0 0.914807 0.654894 0.150219 0.016713
0 0.914807 0.637611 0.150219 0.016704
0 0.915023 0.619565 0.150224 0.016704
0 0.910260 0.250519 0.159896 0.017407
0 0.910281 0.285694 0.159125 0.017407
0 0.915456 0.602477 0.150224 0.016713
0 0.914565 0.532088 0.150224 0.017509
0 0.910604 0.303556 0.159125 0.017407
0 0.914708 0.514236 0.150219 0.016713
0 0.914708 0.496505 0.150219 0.016713
0 0.915065 0.479921 0.150224 0.016713
0 0.909747 0.444083 0.159120 0.017407
0 0.909125 0.391731 0.159125 0.017407
0 0.909883 0.373880 0.159120 0.017407
0 0.909953 0.321602 0.159125 0.017407
0 0.070573 0.804630 0.141146 0.027778
0 0.070573 0.830556 0.141146 0.027778
0 0.016406 0.081944 0.026562 0.062037
0 0.098698 0.273611 0.013021 0.025000
0 0.408333 0.976389 0.116667 0.034259
0 0.062240 0.636111 0.016146 0.025926
0 0.065104 0.083796 0.021875 0.060185
0 0.080469 0.272685 0.015104 0.025000
0 0.116927 0.273611 0.014063 0.023148
0 0.062500 0.272685 0.014583 0.025000
0 0.088542 0.082870 0.023958 0.060185
0 0.080469 0.727315 0.014063 0.023148
0 0.371094 0.147222 0.014063 0.022222
0 0.080469 0.635648 0.015104 0.025000
0 0.118229 0.300463 0.017708 0.025000
0 0.044010 0.325926 0.014063 0.024074
0 0.044531 0.726852 0.015104 0.020370
0 0.062240 0.610648 0.015104 0.021296
0 0.044271 0.298611 0.014583 0.025000
0 0.044010 0.636574 0.015104 0.025000
0 0.040885 0.083333 0.021354 0.061111
0 0.098437 0.247685 0.012500 0.025000
0 0.099479 0.299537 0.013542 0.025000
0 0.983073 0.080556 0.025521 0.062963
0 0.683854 0.062500 0.061458 0.026852
0 0.080729 0.299074 0.014583 0.024074
0 0.025521 0.325463 0.015625 0.023148
0 0.044010 0.273148 0.015104 0.024074
0 0.711979 0.088889 0.013542 0.022222
0 0.523958 0.977315 0.017708 0.025000
0 0.694792 0.088426 0.017708 0.023148
0 0.099219 0.701389 0.014063 0.023148
0 0.044010 0.662500 0.014063 0.028704
0 0.973437 0.033333 0.051042 0.025926
0 0.025260 0.636111 0.017188 0.024074
0 0.008594 0.221759 0.014063 0.025000
0 0.747656 0.088889 0.014063 0.022222
0 0.044271 0.700926 0.014583 0.025926
0 0.043750 0.247685 0.013542 0.023148
0 0.570052 0.978704 0.018229 0.027778
0 0.080469 0.325926 0.015104 0.025926
0 0.063281 0.700463 0.017188 0.025000
0 0.080990 0.700463 0.013021 0.023148
0 0.730208 0.088889 0.014583 0.022222
0 0.062240 0.325463 0.013021 0.025000
0 0.080469 0.610185 0.015104 0.022222
0 0.025781 0.662963 0.014063 0.029630
0 0.501042 0.976852 0.017708 0.024074
0 0.546875 0.977778 0.017708 0.025926
0 0.477604 0.977315 0.017708 0.026852
0 0.592708 0.979630 0.018750 0.031481
0 0.044010 0.610648 0.015104 0.023148
0 0.043750 0.584259 0.015625 0.022222
0 0.988021 0.010648 0.014583 0.021296
0 0.117448 0.248148 0.014063 0.025926
0 0.062500 0.299074 0.013542 0.024074
0 0.044271 0.352778 0.015625 0.025926
0 0.025781 0.299537 0.014063 0.025000
0 0.909896 0.034259 0.013542 0.025926
0 0.676562 0.087963 0.012500 0.022222
0 0.008073 0.663426 0.016146 0.030556
0 0.062500 0.662500 0.015625 0.028704
0 0.946354 0.146296 0.013542 0.022222
0 0.117969 0.326389 0.017188 0.023148
0 0.117188 0.701389 0.014583 0.023148
0 0.007812 0.325463 0.015625 0.023148
0 0.098698 0.325926 0.013021 0.025926
0 0.063021 0.726852 0.015625 0.020370
0 0.062500 0.221759 0.013542 0.023148
0 0.026042 0.273148 0.015625 0.025926
0 0.967708 0.145833 0.019792 0.023148
0 0.098958 0.635185 0.016667 0.025926
0 0.207552 0.145833 0.017188 0.025000
0 0.008333 0.727778 0.016667 0.020370
0 0.894271 0.034259 0.013542 0.022222
0 0.659115 0.088426 0.013021 0.021296
0 0.008073 0.352315 0.015104 0.023148
0 0.080469 0.221759 0.013021 0.023148
0 0.025781 0.584259 0.017188 0.024074
0 0.025521 0.352315 0.014583 0.026852
0 0.026042 0.700926 0.014583 0.025926
0 0.008333 0.700463 0.016667 0.026852
0 0.615885 0.980093 0.020313 0.030556
0 0.008594 0.635648 0.014063 0.025000
0 0.044010 0.222222 0.013021 0.022222
0 0.190365 0.145833 0.015104 0.025000
0 0.061719 0.584259 0.015104 0.022222
0 0.847135 0.199537 0.035937 0.028704
0 0.007812 0.610185 0.015625 0.022222
0 0.111198 0.089815 0.016146 0.027778
0 0.007552 0.194907 0.015104 0.025000
0 0.026042 0.726852 0.015625 0.020370
0 0.917448 0.200000 0.035937 0.024074
0 0.080208 0.194907 0.012500 0.023148
0 0.638542 0.980556 0.015625 0.025926
0 0.154688 0.145833 0.016667 0.026852
0 0.008333 0.273148 0.014583 0.024074
0 0.116927 0.636111 0.014063 0.024074
0 0.007812 0.298148 0.015625 0.027778
0 0.988802 0.145370 0.019271 0.022222
0 0.008073 0.584259 0.016146 0.025926
0 0.661198 0.980093 0.017188 0.026852
0 0.025521 0.222222 0.015625 0.024074
0 0.134375 0.145833 0.018750 0.026852
0 0.114583 0.145833 0.016667 0.026852
0 0.117448 0.585185 0.015104 0.020370
0 0.099219 0.221296 0.014063 0.022222
0 0.117188 0.609722 0.012500 0.023148
0 0.116927 0.221759 0.013021 0.023148
0 0.099740 0.610648 0.018229 0.025000
0 0.338281 0.978241 0.020313 0.026852
0 0.641667 0.089815 0.014583 0.024074
0 0.062500 0.195370 0.013542 0.024074
0 0.881250 0.200000 0.032292 0.027778
0 0.134896 0.756481 0.007292 0.016667
0 0.994792 0.172222 0.009375 0.016667
0 0.964583 0.172685 0.009375 0.015741
0 0.097396 0.145833 0.015625 0.025000
0 0.105990 0.756481 0.009896 0.018519
0 0.080208 0.584722 0.015625 0.021296
0 0.115104 0.561111 0.009375 0.018519
0 0.116406 0.194444 0.010937 0.022222
0 0.080469 0.662037 0.014063 0.027778
0 0.172917 0.145370 0.015625 0.025926
0 0.078906 0.145833 0.017188 0.025000
0 0.115365 0.756481 0.006771 0.016667
0 0.098958 0.585185 0.016667 0.022222
0 0.862500 0.978704 0.014583 0.027778
0 0.025781 0.609722 0.018229 0.019444
0 0.818750 0.174074 0.012500 0.020370
0 0.608854 0.077315 0.035417 0.056481
0 0.197135 0.173611 0.008854 0.019444
0 0.879427 0.977315 0.016146 0.025000
0 0.115885 0.172222 0.010937 0.020370
0 0.984375 0.171296 0.009375 0.016667
0 0.070052 0.857870 0.140104 0.026852
0 0.025781 0.145370 0.050521 0.027778
0 0.236979 0.033796 0.016667 0.021296
0 0.124740 0.756481 0.007812 0.016667
0 0.961458 0.010185 0.014583 0.020370
0 0.124479 0.560648 0.007292 0.017593
0 0.134635 0.172222 0.009896 0.020370
0 0.135156 0.560185 0.007812 0.016667
0 0.974479 0.172222 0.008333 0.014815
0 0.193490 0.212963 0.088021 0.018519
0 0.124740 0.172685 0.007812 0.017593
0 0.060417 0.146296 0.015625 0.025926
0 0.939323 0.008333 0.010937 0.016667
0 0.847135 0.461111 0.034896 0.018519
0 0.944792 0.976389 0.013542 0.026852
0 0.870052 0.549074 0.065104 0.016667
0 0.008333 0.805556 0.013542 0.022222
0 0.042448 0.728241 0.018229 0.021296
