0 0.062240 0.610648 0.015104 0.021296
0 0.099479 0.299537 0.013542 0.025000
0 0.098437 0.247685 0.012500 0.025000
0 0.983073 0.080556 0.025521 0.062963
0 0.080729 0.299074 0.014583 0.024074
0 0.025521 0.325463 0.015625 0.023148
0 0.044010 0.273148 0.015104 0.024074
0 0.044010 0.662500 0.014063 0.028704
0 0.711979 0.088889 0.013542 0.022222
0 0.694792 0.088426 0.017708 0.023148
0 0.512500 0.977315 0.017708 0.025000
0 0.099219 0.701389 0.014063 0.023148
0 0.025260 0.636111 0.017188 0.024074
0 0.008594 0.221759 0.014063 0.025000
0 0.080469 0.325926 0.015104 0.025926
0 0.747656 0.088889 0.014063 0.022222
0 0.044271 0.700926 0.014583 0.025926
0 0.025781 0.662963 0.014063 0.029630
0 0.043750 0.247685 0.013542 0.023148
0 0.558333 0.978241 0.018750 0.028704
0 0.080729 0.247222 0.014583 0.024074
0 0.062240 0.325463 0.013021 0.025000
0 0.441667 0.064815 0.015625 0.024074
0 0.730208 0.088889 0.014583 0.022222
0 0.080469 0.610185 0.015104 0.022222
0 0.063281 0.700463 0.017188 0.025000
0 0.080990 0.700463 0.013021 0.023148
0 0.044010 0.610648 0.015104 0.023148
0 0.062500 0.662500 0.015625 0.028704
0 0.008073 0.663426 0.016146 0.030556
0 0.044271 0.352778 0.015625 0.025926
0 0.043750 0.584259 0.015625 0.022222
0 0.909896 0.034259 0.013542 0.025926
0 0.025781 0.299537 0.014063 0.025000
0 0.988021 0.010648 0.014583 0.021296
0 0.062500 0.299074 0.013542 0.024074
0 0.117448 0.248148 0.014063 0.025926
0 0.490104 0.976852 0.018750 0.024074
0 0.580729 0.979167 0.018750 0.030556
0 0.534896 0.977778 0.017708 0.025926
0 0.063021 0.726852 0.015625 0.020370
0 0.098698 0.325463 0.013021 0.025000
0 0.676562 0.087963 0.012500 0.022222
0 0.117969 0.326389 0.017188 0.023148
0 0.946354 0.146296 0.013542 0.022222
0 0.007812 0.325463 0.015625 0.023148
0 0.098958 0.635185 0.016667 0.025926
0 0.117188 0.701389 0.014583 0.023148
0 0.466146 0.978241 0.017708 0.026852
0 0.604167 0.979630 0.020833 0.031481
0 0.672917 0.981019 0.016667 0.028704
0 0.026042 0.273148 0.015625 0.025926
0 0.062500 0.221759 0.013542 0.023148
0 0.967708 0.145833 0.019792 0.023148
0 0.650260 0.980556 0.017188 0.029630
0 0.327344 0.978241 0.021354 0.025000
0 0.008333 0.727778 0.016667 0.020370
0 0.207813 0.145833 0.017708 0.025000
0 0.659375 0.088889 0.013542 0.022222
0 0.894271 0.034259 0.013542 0.022222
0 0.025781 0.584259 0.017188 0.024074
0 0.008594 0.635648 0.014063 0.025000
0 0.008073 0.351852 0.015104 0.024074
0 0.080469 0.221759 0.013021 0.023148
0 0.026042 0.700463 0.014583 0.026852
0 0.025521 0.352315 0.014583 0.026852
0 0.008333 0.700463 0.016667 0.026852
0 0.044010 0.222685 0.013021 0.023148
0 0.061719 0.584259 0.015104 0.022222
0 0.190365 0.145833 0.015104 0.025000
0 0.627083 0.980556 0.016667 0.027778
0 0.007552 0.194907 0.015104 0.025000
0 0.026042 0.726852 0.015625 0.020370
0 0.847135 0.199537 0.035937 0.028704
0 0.110937 0.089815 0.016667 0.027778
0 0.080208 0.194907 0.012500 0.023148
0 0.008073 0.610185 0.016146 0.022222
0 0.008073 0.584259 0.016146 0.025926
0 0.008333 0.273148 0.014583 0.024074
0 0.154688 0.145833 0.016667 0.026852
0 0.116927 0.636111 0.014063 0.024074
0 0.007812 0.298148 0.015625 0.027778
0 0.917448 0.200000 0.035937 0.024074
0 0.988802 0.145370 0.019271 0.022222
0 0.025521 0.222222 0.015625 0.024074
0 0.134375 0.145833 0.019792 0.026852
0 0.114583 0.145833 0.016667 0.026852
0 0.846615 0.978241 0.014063 0.023148
0 0.117448 0.585185 0.015104 0.020370
0 0.117188 0.609722 0.012500 0.023148
0 0.099740 0.610648 0.018229 0.025000
0 0.099219 0.221296 0.014063 0.022222
0 0.641667 0.089815 0.014583 0.024074
0 0.116927 0.221759 0.013021 0.023148
0 0.062500 0.195370 0.013542 0.024074
0 0.134896 0.756481 0.007292 0.016667
0 0.881250 0.200000 0.032292 0.027778
0 0.115104 0.561111 0.009375 0.018519
0 0.080208 0.584259 0.014583 0.022222
0 0.994792 0.172222 0.009375 0.016667
0 0.097135 0.145833 0.016146 0.025000
0 0.105990 0.756481 0.009896 0.018519
0 0.879948 0.977778 0.014063 0.024074
0 0.116406 0.194444 0.010937 0.022222
0 0.964583 0.172685 0.009375 0.015741
0 0.863021 0.977778 0.015625 0.024074
0 0.172656 0.145370 0.016146 0.025926
0 0.080469 0.662037 0.014063 0.027778
0 0.099219 0.585185 0.017188 0.022222
0 0.115365 0.756481 0.006771 0.016667
0 0.078906 0.145833 0.017188 0.025000
0 0.025781 0.609259 0.018229 0.020370
0 0.818750 0.174074 0.012500 0.020370
0 0.608854 0.076852 0.035417 0.055556
0 0.197135 0.173148 0.008854 0.020370
0 0.984896 0.408333 0.011458 0.018519
0 0.115885 0.172222 0.010937 0.020370
0 0.984375 0.171296 0.009375 0.016667
0 0.025781 0.145370 0.050521 0.027778
0 0.124740 0.756481 0.007812 0.016667
0 0.236979 0.033796 0.015625 0.021296
0 0.124479 0.560648 0.007292 0.017593
0 0.189323 0.212500 0.077604 0.019444
0 0.135156 0.560185 0.007812 0.016667
0 0.134635 0.172222 0.009896 0.020370
0 0.060417 0.146296 0.015625 0.025926
0 0.974479 0.172222 0.008333 0.014815
0 0.938021 0.009722 0.011458 0.019444
0 0.842448 0.760648 0.006771 0.013889
0 0.939323 0.008333 0.010937 0.016667
0 0.842187 0.777778 0.008333 0.012963
0 0.847135 0.461574 0.034896 0.019444
0 0.944792 0.976389 0.013542 0.026852
0 0.870052 0.549074 0.065104 0.016667
0 0.042448 0.728241 0.018229 0.021296
0 0.070573 0.804630 0.141146 0.027778
0 0.070573 0.830556 0.141146 0.027778
0 0.016406 0.081944 0.026562 0.062037
0 0.098698 0.273611 0.013021 0.025000
0 0.397135 0.976389 0.117188 0.034259
0 0.062240 0.636111 0.016146 0.025926
0 0.065104 0.083796 0.021875 0.060185
0 0.080469 0.272685 0.015104 0.025000
0 0.116927 0.273611 0.014063 0.023148
0 0.062760 0.272685 0.015104 0.025000
0 0.088542 0.082407 0.023958 0.061111
0 0.371354 0.147222 0.014583 0.022222
0 0.080469 0.727315 0.014063 0.023148
0 0.080469 0.635648 0.015104 0.025000
0 0.118229 0.300463 0.017708 0.025000
0 0.044010 0.325926 0.014063 0.024074
0 0.044531 0.726852 0.015104 0.020370
0 0.040625 0.083333 0.021875 0.061111
0 0.044271 0.298611 0.014583 0.025000
0 0.044010 0.636574 0.015104 0.025000
0 0.877630 0.813426 0.077135 0.012037
0 0.962667 0.009755 0.014583 0.019509
0 0.909510 0.409440 0.158917 0.019269
0 0.070052 0.858556 0.140104 0.026852
0 0.070312 0.904583 0.140625 0.023981
0 0.860130 0.689815 0.042135 0.012963
0 0.290938 0.144907 0.144167 0.025000
0 0.046620 0.033833 0.016344 0.018519
0 0.862578 0.900463 0.047031 0.013889
0 0.912839 0.883333 0.154531 0.016667
0 0.026589 0.195370 0.017760 0.025926
0 0.181094 0.861546 0.045521 0.076019
0 0.044326 0.195370 0.015724 0.025926
0 0.919245 0.063046 0.036979 0.025000
0 0.356435 0.088861 0.144422 0.026537
0 0.642911 0.062861 0.019792 0.023148
0 0.837500 0.064537 0.015625 0.021667
0 0.070766 0.034407 0.023219 0.019778
0 0.097547 0.032778 0.023219 0.019963
0 0.119172 0.033759 0.014167 0.019019
0 0.111536 0.063426 0.019948 0.021296
0 0.140859 0.033764 0.020240 0.018509
0 0.214234 0.033764 0.022698 0.018509
0 0.099740 0.196361 0.019271 0.024074
0 0.272969 0.089241 0.020781 0.024074
0 0.805620 0.090023 0.014927 0.021083
0 0.788802 0.066343 0.016146 0.023426
0 0.009531 0.247454 0.016979 0.024537
0 0.519089 0.061704 0.134740 0.025259
0 0.272687 0.064102 0.021094 0.024074
0 0.858828 0.081944 0.025052 0.050926
0 0.731102 0.064079 0.034151 0.024269
0 0.821354 0.065370 0.013542 0.021481
0 0.771453 0.090167 0.015969 0.022519
0 0.820745 0.089023 0.013396 0.022231
0 0.161388 0.033245 0.017349 0.020046
0 0.189995 0.087963 0.135635 0.025926
0 0.510417 0.088889 0.153125 0.024074
0 0.910174 0.250042 0.158609 0.016713
0 0.954167 0.077963 0.021875 0.055926
0 0.772135 0.066111 0.017188 0.022963
0 0.070805 0.925523 0.141297 0.013769
0 0.063516 0.247407 0.016615 0.024444
0 0.974859 0.976338 0.035469 0.032028
0 0.027312 0.247648 0.016146 0.024074
0 0.931268 0.976005 0.010641 0.022065
0 0.918620 0.974843 0.013531 0.025722
0 0.914646 0.743958 0.152562 0.017250
0 0.914237 0.673005 0.150984 0.017139
0 0.883656 0.082065 0.024479 0.055556
0 0.788758 0.090097 0.016703 0.021231
0 0.914357 0.655843 0.150984 0.018019
0 0.914680 0.637981 0.150984 0.018019
0 0.914898 0.619935 0.150984 0.018019
0 0.915112 0.601889 0.150984 0.018019
0 0.186620 0.033634 0.026167 0.018769
0 0.910607 0.284481 0.158609 0.016704
0 0.912341 0.302731 0.158609 0.016704
0 0.910172 0.320468 0.158615 0.016713
0 0.909591 0.337944 0.158609 0.016704
0 0.805990 0.065787 0.017188 0.022315
0 0.684372 0.064352 0.060630 0.023148
0 0.910109 0.355208 0.159677 0.016713
0 0.932448 0.033796 0.020104 0.025000
0 0.355813 0.063056 0.144104 0.025741
0 0.909253 0.373639 0.158609 0.016704
0 0.909391 0.389968 0.158615 0.016713
0 0.189253 0.063750 0.134516 0.024352
0 0.909685 0.443861 0.158609 0.016704
0 0.914060 0.480111 0.150984 0.018019
0 0.913628 0.497963 0.150984 0.018019
0 0.913737 0.515028 0.150984 0.016056
0 0.899174 0.976750 0.017172 0.028704
0 0.913607 0.532375 0.150984 0.016509
0 0.027422 0.033222 0.015104 0.020370
0 0.009479 0.033324 0.014063 0.019907
0 0.875312 0.866204 0.073542 0.013889
0 0.877943 0.831019 0.077760 0.013889
0 0.973073 0.033796 0.050729 0.025000
0 0.863646 0.848611 0.049167 0.013889
0 0.913411 0.919120 0.173177 0.019167
0 0.910109 0.088477 0.017708 0.024898
0 0.928599 0.088435 0.017188 0.026463
0 0.125490 0.172463 0.007812 0.017593
0 0.909846 0.795037 0.157182 0.013889
0 0.166432 0.173611 0.048385 0.017593
0 0.863151 0.426852 0.067969 0.016667
