0 0.112630 0.063000 0.018750 0.021296
0 0.272422 0.089815 0.019844 0.024074
0 0.988021 0.010074 0.014583 0.020148
0 0.859089 0.081481 0.024531 0.050000
0 0.026250 0.248370 0.014375 0.024074
0 0.772135 0.066991 0.017188 0.024722
0 0.954167 0.079537 0.021875 0.057222
0 0.788802 0.066343 0.016146 0.023426
0 0.064901 0.247481 0.015625 0.024074
0 0.519187 0.063389 0.135063 0.026852
0 0.009396 0.248204 0.016458 0.024259
0 0.884198 0.081435 0.023958 0.054630
0 0.082464 0.247222 0.014583 0.024074
0 0.189620 0.088389 0.135552 0.025630
0 0.272109 0.064352 0.020260 0.025000
0 0.821677 0.065574 0.013542 0.024963
0 0.806250 0.066250 0.016667 0.023241
0 0.933646 0.033796 0.022500 0.025000
0 0.355245 0.063384 0.144406 0.024546
0 0.189758 0.064491 0.134859 0.022870
0 0.912682 0.900000 0.152760 0.018519
0 0.864375 0.813426 0.050625 0.012037
0 0.854818 0.795833 0.051302 0.013889
0 0.877370 0.831019 0.076615 0.013889
0 0.913490 0.920671 0.170417 0.023102
0 0.046401 0.033667 0.016510 0.018519
0 0.070781 0.034292 0.022750 0.020361
0 0.098104 0.033556 0.021844 0.016759
0 0.120130 0.033468 0.014563 0.018917
0 0.140935 0.033134 0.017495 0.017324
0 0.162492 0.034023 0.017120 0.019546
0 0.186984 0.034023 0.026865 0.019546
0 0.214667 0.034361 0.020729 0.018056
0 0.771737 0.091356 0.015339 0.020694
0 0.788542 0.090801 0.015760 0.019583
0 0.913279 0.567000 0.152089 0.016667
0 0.804937 0.090532 0.015656 0.021694
0 0.642594 0.062556 0.019792 0.023148
0 0.919646 0.063685 0.036979 0.025000
0 0.180932 0.862176 0.050938 0.077778
0 0.356583 0.089148 0.146625 0.026704
0 0.044104 0.194907 0.015958 0.025000
0 0.026797 0.195370 0.018177 0.025926
0 0.009786 0.032833 0.012823 0.018519
0 0.821352 0.090343 0.011557 0.022852
0 0.962865 0.009319 0.014583 0.018639
0 0.071458 0.925278 0.141042 0.014444
0 0.295026 0.145370 0.153698 0.024074
0 0.910177 0.250236 0.159021 0.017398
0 0.862638 0.426611 0.065036 0.015741
0 0.910182 0.285329 0.159021 0.017398
0 0.911344 0.087500 0.017708 0.024074
0 0.858255 0.865741 0.039427 0.012963
0 0.928964 0.088130 0.017188 0.023185
0 0.868646 0.761111 0.059167 0.014815
0 0.910687 0.303769 0.159021 0.017407
0 0.910326 0.408250 0.161120 0.017204
0 0.909849 0.321611 0.159021 0.017407
0 0.027135 0.032898 0.015104 0.020370
0 0.165938 0.173611 0.049375 0.017593
0 0.911250 0.479630 0.157917 0.016667
0 0.910047 0.339148 0.159021 0.017407
0 0.909849 0.356181 0.159021 0.017398
0 0.913802 0.497222 0.152604 0.018519
0 0.909474 0.372847 0.159021 0.017398
0 0.909599 0.389949 0.159021 0.017398
0 0.909773 0.443185 0.159026 0.017407
0 0.913940 0.584250 0.152089 0.016667
0 0.913651 0.601731 0.152094 0.016667
0 0.913940 0.618944 0.152089 0.016667
0 0.914065 0.637250 0.152089 0.016667
0 0.913607 0.656120 0.152089 0.016667
0 0.913284 0.672639 0.152089 0.016667
0 0.913159 0.690833 0.152089 0.016667
0 0.913591 0.708120 0.152089 0.016667
0 0.913807 0.725778 0.152094 0.016667
0 0.913859 0.743065 0.152094 0.016667
0 0.882143 0.779009 0.087766 0.016685
0 0.873909 0.882324 0.072099 0.013556
0 0.898049 0.975671 0.017370 0.025546
0 0.918669 0.976449 0.013620 0.025324
0 0.932477 0.977227 0.012495 0.022435
0 0.945599 0.977782 0.013500 0.021324
0 0.976346 0.979042 0.041651 0.034639
0 0.879010 0.848148 0.079896 0.012963
0 0.837578 0.064815 0.015469 0.022222
0 0.099901 0.197315 0.019271 0.024074
0 0.946354 0.146759 0.013542 0.023148
0 0.070573 0.804630 0.141146 0.027778
0 0.070573 0.830556 0.141146 0.027778
0 0.016406 0.081944 0.026562 0.062037
0 0.098698 0.273611 0.013021 0.025000
0 0.062240 0.636111 0.016146 0.025926
0 0.065104 0.083333 0.021875 0.061111
0 0.116927 0.273611 0.014063 0.023148
0 0.080469 0.272685 0.015104 0.025000
0 0.080469 0.635648 0.015104 0.025000
0 0.088542 0.082407 0.023958 0.061111
0 0.396875 0.976389 0.116667 0.034259
0 0.062760 0.272685 0.015104 0.025000
0 0.080469 0.727315 0.014063 0.023148
0 0.044010 0.325926 0.014063 0.024074
0 0.118229 0.300463 0.017708 0.025000
0 0.380990 0.147222 0.014063 0.020370
0 0.044010 0.636111 0.015104 0.025926
0 0.062240 0.610648 0.015104 0.021296
0 0.040885 0.083333 0.021354 0.061111
0 0.044531 0.726852 0.016146 0.020370
0 0.044271 0.298611 0.014583 0.025000
0 0.098437 0.247685 0.012500 0.025000
0 0.099479 0.299537 0.013542 0.025000
0 0.983073 0.081481 0.025521 0.062963
0 0.025521 0.325463 0.015625 0.023148
0 0.512760 0.977315 0.017188 0.025000
0 0.044010 0.662500 0.014063 0.028704
0 0.080729 0.299074 0.014583 0.024074
0 0.711979 0.088426 0.013542 0.023148
0 0.044010 0.273148 0.015104 0.024074
0 0.694792 0.088426 0.017708 0.023148
0 0.025260 0.636111 0.017188 0.024074
0 0.099219 0.701389 0.014063 0.023148
0 0.044271 0.700926 0.014583 0.025926
0 0.008594 0.221759 0.014063 0.025000
0 0.080469 0.610185 0.015104 0.022222
0 0.043750 0.247685 0.013542 0.023148
0 0.683854 0.062500 0.061458 0.026852
0 0.747396 0.088889 0.014583 0.022222
0 0.441667 0.064815 0.015625 0.024074
0 0.558333 0.977778 0.018750 0.027778
0 0.063281 0.700463 0.017188 0.025000
0 0.025781 0.662963 0.014063 0.029630
0 0.729948 0.088889 0.015104 0.022222
0 0.080469 0.326389 0.015104 0.025000
0 0.080990 0.700463 0.013021 0.023148
0 0.044010 0.610648 0.015104 0.023148
0 0.062500 0.662500 0.015625 0.028704
0 0.973437 0.033333 0.051042 0.025926
0 0.062240 0.325463 0.013021 0.025000
0 0.490104 0.976852 0.018750 0.024074
0 0.008073 0.663426 0.016146 0.030556
0 0.117448 0.248148 0.014063 0.025926
0 0.025781 0.299537 0.014063 0.025000
0 0.580729 0.979167 0.018750 0.030556
0 0.043750 0.584259 0.015625 0.022222
0 0.534896 0.977778 0.017708 0.025926
0 0.062760 0.299074 0.014063 0.024074
0 0.117969 0.326389 0.017188 0.023148
0 0.044271 0.352778 0.015625 0.025926
0 0.672917 0.981019 0.016667 0.028704
0 0.676562 0.087963 0.012500 0.022222
0 0.909896 0.034259 0.013542 0.025926
0 0.604167 0.979630 0.020833 0.031481
0 0.466146 0.978241 0.017708 0.026852
0 0.063281 0.727315 0.016146 0.021296
0 0.117188 0.701389 0.014583 0.023148
0 0.007812 0.325463 0.015625 0.023148
0 0.062240 0.221759 0.014063 0.023148
0 0.207813 0.145833 0.017708 0.025000
0 0.327083 0.978241 0.021875 0.025000
0 0.098698 0.325463 0.013021 0.025000
0 0.098958 0.635648 0.015625 0.025000
0 0.026042 0.273148 0.015625 0.025926
0 0.650260 0.981019 0.017188 0.028704
0 0.008333 0.727778 0.016667 0.020370
0 0.008073 0.352315 0.015104 0.023148
0 0.026042 0.700463 0.014583 0.026852
0 0.894271 0.034722 0.013542 0.023148
0 0.080469 0.221296 0.013021 0.022222
0 0.008594 0.635648 0.014063 0.025000
0 0.659115 0.088426 0.014063 0.021296
0 0.025521 0.584259 0.017708 0.024074
0 0.967708 0.145833 0.019792 0.023148
0 0.025521 0.352315 0.014583 0.026852
0 0.008333 0.700463 0.016667 0.026852
0 0.043750 0.222222 0.013542 0.022222
0 0.117448 0.636574 0.017188 0.025000
0 0.627083 0.980556 0.016667 0.027778
0 0.846875 0.199537 0.035417 0.028704
0 0.061719 0.583796 0.015104 0.021296
0 0.731510 0.062963 0.035937 0.025926
0 0.190365 0.145833 0.015104 0.025000
0 0.111198 0.089815 0.016146 0.027778
0 0.098958 0.610185 0.015625 0.024074
0 0.026042 0.726852 0.015625 0.020370
0 0.008073 0.584259 0.016146 0.025926
0 0.008073 0.610185 0.016146 0.022222
0 0.007552 0.194907 0.015104 0.025000
0 0.008333 0.298148 0.015625 0.027778
0 0.917448 0.200000 0.035937 0.024074
0 0.008333 0.273148 0.014583 0.024074
0 0.025521 0.222222 0.015625 0.024074
0 0.079948 0.194907 0.013021 0.023148
0 0.154688 0.145370 0.016667 0.025926
0 0.098958 0.221296 0.014583 0.022222
0 0.134375 0.145833 0.018750 0.026852
0 0.114844 0.145833 0.017188 0.026852
0 0.116927 0.221759 0.013021 0.023148
0 0.988802 0.145370 0.019271 0.022222
0 0.117708 0.585185 0.016667 0.022222
0 0.641927 0.089352 0.015104 0.025000
0 0.062500 0.195370 0.013542 0.024074
0 0.881250 0.199537 0.032292 0.028704
0 0.846615 0.978241 0.014063 0.023148
0 0.080208 0.584722 0.015625 0.021296
0 0.134896 0.756944 0.007292 0.017593
0 0.116406 0.194444 0.010937 0.022222
0 0.117969 0.610185 0.019271 0.025926
0 0.097135 0.145833 0.016146 0.025000
0 0.994792 0.172222 0.009375 0.016667
0 0.115104 0.561111 0.009375 0.018519
0 0.965625 0.171759 0.011458 0.015741
0 0.080469 0.662037 0.014063 0.027778
0 0.105990 0.756481 0.009896 0.018519
0 0.098698 0.585185 0.016146 0.022222
0 0.880208 0.977778 0.013542 0.024074
0 0.608854 0.077778 0.035417 0.057407
0 0.172917 0.144907 0.015625 0.025000
0 0.078906 0.145833 0.017188 0.025000
0 0.863021 0.977778 0.015625 0.024074
0 0.115365 0.756481 0.006771 0.016667
0 0.819010 0.173611 0.013021 0.021296
0 0.025781 0.609259 0.018229 0.020370
0 0.197396 0.173148 0.009375 0.020370
0 0.115885 0.172222 0.010937 0.020370
0 0.984375 0.171296 0.009375 0.016667
0 0.026042 0.145370 0.050000 0.027778
0 0.070573 0.858333 0.141146 0.027778
0 0.124740 0.756481 0.007812 0.016667
0 0.070833 0.904630 0.141667 0.025926
0 0.124479 0.560648 0.007292 0.017593
0 0.189583 0.212500 0.077083 0.019444
0 0.135156 0.560185 0.007812 0.016667
0 0.134635 0.172222 0.009896 0.020370
0 0.124740 0.172685 0.007812 0.017593
0 0.060417 0.146296 0.015625 0.025926
0 0.974479 0.172222 0.008333 0.014815
0 0.939323 0.008333 0.010937 0.016667
0 0.864323 0.514352 0.051562 0.015741
0 0.846615 0.461574 0.034896 0.019444
0 0.236979 0.033333 0.016667 0.020370
