0 0.883333 0.082870 0.024479 0.054630
0 0.009437 0.247731 0.015958 0.024074
0 0.189495 0.087954 0.135479 0.024722
0 0.683536 0.063380 0.060323 0.025093
0 0.273417 0.063852 0.021198 0.025000
0 0.821354 0.065648 0.013542 0.022037
0 0.806250 0.065972 0.016667 0.022685
0 0.933854 0.033796 0.022917 0.025000
0 0.189021 0.064398 0.134979 0.023056
0 0.355914 0.064667 0.144005 0.024889
0 0.975060 0.978722 0.040703 0.034537
0 0.931909 0.974222 0.009547 0.025185
0 0.917812 0.974995 0.015469 0.026731
0 0.899740 0.978199 0.015469 0.027991
0 0.875740 0.883005 0.074313 0.016454
0 0.882411 0.777773 0.088094 0.014917
0 0.868391 0.761347 0.059354 0.015343
0 0.914221 0.743764 0.152901 0.017546
0 0.914555 0.725782 0.152901 0.017546
0 0.914555 0.708023 0.152901 0.017546
0 0.914555 0.691097 0.152901 0.017546
0 0.914310 0.673486 0.152901 0.017546
0 0.915089 0.656181 0.152896 0.017546
0 0.914716 0.638755 0.152901 0.017546
0 0.914979 0.620829 0.152896 0.017546
0 0.914513 0.603069 0.152901 0.017546
0 0.914698 0.585310 0.152896 0.017546
0 0.915031 0.566560 0.152896 0.017546
0 0.910320 0.443491 0.159526 0.017593
0 0.862706 0.425514 0.065911 0.015639
0 0.909398 0.408361 0.159526 0.017593
0 0.908573 0.391000 0.159521 0.017593
0 0.909227 0.373741 0.159526 0.017593
0 0.909320 0.355824 0.159526 0.017593
0 0.909365 0.337741 0.160646 0.017593
0 0.909690 0.319704 0.159526 0.017593
0 0.910193 0.302602 0.159521 0.017593
0 0.910068 0.285056 0.159521 0.017593
0 0.909404 0.250343 0.159526 0.017593
0 0.821536 0.088708 0.012094 0.020731
0 0.805445 0.089954 0.014255 0.020926
0 0.788565 0.088907 0.015589 0.021407
0 0.772091 0.089079 0.015120 0.022065
0 0.214510 0.033463 0.021687 0.021056
0 0.187398 0.032940 0.026745 0.022102
0 0.161831 0.033319 0.015766 0.022657
0 0.140229 0.033222 0.020302 0.017093
0 0.119891 0.032556 0.014375 0.021574
0 0.097674 0.032227 0.023151 0.020250
0 0.070839 0.032722 0.026042 0.019907
0 0.046380 0.033551 0.016708 0.018917
0 0.913802 0.497222 0.152604 0.018519
0 0.910807 0.479630 0.158073 0.016667
0 0.914641 0.920102 0.170406 0.021463
0 0.027297 0.033287 0.015104 0.020370
0 0.878776 0.831019 0.079427 0.013889
0 0.863672 0.813426 0.049219 0.012037
0 0.855000 0.795833 0.051667 0.013889
0 0.879141 0.848148 0.080156 0.012963
0 0.913229 0.900000 0.151667 0.018519
0 0.858776 0.865741 0.040469 0.012963
0 0.167083 0.173611 0.047083 0.017593
0 0.928385 0.089606 0.017188 0.026343
0 0.911339 0.091352 0.017708 0.026852
0 0.071505 0.906222 0.141667 0.025926
0 0.070104 0.925671 0.140208 0.012176
0 0.295104 0.145370 0.153542 0.024074
0 0.963167 0.009287 0.014063 0.018574
0 0.069328 0.858898 0.138656 0.026852
0 0.010260 0.034139 0.013021 0.018519
0 0.026797 0.195370 0.018177 0.025926
0 0.044273 0.196444 0.016036 0.025000
0 0.182443 0.864843 0.049167 0.077778
0 0.356208 0.089454 0.144250 0.024796
0 0.642625 0.061463 0.019792 0.023148
0 0.838047 0.066204 0.014531 0.023148
0 0.919906 0.064194 0.036458 0.025000
0 0.272349 0.088843 0.020948 0.023796
0 0.100599 0.196759 0.017552 0.024074
0 0.112776 0.063426 0.018750 0.021296
0 0.730818 0.063287 0.034302 0.025278
0 0.858302 0.081083 0.022969 0.050000
0 0.788802 0.065463 0.016146 0.021667
0 0.988021 0.009491 0.014583 0.018981
0 0.954167 0.082269 0.021875 0.062685
0 0.772135 0.066204 0.017188 0.021296
0 0.508917 0.088222 0.154083 0.024074
0 0.518552 0.064074 0.134146 0.023704
0 0.064177 0.248250 0.015625 0.024074
0 0.098958 0.635648 0.015625 0.025000
0 0.070573 0.804630 0.141146 0.027778
0 0.070573 0.830556 0.141146 0.027778
0 0.016406 0.081944 0.026562 0.062037
0 0.098698 0.273611 0.013021 0.025000
0 0.062240 0.636111 0.016146 0.025926
0 0.065104 0.083796 0.021875 0.060185
0 0.080469 0.272685 0.015104 0.025000
0 0.116927 0.273611 0.014063 0.023148
0 0.396875 0.976389 0.116667 0.034259
0 0.080469 0.635648 0.015104 0.025000
0 0.088281 0.082407 0.023438 0.061111
0 0.062760 0.272685 0.015104 0.025000
0 0.080469 0.727315 0.014063 0.023148
0 0.118229 0.300463 0.017708 0.025000
0 0.044531 0.726852 0.015104 0.020370
0 0.044010 0.325463 0.014063 0.023148
0 0.044010 0.636574 0.015104 0.025000
0 0.062240 0.610648 0.015104 0.021296
0 0.098437 0.247685 0.012500 0.025000
0 0.380729 0.147222 0.013542 0.020370
0 0.044271 0.298611 0.014583 0.025000
0 0.040885 0.083333 0.021354 0.061111
0 0.099479 0.299537 0.013542 0.025000
0 0.983073 0.081481 0.025521 0.062963
0 0.512500 0.977315 0.017708 0.025000
0 0.044010 0.273148 0.015104 0.024074
0 0.080729 0.299074 0.014583 0.024074
0 0.025521 0.325463 0.015625 0.023148
0 0.044010 0.662500 0.014063 0.028704
0 0.711979 0.088889 0.013542 0.022222
0 0.694792 0.088426 0.017708 0.023148
0 0.099219 0.701389 0.014063 0.023148
0 0.025521 0.636111 0.016667 0.024074
0 0.044271 0.700926 0.014583 0.025926
0 0.008594 0.221759 0.014063 0.025000
0 0.080469 0.610185 0.015104 0.022222
0 0.043750 0.247685 0.013542 0.023148
0 0.558333 0.977778 0.018750 0.027778
0 0.080729 0.247222 0.014583 0.024074
0 0.747396 0.088889 0.014583 0.022222
0 0.441667 0.064815 0.015625 0.024074
0 0.063281 0.700463 0.017188 0.025000
0 0.973437 0.033333 0.051042 0.025926
0 0.025781 0.662963 0.014063 0.029630
0 0.062240 0.325463 0.013021 0.025000
0 0.080469 0.326389 0.015104 0.025000
0 0.080990 0.700463 0.013021 0.023148
0 0.062500 0.662500 0.015625 0.028704
0 0.730208 0.088889 0.014583 0.022222
0 0.044010 0.610648 0.015104 0.023148
0 0.025260 0.248148 0.016146 0.024074
0 0.490104 0.976852 0.018750 0.024074
0 0.044271 0.352778 0.015625 0.025926
0 0.025781 0.299537 0.014063 0.025000
0 0.008073 0.663426 0.016146 0.030556
0 0.062500 0.299074 0.013542 0.024074
0 0.117448 0.248148 0.014063 0.025926
0 0.043750 0.584259 0.015625 0.022222
0 0.534896 0.977315 0.017708 0.025000
0 0.580729 0.979167 0.018750 0.030556
0 0.672917 0.981019 0.016667 0.028704
0 0.676562 0.087963 0.012500 0.022222
0 0.063281 0.726852 0.016146 0.020370
0 0.117969 0.326389 0.017188 0.023148
0 0.909896 0.034259 0.013542 0.025926
0 0.007812 0.325463 0.015625 0.023148
0 0.604167 0.979630 0.020833 0.031481
0 0.466146 0.978241 0.017708 0.026852
0 0.117188 0.701389 0.014583 0.023148
0 0.098698 0.325926 0.013021 0.025926
0 0.062500 0.221759 0.013542 0.023148
0 0.327344 0.978241 0.021354 0.025000
0 0.207552 0.145833 0.017188 0.025000
0 0.026042 0.273148 0.015625 0.025926
0 0.650260 0.981019 0.017188 0.028704
0 0.946354 0.146759 0.013542 0.023148
0 0.008333 0.727778 0.016667 0.020370
0 0.659115 0.088426 0.013021 0.021296
0 0.894271 0.034722 0.013542 0.023148
0 0.008073 0.352315 0.015104 0.023148
0 0.026042 0.700463 0.014583 0.026852
0 0.967708 0.145833 0.019792 0.023148
0 0.080469 0.221296 0.013021 0.022222
0 0.025781 0.584259 0.017188 0.024074
0 0.008594 0.635648 0.014063 0.025000
0 0.025521 0.352315 0.014583 0.025000
0 0.043750 0.222222 0.013542 0.022222
0 0.846875 0.199537 0.035417 0.028704
0 0.008333 0.700463 0.016667 0.026852
0 0.627083 0.980556 0.016667 0.027778
0 0.117448 0.636574 0.017188 0.025000
0 0.061719 0.583796 0.015104 0.021296
0 0.111198 0.089815 0.016146 0.027778
0 0.098958 0.610185 0.015625 0.024074
0 0.190365 0.145833 0.015104 0.025000
0 0.008073 0.584259 0.016146 0.025926
0 0.026042 0.726852 0.015625 0.020370
0 0.007812 0.610185 0.015625 0.022222
0 0.007552 0.194907 0.015104 0.025000
0 0.007812 0.298148 0.015625 0.027778
0 0.008333 0.273148 0.014583 0.024074
0 0.917448 0.200000 0.035937 0.024074
0 0.025521 0.222222 0.015625 0.024074
0 0.080208 0.194907 0.012500 0.023148
0 0.134375 0.145833 0.018750 0.026852
0 0.154688 0.145370 0.016667 0.025926
0 0.099219 0.221296 0.014063 0.022222
0 0.114844 0.145833 0.017188 0.026852
0 0.988802 0.145370 0.019271 0.022222
0 0.116927 0.221759 0.013021 0.023148
0 0.641667 0.089815 0.014583 0.024074
0 0.117708 0.585185 0.016667 0.022222
0 0.881250 0.199537 0.032292 0.028704
0 0.062500 0.195370 0.013542 0.024074
0 0.846615 0.978241 0.014063 0.023148
0 0.080208 0.584722 0.015625 0.021296
0 0.134896 0.756481 0.007292 0.016667
0 0.116406 0.194444 0.010937 0.022222
0 0.117969 0.610185 0.019271 0.025926
0 0.097135 0.145833 0.016146 0.025000
0 0.994792 0.172222 0.009375 0.016667
0 0.105990 0.756481 0.009896 0.018519
0 0.115104 0.561111 0.009375 0.018519
0 0.965365 0.171759 0.010937 0.015741
0 0.080469 0.662037 0.014063 0.027778
0 0.098958 0.585185 0.015625 0.022222
0 0.078906 0.145833 0.017188 0.025000
0 0.608854 0.077315 0.035417 0.056481
0 0.880208 0.978241 0.013542 0.023148
0 0.172917 0.144907 0.015625 0.025000
0 0.863021 0.978241 0.015625 0.023148
0 0.115365 0.756481 0.006771 0.016667
0 0.025781 0.609722 0.017188 0.019444
0 0.819010 0.173611 0.013021 0.021296
0 0.197135 0.173148 0.008854 0.020370
0 0.115625 0.172222 0.010417 0.020370
0 0.984375 0.171296 0.009375 0.016667
0 0.026042 0.145370 0.050000 0.027778
0 0.124740 0.756481 0.007812 0.016667
0 0.124479 0.560648 0.007292 0.017593
0 0.134635 0.172222 0.009896 0.020370
0 0.193490 0.212963 0.088021 0.018519
0 0.135156 0.560185 0.007812 0.016667
0 0.124740 0.172685 0.007812 0.017593
0 0.974479 0.172222 0.008333 0.014815
0 0.060417 0.146296 0.015625 0.025926
0 0.939323 0.008333 0.010937 0.016667
0 0.864323 0.514352 0.051562 0.015741
0 0.236979 0.033333 0.016667 0.020370
0 0.944792 0.976389 0.013542 0.026852
