0 0.963135 0.008694 0.014583 0.017389
0 0.295234 0.145370 0.153281 0.024074
0 0.914693 0.742528 0.150792 0.016537
0 0.914427 0.654630 0.151354 0.018519
0 0.913411 0.601852 0.152865 0.018519
0 0.862969 0.425463 0.066562 0.015741
0 0.910057 0.089787 0.017708 0.028704
0 0.046526 0.032764 0.015292 0.020676
0 0.070701 0.033537 0.023797 0.018759
0 0.096760 0.032671 0.020781 0.017417
0 0.119049 0.032292 0.015401 0.015509
0 0.140422 0.032769 0.019167 0.016463
0 0.161667 0.032644 0.015042 0.015583
0 0.186120 0.032148 0.025500 0.018019
0 0.214633 0.032847 0.020661 0.021843
0 0.914604 0.672009 0.150792 0.016537
0 0.856563 0.865741 0.036042 0.012963
0 0.771706 0.090833 0.015984 0.021370
0 0.928224 0.089708 0.017188 0.027806
0 0.788406 0.090407 0.015021 0.018796
0 0.805654 0.091153 0.015141 0.022213
0 0.877734 0.848148 0.077344 0.012963
0 0.914141 0.900000 0.149844 0.018519
0 0.821393 0.089125 0.011536 0.021361
0 0.909836 0.250176 0.159703 0.017593
0 0.910826 0.285463 0.159703 0.017593
0 0.914141 0.619907 0.153281 0.017593
0 0.910534 0.303528 0.159703 0.017593
0 0.909378 0.321722 0.159703 0.017593
0 0.908945 0.338898 0.159703 0.017593
0 0.909914 0.356556 0.159703 0.017593
0 0.909445 0.373241 0.159703 0.017593
0 0.909555 0.390130 0.159703 0.017593
0 0.910453 0.444120 0.161135 0.016778
0 0.914180 0.479444 0.151016 0.018648
0 0.165807 0.173611 0.049635 0.017593
0 0.853516 0.795833 0.048698 0.013889
0 0.862630 0.813426 0.047135 0.012037
0 0.876875 0.831019 0.075625 0.013889
0 0.913776 0.585185 0.152552 0.016667
0 0.869427 0.761111 0.060729 0.014815
0 0.864609 0.514611 0.051562 0.015741
0 0.914453 0.637500 0.153906 0.017593
0 0.848109 0.460241 0.034896 0.015444
0 0.027734 0.032741 0.015104 0.020370
0 0.914185 0.919889 0.171630 0.022444
0 0.190057 0.064593 0.134260 0.024000
0 0.356036 0.063606 0.143969 0.026102
0 0.933724 0.033796 0.022656 0.025000
0 0.806250 0.065833 0.016667 0.022407
0 0.821354 0.065602 0.013542 0.021944
0 0.273021 0.064352 0.022083 0.025000
0 0.684411 0.062500 0.061458 0.026852
0 0.190315 0.088500 0.136766 0.025222
0 0.009622 0.248176 0.015651 0.024074
0 0.443333 0.063926 0.015625 0.024074
0 0.884542 0.080954 0.023958 0.054630
0 0.518177 0.063398 0.134062 0.023278
0 0.914169 0.497981 0.151036 0.018648
0 0.064604 0.247880 0.015625 0.024074
0 0.508984 0.088889 0.150260 0.024074
0 0.954167 0.082500 0.021875 0.063148
0 0.026875 0.247380 0.016146 0.024074
0 0.788802 0.065694 0.016146 0.022130
0 0.772135 0.066667 0.017188 0.024074
0 0.859805 0.079713 0.025339 0.050000
0 0.272760 0.089815 0.020521 0.024074
0 0.732802 0.062769 0.035937 0.025926
0 0.112932 0.063870 0.018750 0.021296
0 0.112469 0.090361 0.016146 0.027778
0 0.836719 0.065509 0.017188 0.023611
0 0.915083 0.567051 0.150552 0.016509
0 0.914391 0.689593 0.150792 0.016537
0 0.913802 0.707509 0.150792 0.016537
0 0.913990 0.726204 0.150792 0.016537
0 0.975469 0.976616 0.037500 0.032120
0 0.931177 0.975620 0.009719 0.022593
0 0.918034 0.976500 0.014078 0.023481
0 0.899531 0.978162 0.016198 0.020602
0 0.874471 0.883606 0.072901 0.015694
0 0.881898 0.778435 0.087036 0.014815
0 0.070260 0.925407 0.140521 0.014185
0 0.919714 0.062963 0.036458 0.024074
0 0.643099 0.063028 0.019792 0.023148
0 0.181766 0.862250 0.044948 0.074907
0 0.354898 0.088245 0.143745 0.025731
0 0.044836 0.195528 0.014807 0.025000
0 0.965021 0.171759 0.008792 0.015741
0 0.027396 0.196481 0.018125 0.025926
0 0.009471 0.033093 0.012307 0.018519
0 0.909745 0.408718 0.159490 0.017843
0 0.939323 0.008333 0.010937 0.016667
0 0.070573 0.804630 0.141146 0.027778
0 0.070573 0.830556 0.141146 0.027778
0 0.016406 0.081944 0.026562 0.062037
0 0.098698 0.273611 0.013021 0.025000
0 0.062240 0.636111 0.016146 0.025926
0 0.065104 0.083333 0.021875 0.061111
0 0.080469 0.272685 0.015104 0.025000
0 0.116927 0.273611 0.014063 0.023148
0 0.080469 0.635648 0.015104 0.025000
0 0.396875 0.976389 0.116667 0.034259
0 0.088542 0.082407 0.023958 0.061111
0 0.062760 0.272685 0.015104 0.025000
0 0.080469 0.727315 0.014063 0.023148
0 0.118229 0.300463 0.017708 0.025000
0 0.044010 0.325926 0.014063 0.024074
0 0.380729 0.147222 0.013542 0.020370
0 0.044010 0.636111 0.015104 0.025926
0 0.062240 0.610648 0.015104 0.021296
0 0.044531 0.726852 0.016146 0.020370
0 0.040885 0.083333 0.021354 0.061111
0 0.044271 0.298611 0.014583 0.025000
0 0.098437 0.247685 0.012500 0.025000
0 0.099479 0.299537 0.013542 0.025000
0 0.983073 0.081481 0.025521 0.062963
0 0.025521 0.325463 0.015625 0.023148
0 0.080729 0.299074 0.014583 0.024074
0 0.044010 0.662500 0.014063 0.028704
0 0.044010 0.273148 0.015104 0.024074
0 0.512500 0.977315 0.017708 0.025000
0 0.711979 0.088426 0.013542 0.023148
0 0.694792 0.088426 0.017708 0.023148
0 0.025260 0.636111 0.017188 0.024074
0 0.099219 0.701389 0.014063 0.023148
0 0.044271 0.700926 0.014583 0.025926
0 0.008594 0.221759 0.014063 0.025000
0 0.080469 0.610185 0.015104 0.022222
0 0.043750 0.247685 0.013542 0.023148
0 0.747396 0.088889 0.014583 0.022222
0 0.080729 0.247222 0.014583 0.024074
0 0.025781 0.662963 0.014063 0.029630
0 0.558333 0.977778 0.018750 0.027778
0 0.063281 0.700463 0.017188 0.025000
0 0.080469 0.326389 0.015104 0.025000
0 0.730208 0.088889 0.014583 0.022222
0 0.080990 0.700463 0.013021 0.023148
0 0.062500 0.662500 0.015625 0.028704
0 0.973437 0.033333 0.051042 0.025926
0 0.062240 0.325463 0.013021 0.025000
0 0.044010 0.610648 0.015104 0.023148
0 0.008073 0.663426 0.016146 0.030556
0 0.490104 0.976852 0.018750 0.024074
0 0.025781 0.299537 0.014063 0.025000
0 0.117448 0.248148 0.014063 0.025926
0 0.043750 0.584259 0.015625 0.022222
0 0.580729 0.979167 0.018750 0.030556
0 0.062760 0.299074 0.014063 0.024074
0 0.534896 0.977778 0.017708 0.025926
0 0.044271 0.352778 0.015625 0.025926
0 0.117969 0.326389 0.017188 0.023148
0 0.988021 0.010648 0.014583 0.021296
0 0.909896 0.034259 0.013542 0.025926
0 0.676562 0.087963 0.012500 0.022222
0 0.672917 0.981019 0.016667 0.028704
0 0.604167 0.979630 0.020833 0.031481
0 0.063281 0.726852 0.016146 0.020370
0 0.466146 0.978241 0.017708 0.026852
0 0.007812 0.325463 0.015625 0.023148
0 0.327083 0.978241 0.021875 0.025000
0 0.062240 0.221759 0.014063 0.023148
0 0.117188 0.701389 0.014583 0.023148
0 0.236979 0.033333 0.016667 0.020370
0 0.207813 0.145833 0.017708 0.025000
0 0.098698 0.325463 0.013021 0.025000
0 0.944792 0.976389 0.013542 0.026852
0 0.098958 0.635648 0.015625 0.025000
0 0.026042 0.273148 0.015625 0.025926
0 0.650260 0.981019 0.017188 0.028704
0 0.946354 0.146759 0.013542 0.023148
0 0.008333 0.727778 0.016667 0.020370
0 0.008073 0.352315 0.015104 0.023148
0 0.894271 0.034722 0.013542 0.023148
0 0.026042 0.700463 0.014583 0.026852
0 0.008594 0.635648 0.014063 0.025000
0 0.659375 0.088426 0.013542 0.021296
0 0.080469 0.221296 0.013021 0.022222
0 0.025521 0.584259 0.017708 0.024074
0 0.967708 0.145833 0.019792 0.023148
0 0.025521 0.352315 0.014583 0.026852
0 0.043750 0.222222 0.013542 0.022222
0 0.008333 0.700463 0.016667 0.026852
0 0.117448 0.636574 0.017188 0.025000
0 0.099740 0.194444 0.019271 0.024074
0 0.061719 0.583796 0.015104 0.021296
0 0.627083 0.980556 0.016667 0.027778
0 0.846875 0.199537 0.035417 0.028704
0 0.190365 0.145833 0.015104 0.025000
0 0.098958 0.609722 0.015625 0.025000
0 0.026042 0.726852 0.015625 0.020370
0 0.008073 0.584259 0.016146 0.025926
0 0.007812 0.610185 0.015625 0.022222
0 0.007552 0.194907 0.015104 0.025000
0 0.008333 0.298148 0.015625 0.027778
0 0.008333 0.273148 0.014583 0.024074
0 0.917448 0.200000 0.035937 0.024074
0 0.025521 0.222222 0.015625 0.024074
0 0.079948 0.194907 0.013021 0.023148
0 0.154688 0.145370 0.016667 0.025926
0 0.098958 0.221296 0.014583 0.022222
0 0.134375 0.145833 0.018750 0.026852
0 0.114844 0.145833 0.017188 0.026852
0 0.988802 0.145370 0.019271 0.022222
0 0.116927 0.221759 0.013021 0.023148
0 0.641667 0.089815 0.014583 0.024074
0 0.117708 0.585185 0.016667 0.022222
0 0.062500 0.195370 0.013542 0.024074
0 0.881250 0.199537 0.032292 0.028704
0 0.846615 0.978241 0.014063 0.023148
0 0.080208 0.584722 0.015625 0.021296
0 0.134896 0.756481 0.007292 0.016667
0 0.116406 0.194444 0.010937 0.022222
0 0.097135 0.145833 0.016146 0.025000
0 0.117969 0.610185 0.019271 0.025926
0 0.994792 0.172222 0.009375 0.016667
0 0.080469 0.662037 0.014063 0.027778
0 0.115104 0.561111 0.009375 0.018519
0 0.105990 0.756481 0.009896 0.018519
0 0.608854 0.077315 0.035417 0.056481
0 0.098698 0.585185 0.016146 0.022222
0 0.172917 0.144907 0.015625 0.025000
0 0.078906 0.145833 0.017188 0.025000
0 0.880208 0.978241 0.013542 0.023148
0 0.863021 0.978241 0.015625 0.023148
0 0.115365 0.756481 0.006771 0.016667
0 0.819010 0.173611 0.013021 0.021296
0 0.025781 0.609259 0.018229 0.020370
0 0.197135 0.173148 0.008854 0.020370
0 0.115885 0.172222 0.010937 0.020370
0 0.984375 0.171296 0.009375 0.016667
0 0.026042 0.145370 0.050000 0.027778
0 0.070052 0.857870 0.140104 0.026852
0 0.124740 0.756481 0.007812 0.016667
0 0.070833 0.904630 0.141667 0.025926
0 0.124479 0.560648 0.007292 0.017593
0 0.189323 0.212500 0.077604 0.019444
0 0.134635 0.172222 0.009896 0.020370
0 0.135156 0.560185 0.007812 0.016667
0 0.124740 0.172685 0.007812 0.017593
0 0.060417 0.146296 0.015625 0.025926
0 0.974479 0.172222 0.008333 0.014815
