0 0.008779 0.248250 0.017557 0.024074
0 0.518495 0.063380 0.134792 0.025093
0 0.026927 0.195370 0.018438 0.025926
0 0.009745 0.032296 0.013010 0.018519
0 0.295078 0.144907 0.153594 0.025000
0 0.189398 0.063528 0.134745 0.024463
0 0.026615 0.033222 0.015104 0.020370
0 0.932578 0.033796 0.020365 0.025000
0 0.913932 0.637500 0.152865 0.017593
0 0.806250 0.065093 0.016667 0.020926
0 0.684135 0.063898 0.060156 0.025389
0 0.868984 0.760648 0.059844 0.013889
0 0.877344 0.831019 0.076563 0.013889
0 0.821354 0.064907 0.013542 0.020556
0 0.272448 0.064815 0.020938 0.024074
0 0.189534 0.088102 0.134161 0.026204
0 0.974758 0.977935 0.035349 0.035574
0 0.945734 0.977935 0.013677 0.027870
0 0.932057 0.976898 0.011677 0.021056
0 0.919297 0.978824 0.012844 0.028463
0 0.898448 0.977046 0.018510 0.029648
0 0.884807 0.082407 0.024479 0.055556
0 0.914615 0.584926 0.153073 0.016667
0 0.063956 0.247991 0.016349 0.024074
0 0.874115 0.884384 0.072719 0.016602
0 0.026844 0.247639 0.016146 0.024074
0 0.914591 0.919898 0.168630 0.022611
0 0.508906 0.088426 0.150104 0.025000
0 0.954167 0.079028 0.021875 0.056204
0 0.772135 0.065972 0.017188 0.020833
0 0.863021 0.813426 0.047917 0.012037
0 0.987370 0.008662 0.014583 0.017324
0 0.858854 0.081481 0.025000 0.050000
0 0.788802 0.066759 0.016146 0.024259
0 0.731508 0.063120 0.034068 0.024944
0 0.855130 0.795833 0.051927 0.013889
0 0.881773 0.778139 0.086141 0.015148
0 0.964323 0.008282 0.014063 0.016565
0 0.099740 0.196750 0.019271 0.024074
0 0.914354 0.741944 0.152865 0.017593
0 0.111536 0.063426 0.019948 0.021296
0 0.272240 0.090741 0.020521 0.025926
0 0.877969 0.848148 0.077813 0.012963
0 0.914307 0.901463 0.149844 0.016704
0 0.111104 0.089815 0.016146 0.027778
0 0.913932 0.497222 0.152865 0.018519
0 0.070573 0.925731 0.141146 0.014093
0 0.913880 0.601852 0.153802 0.018519
0 0.910109 0.089796 0.017708 0.026852
0 0.857839 0.865741 0.038594 0.012963
0 0.195219 0.212454 0.088021 0.018519
0 0.356531 0.063773 0.142667 0.025139
0 0.928818 0.088454 0.017188 0.025130
0 0.914036 0.619907 0.153073 0.017593
0 0.165417 0.173611 0.050417 0.017593
0 0.914229 0.725111 0.152865 0.017593
0 0.913979 0.708065 0.152865 0.017593
0 0.913234 0.690343 0.152865 0.017593
0 0.913391 0.672972 0.152865 0.017593
0 0.913641 0.655046 0.152865 0.017593
0 0.910279 0.443481 0.159870 0.017685
0 0.862542 0.426190 0.064865 0.015880
0 0.909458 0.408671 0.159865 0.017676
0 0.909911 0.390440 0.159865 0.017676
0 0.909664 0.372278 0.159870 0.017685
0 0.909664 0.355889 0.159870 0.017685
0 0.909708 0.338157 0.159865 0.017685
0 0.910141 0.321241 0.159865 0.017685
0 0.910719 0.303301 0.159865 0.017676
0 0.911005 0.285106 0.159865 0.017676
0 0.909930 0.250630 0.159870 0.017685
0 0.820740 0.089259 0.012625 0.021167
0 0.805818 0.090046 0.014156 0.023593
0 0.788161 0.089801 0.016104 0.019972
0 0.771818 0.089426 0.015865 0.021796
0 0.214203 0.032032 0.021219 0.021176
0 0.186563 0.032370 0.026990 0.017870
0 0.161529 0.033361 0.016151 0.018000
0 0.140370 0.033361 0.020781 0.018759
0 0.119969 0.032213 0.014437 0.018370
0 0.097872 0.032829 0.022057 0.019694
0 0.070974 0.033907 0.023917 0.020852
0 0.046682 0.032995 0.017031 0.017046
0 0.914406 0.566500 0.152552 0.017315
0 0.179771 0.862231 0.043542 0.076759
0 0.044393 0.195880 0.015484 0.025926
0 0.356336 0.088588 0.145974 0.026157
0 0.643286 0.063028 0.019792 0.023148
0 0.837812 0.063750 0.015000 0.018241
0 0.027104 0.222222 0.015625 0.024074
0 0.911615 0.479630 0.158646 0.016667
0 0.939323 0.008333 0.010937 0.016667
0 0.070573 0.804630 0.141146 0.027778
0 0.070573 0.830556 0.141146 0.027778
0 0.016406 0.081944 0.026562 0.062037
0 0.098698 0.273611 0.013021 0.025000
0 0.397135 0.976389 0.117188 0.034259
0 0.062240 0.636111 0.016146 0.025926
0 0.065104 0.083796 0.021875 0.060185
0 0.080469 0.272685 0.015104 0.025000
0 0.116927 0.273611 0.014063 0.023148
0 0.080469 0.635648 0.015104 0.025000
0 0.088281 0.082407 0.023438 0.061111
0 0.080469 0.727315 0.014063 0.023148
0 0.062760 0.272685 0.015104 0.025000
0 0.044531 0.726852 0.016146 0.020370
0 0.118229 0.300463 0.017708 0.025000
0 0.044010 0.325463 0.014063 0.023148
0 0.044010 0.636574 0.015104 0.025000
0 0.062240 0.610648 0.015104 0.021296
0 0.098437 0.247685 0.012500 0.025000
0 0.044271 0.298611 0.014583 0.025000
0 0.380729 0.147222 0.013542 0.020370
0 0.040885 0.083333 0.021354 0.061111
0 0.099479 0.299537 0.013542 0.025000
0 0.044010 0.273148 0.015104 0.024074
0 0.044010 0.662500 0.014063 0.028704
0 0.983073 0.081481 0.025521 0.062963
0 0.080729 0.299074 0.014583 0.024074
0 0.025521 0.325463 0.015625 0.023148
0 0.512500 0.977315 0.017708 0.025000
0 0.711979 0.088889 0.013542 0.022222
0 0.694792 0.088426 0.017708 0.023148
0 0.099219 0.701389 0.014063 0.023148
0 0.025260 0.636111 0.017188 0.024074
0 0.044271 0.700926 0.014583 0.025926
0 0.008594 0.221759 0.014063 0.025000
0 0.080469 0.610185 0.015104 0.022222
0 0.043750 0.247685 0.013542 0.023148
0 0.558333 0.977778 0.018750 0.027778
0 0.747396 0.088889 0.014583 0.022222
0 0.080729 0.247222 0.014583 0.024074
0 0.973437 0.033333 0.051042 0.025926
0 0.025781 0.662963 0.014063 0.029630
0 0.062240 0.325463 0.013021 0.025000
0 0.080469 0.325926 0.015104 0.025926
0 0.062500 0.662500 0.015625 0.028704
0 0.063281 0.700463 0.017188 0.025000
0 0.441667 0.064815 0.015625 0.024074
0 0.080990 0.700463 0.013021 0.023148
0 0.730208 0.088889 0.014583 0.022222
0 0.044010 0.610648 0.015104 0.023148
0 0.044271 0.352778 0.015625 0.025926
0 0.008073 0.663426 0.016146 0.030556
0 0.062500 0.299074 0.013542 0.024074
0 0.025781 0.299537 0.014063 0.025000
0 0.490104 0.976852 0.018750 0.024074
0 0.043750 0.584259 0.015625 0.022222
0 0.117448 0.248148 0.014063 0.025926
0 0.534896 0.977778 0.017708 0.025926
0 0.580729 0.979167 0.018750 0.030556
0 0.676562 0.087963 0.012500 0.022222
0 0.063281 0.726852 0.016146 0.020370
0 0.007812 0.325463 0.015625 0.023148
0 0.909896 0.034259 0.013542 0.025926
0 0.672917 0.981019 0.016667 0.028704
0 0.117969 0.326389 0.017188 0.023148
0 0.098698 0.325926 0.013021 0.025926
0 0.117188 0.701389 0.014583 0.023148
0 0.604167 0.979630 0.020833 0.031481
0 0.062500 0.221759 0.013542 0.023148
0 0.026042 0.273148 0.015625 0.025926
0 0.466146 0.978241 0.017708 0.026852
0 0.846615 0.461574 0.034896 0.019444
0 0.098958 0.635648 0.015625 0.025000
0 0.864323 0.514352 0.051562 0.015741
0 0.207552 0.145833 0.017188 0.025000
0 0.327344 0.978241 0.021354 0.025000
0 0.650260 0.981019 0.017188 0.028704
0 0.236979 0.033333 0.016667 0.020370
0 0.946354 0.146759 0.013542 0.023148
0 0.659115 0.088426 0.013021 0.021296
0 0.008333 0.727778 0.016667 0.020370
0 0.026042 0.700463 0.014583 0.026852
0 0.894271 0.034722 0.013542 0.023148
0 0.008073 0.352315 0.015104 0.023148
0 0.008594 0.635648 0.014063 0.025000
0 0.025521 0.352315 0.014583 0.025000
0 0.967708 0.145833 0.019792 0.023148
0 0.025781 0.584259 0.017188 0.024074
0 0.080469 0.221296 0.013021 0.022222
0 0.043750 0.222222 0.013542 0.022222
0 0.846875 0.199537 0.035417 0.028704
0 0.008333 0.700463 0.016667 0.026852
0 0.061719 0.583796 0.015104 0.021296
0 0.627083 0.980556 0.016667 0.027778
0 0.117448 0.636574 0.017188 0.025000
0 0.098958 0.610185 0.015625 0.024074
0 0.190365 0.145833 0.015104 0.025000
0 0.008073 0.584259 0.016146 0.025926
0 0.026042 0.726852 0.015625 0.020370
0 0.007812 0.610185 0.015625 0.022222
0 0.007552 0.194907 0.015104 0.025000
0 0.007812 0.298148 0.015625 0.027778
0 0.008333 0.273148 0.014583 0.024074
0 0.918750 0.063426 0.036458 0.025000
0 0.917448 0.200000 0.035937 0.024074
0 0.080208 0.194907 0.012500 0.023148
0 0.146615 0.193519 0.011979 0.022222
0 0.134375 0.145833 0.018750 0.026852
0 0.154688 0.145370 0.016667 0.025926
0 0.099219 0.221296 0.014063 0.022222
0 0.114583 0.145833 0.016667 0.026852
0 0.988802 0.145370 0.019271 0.022222
0 0.116927 0.221759 0.013021 0.023148
0 0.641667 0.089815 0.014583 0.024074
0 0.117708 0.585185 0.016667 0.022222
0 0.062500 0.195370 0.013542 0.024074
0 0.881250 0.199537 0.032292 0.028704
0 0.846615 0.978241 0.014063 0.023148
0 0.080208 0.584722 0.015625 0.021296
0 0.134896 0.757407 0.007292 0.016667
0 0.117969 0.610185 0.019271 0.025926
0 0.116406 0.194444 0.010937 0.022222
0 0.115104 0.561111 0.009375 0.018519
0 0.097135 0.145833 0.016146 0.025000
0 0.994792 0.172222 0.009375 0.016667
0 0.105990 0.756481 0.009896 0.018519
0 0.080469 0.662037 0.014063 0.027778
0 0.965365 0.171759 0.010937 0.015741
0 0.098698 0.585185 0.016146 0.022222
0 0.880208 0.977778 0.013542 0.024074
0 0.078906 0.145833 0.017188 0.025000
0 0.115365 0.756481 0.006771 0.016667
0 0.863021 0.977778 0.015625 0.024074
0 0.172917 0.144907 0.015625 0.025000
0 0.608854 0.077315 0.035417 0.056481
0 0.025781 0.609259 0.017188 0.020370
0 0.819010 0.173611 0.013021 0.021296
0 0.197135 0.173148 0.008854 0.020370
0 0.115885 0.172222 0.010937 0.020370
0 0.984375 0.171296 0.009375 0.016667
0 0.026042 0.145370 0.050000 0.027778
0 0.070573 0.857870 0.141146 0.026852
0 0.124740 0.756481 0.007812 0.016667
0 0.070833 0.904630 0.141667 0.025926
0 0.124479 0.560648 0.007292 0.017593
0 0.134635 0.172222 0.009896 0.020370
0 0.135156 0.560185 0.007812 0.016667
0 0.124740 0.172685 0.007812 0.017593
0 0.060417 0.146296 0.015625 0.025926
0 0.974479 0.172222 0.008333 0.014815
