0 0.964781 0.009542 0.014583 0.019083
0 0.062932 0.272176 0.014583 0.025000
0 0.070557 0.034833 0.023896 0.021407
0 0.097208 0.033088 0.021375 0.020917
0 0.215091 0.033653 0.021078 0.016954
0 0.186820 0.034694 0.026766 0.019037
0 0.161643 0.033065 0.016224 0.019926
0 0.140563 0.033806 0.016896 0.018444
0 0.119904 0.033657 0.016057 0.018741
0 0.909458 0.249639 0.159833 0.015389
0 0.910609 0.285880 0.159833 0.015389
0 0.911042 0.302843 0.159833 0.015389
0 0.910464 0.320847 0.159833 0.016454
0 0.910031 0.337926 0.159833 0.017704
0 0.909146 0.355245 0.159833 0.015620
0 0.909906 0.389593 0.159833 0.015389
0 0.910346 0.408819 0.159839 0.016065
0 0.910016 0.444157 0.159833 0.015389
0 0.862406 0.426319 0.064146 0.014509
0 0.914841 0.479773 0.151141 0.017139
0 0.914505 0.496704 0.151135 0.017130
0 0.913839 0.514546 0.151135 0.017130
0 0.913839 0.532394 0.151135 0.017139
0 0.919221 0.063426 0.035828 0.025000
0 0.189990 0.064046 0.134396 0.024204
0 0.026797 0.195370 0.018177 0.025926
0 0.026859 0.033981 0.017500 0.018519
0 0.864732 0.550829 0.052932 0.017139
0 0.915268 0.602560 0.151141 0.017139
0 0.914932 0.620699 0.151135 0.017139
0 0.914596 0.638245 0.151141 0.017139
0 0.914932 0.654903 0.151135 0.017139
0 0.914583 0.672338 0.151135 0.017139
0 0.047224 0.034574 0.015104 0.020370
0 0.864844 0.900463 0.051562 0.013889
0 0.910026 0.795833 0.157031 0.017593
0 0.859823 0.691106 0.042771 0.016898
0 0.009568 0.033394 0.014063 0.018028
0 0.882240 0.777778 0.088437 0.012963
0 0.914432 0.884782 0.152521 0.019269
0 0.900292 0.978560 0.015250 0.026935
0 0.070312 0.905556 0.140625 0.025926
0 0.289766 0.144907 0.146510 0.025000
0 0.875781 0.865741 0.074479 0.014815
0 0.919115 0.976639 0.014750 0.026481
0 0.909896 0.372926 0.161458 0.018148
0 0.931549 0.976125 0.010120 0.023898
0 0.974271 0.977153 0.037448 0.033676
0 0.914349 0.919889 0.171302 0.021519
0 0.878750 0.831019 0.079375 0.013889
0 0.865521 0.760648 0.052917 0.013889
0 0.914896 0.742593 0.150417 0.018519
0 0.862943 0.848611 0.047760 0.013889
0 0.928292 0.088912 0.017188 0.026991
0 0.910365 0.090315 0.017708 0.028704
0 0.932917 0.033796 0.021042 0.025000
0 0.877135 0.813426 0.076146 0.012037
0 0.069685 0.926278 0.138755 0.013926
0 0.167839 0.173611 0.046823 0.017593
0 0.178724 0.863806 0.045677 0.073981
0 0.110198 0.089815 0.016146 0.027778
0 0.099417 0.196741 0.019271 0.024074
0 0.112812 0.063870 0.018750 0.021296
0 0.988891 0.009750 0.014583 0.019500
0 0.954167 0.081759 0.021875 0.063519
0 0.043641 0.195370 0.015427 0.025926
0 0.064516 0.248213 0.015625 0.024074
0 0.026448 0.247759 0.016146 0.024074
0 0.008995 0.248954 0.016323 0.024074
0 0.190354 0.089491 0.135125 0.024537
0 0.070573 0.804630 0.141146 0.027778
0 0.070573 0.830556 0.141146 0.027778
0 0.016406 0.081944 0.026562 0.062037
0 0.098698 0.273611 0.013021 0.025000
0 0.354687 0.062500 0.147917 0.028704
0 0.408333 0.976389 0.116667 0.034259
0 0.062240 0.636111 0.016146 0.025926
0 0.065104 0.083796 0.021875 0.060185
0 0.116927 0.273611 0.014063 0.023148
0 0.080469 0.272685 0.015104 0.025000
0 0.080469 0.727315 0.014063 0.023148
0 0.371354 0.147222 0.014583 0.022222
0 0.088542 0.082870 0.023958 0.060185
0 0.080469 0.635648 0.015104 0.025000
0 0.118229 0.300463 0.017708 0.025000
0 0.044010 0.325926 0.014063 0.024074
0 0.044531 0.726852 0.015104 0.020370
0 0.062240 0.610648 0.015104 0.021296
0 0.044271 0.298611 0.014583 0.025000
0 0.044010 0.636574 0.015104 0.025000
0 0.040885 0.083333 0.021354 0.061111
0 0.098437 0.247685 0.012500 0.025000
0 0.099479 0.299537 0.013542 0.025000
0 0.683854 0.062500 0.061458 0.026852
0 0.983073 0.081019 0.025521 0.062037
0 0.805990 0.077778 0.017188 0.046296
0 0.080729 0.299074 0.014583 0.024074
0 0.044010 0.273148 0.015104 0.024074
0 0.025521 0.325463 0.015625 0.023148
0 0.523958 0.977315 0.017708 0.025000
0 0.711979 0.088889 0.013542 0.022222
0 0.694792 0.088426 0.017708 0.023148
0 0.099219 0.701389 0.014063 0.023148
0 0.044010 0.662500 0.014063 0.028704
0 0.821354 0.078704 0.013542 0.048148
0 0.271354 0.064352 0.018750 0.025000
0 0.973437 0.033333 0.051042 0.025926
0 0.025260 0.636111 0.017188 0.024074
0 0.008594 0.221759 0.014063 0.025000
0 0.747656 0.088889 0.014063 0.022222
0 0.044271 0.700926 0.014583 0.025926
0 0.043750 0.247685 0.013542 0.023148
0 0.080469 0.325926 0.015104 0.025926
0 0.883333 0.082407 0.023958 0.055556
0 0.570052 0.978704 0.018229 0.027778
0 0.063281 0.700463 0.017188 0.025000
0 0.080729 0.247222 0.014583 0.024074
0 0.518750 0.062500 0.138542 0.026852
0 0.080990 0.700463 0.013021 0.023148
0 0.062240 0.325463 0.013021 0.025000
0 0.730208 0.088889 0.014583 0.022222
0 0.080469 0.610185 0.015104 0.022222
0 0.025781 0.662963 0.014063 0.029630
0 0.441927 0.088889 0.016146 0.024074
0 0.441667 0.064815 0.015625 0.024074
0 0.501042 0.976852 0.017708 0.024074
0 0.477604 0.977315 0.017708 0.026852
0 0.592708 0.979630 0.018750 0.031481
0 0.546875 0.977778 0.017708 0.025926
0 0.044010 0.610648 0.015104 0.023148
0 0.772396 0.078241 0.016667 0.047222
0 0.043750 0.584259 0.015625 0.022222
0 0.044271 0.352778 0.015625 0.025926
0 0.062500 0.299074 0.013542 0.024074
0 0.117448 0.248148 0.014063 0.025926
0 0.025781 0.299537 0.014063 0.025000
0 0.909896 0.034259 0.013542 0.025926
0 0.008073 0.663426 0.016146 0.030556
0 0.062500 0.662500 0.015625 0.028704
0 0.676562 0.087963 0.012500 0.022222
0 0.946354 0.146296 0.013542 0.022222
0 0.858073 0.081481 0.026562 0.050000
0 0.117969 0.326389 0.017188 0.023148
0 0.117188 0.701389 0.014583 0.023148
0 0.788802 0.078241 0.016146 0.047222
0 0.098698 0.325926 0.013021 0.025926
0 0.063021 0.726852 0.015625 0.020370
0 0.007812 0.325463 0.015625 0.023148
0 0.098958 0.635185 0.016667 0.025926
0 0.062500 0.221759 0.013542 0.023148
0 0.026042 0.273148 0.015625 0.025926
0 0.967708 0.145833 0.019792 0.023148
0 0.207552 0.145833 0.017188 0.025000
0 0.008333 0.727778 0.016667 0.020370
0 0.659115 0.088426 0.013021 0.021296
0 0.894271 0.034259 0.013542 0.022222
0 0.008073 0.352315 0.015104 0.023148
0 0.608854 0.087500 0.034375 0.030556
0 0.025781 0.584259 0.017188 0.024074
0 0.080469 0.221759 0.013021 0.023148
0 0.731510 0.062963 0.035937 0.025926
0 0.008594 0.635648 0.014063 0.025000
0 0.026042 0.700926 0.014583 0.025926
0 0.025521 0.352315 0.014583 0.026852
0 0.008333 0.700463 0.016667 0.026852
0 0.615885 0.980093 0.020313 0.030556
0 0.271354 0.090741 0.017708 0.025926
0 0.044010 0.222222 0.013021 0.022222
0 0.190365 0.145833 0.015104 0.025000
0 0.061719 0.584259 0.015104 0.022222
0 0.847135 0.199537 0.035937 0.028704
0 0.007812 0.610185 0.015625 0.022222
0 0.007552 0.194907 0.015104 0.025000
0 0.026042 0.726852 0.015625 0.020370
0 0.917448 0.200000 0.035937 0.024074
0 0.638542 0.980556 0.015625 0.025926
0 0.518229 0.088426 0.139583 0.026852
0 0.080208 0.194907 0.012500 0.023148
0 0.154688 0.145833 0.016667 0.026852
0 0.008073 0.584259 0.016146 0.025926
0 0.008333 0.273148 0.014583 0.024074
0 0.116927 0.636111 0.014063 0.024074
0 0.007812 0.298148 0.015625 0.027778
0 0.988802 0.145370 0.019271 0.022222
0 0.661198 0.980093 0.017188 0.026852
0 0.134375 0.145833 0.018750 0.026852
0 0.025521 0.222222 0.015625 0.024074
0 0.643750 0.068519 0.018750 0.033333
0 0.114583 0.145833 0.016667 0.026852
0 0.099219 0.221296 0.014063 0.022222
0 0.099740 0.610648 0.018229 0.025000
0 0.117448 0.585185 0.015104 0.020370
0 0.117188 0.609722 0.012500 0.023148
0 0.116927 0.221759 0.013021 0.023148
0 0.836979 0.078704 0.016667 0.048148
0 0.641667 0.089815 0.014583 0.024074
0 0.643750 0.064352 0.019792 0.023148
0 0.338281 0.978241 0.020313 0.026852
0 0.062500 0.195370 0.013542 0.024074
0 0.354167 0.088426 0.148958 0.026852
0 0.881250 0.200000 0.032292 0.027778
0 0.134896 0.756481 0.007292 0.016667
0 0.994792 0.172222 0.009375 0.016667
0 0.964583 0.172685 0.009375 0.015741
0 0.097396 0.145833 0.015625 0.025000
0 0.080208 0.584722 0.015625 0.021296
0 0.105990 0.756481 0.009896 0.018519
0 0.115104 0.561111 0.009375 0.018519
0 0.116406 0.194444 0.010937 0.022222
0 0.080469 0.662037 0.014063 0.027778
0 0.172917 0.145370 0.015625 0.025926
0 0.078906 0.145833 0.017188 0.025000
0 0.115365 0.756481 0.006771 0.016667
0 0.098958 0.585185 0.016667 0.022222
0 0.862500 0.978241 0.014583 0.028704
0 0.026042 0.609722 0.017708 0.019444
0 0.879687 0.977315 0.016667 0.025000
0 0.818750 0.174074 0.012500 0.020370
0 0.197135 0.173611 0.008854 0.019444
0 0.608854 0.077315 0.035417 0.056481
0 0.115885 0.172222 0.010937 0.020370
0 0.984375 0.171296 0.009375 0.016667
0 0.070052 0.857870 0.140104 0.026852
0 0.025781 0.145370 0.050521 0.027778
0 0.236979 0.033796 0.016667 0.021296
0 0.124740 0.756481 0.007812 0.016667
0 0.124479 0.560648 0.007292 0.017593
0 0.134635 0.172222 0.009896 0.020370
0 0.974479 0.172222 0.008333 0.014815
0 0.135156 0.560648 0.007812 0.015741
0 0.193490 0.212963 0.088021 0.018519
0 0.124740 0.172685 0.007812 0.017593
0 0.060417 0.146296 0.015625 0.025926
0 0.939323 0.008333 0.010937 0.016667
0 0.847135 0.461111 0.034896 0.018519
0 0.944792 0.975926 0.013542 0.027778
0 0.042448 0.728241 0.018229 0.021296
