0 0.356680 0.088426 0.144245 0.026852
0 0.914969 0.302449 0.152979 0.015935
0 0.911281 0.285227 0.159781 0.015935
0 0.910474 0.250282 0.159781 0.015935
0 0.821677 0.089454 0.011625 0.021963
0 0.805505 0.089917 0.015313 0.021296
0 0.788161 0.090102 0.015625 0.020000
0 0.772094 0.090472 0.014219 0.020185
0 0.214875 0.033977 0.021990 0.023546
0 0.186073 0.032384 0.026865 0.021806
0 0.161146 0.031523 0.015729 0.025824
0 0.140211 0.033102 0.019849 0.021796
0 0.119195 0.032241 0.013797 0.023815
0 0.097049 0.031954 0.023234 0.021796
0 0.070630 0.033963 0.025740 0.021519
0 0.643464 0.062824 0.019792 0.023148
0 0.837292 0.064120 0.016042 0.020833
0 0.111745 0.089528 0.016667 0.027778
0 0.511474 0.089083 0.154094 0.022389
0 0.112229 0.063287 0.018750 0.021296
0 0.100240 0.196713 0.019271 0.024074
0 0.273526 0.088926 0.020385 0.024074
0 0.730510 0.063130 0.033458 0.025889
0 0.064021 0.247889 0.015625 0.024074
0 0.805990 0.065509 0.017188 0.021759
0 0.081729 0.247444 0.014583 0.024074
0 0.954167 0.079213 0.021875 0.058426
0 0.988510 0.009407 0.014583 0.018815
0 0.443292 0.064148 0.015625 0.024074
0 0.025385 0.248148 0.016146 0.024074
0 0.189542 0.087778 0.134354 0.025556
0 0.821354 0.065880 0.013542 0.022500
0 0.772135 0.066019 0.017188 0.022778
0 0.273354 0.064815 0.020771 0.024074
0 0.521875 0.064056 0.138542 0.026852
0 0.009203 0.248111 0.015802 0.024074
0 0.863906 0.550431 0.052521 0.016491
0 0.914625 0.602171 0.150000 0.017046
0 0.914479 0.619907 0.150000 0.017056
0 0.914625 0.636616 0.150000 0.017046
0 0.914625 0.654093 0.150000 0.017056
0 0.915492 0.671569 0.150005 0.017046
0 0.918615 0.975796 0.013937 0.029944
0 0.932065 0.976315 0.008714 0.030278
0 0.974164 0.975968 0.041807 0.037843
0 0.788802 0.065648 0.016146 0.022037
0 0.859219 0.081944 0.024271 0.050926
0 0.189716 0.064523 0.132547 0.026639
0 0.354643 0.061731 0.143109 0.026611
0 0.932995 0.033796 0.021198 0.025000
0 0.683203 0.063194 0.060156 0.025463
0 0.884042 0.081370 0.024479 0.055556
0 0.899297 0.978366 0.016302 0.023583
0 0.026271 0.272421 0.016625 0.025528
0 0.027922 0.033065 0.015104 0.020370
0 0.847385 0.460750 0.034896 0.016463
0 0.909750 0.338014 0.159781 0.015935
0 0.882057 0.777778 0.088073 0.012963
0 0.909531 0.795833 0.158021 0.017593
0 0.874948 0.866204 0.072812 0.013889
0 0.910068 0.355074 0.159781 0.015926
0 0.910068 0.371782 0.159781 0.015935
0 0.910646 0.389005 0.159781 0.015935
0 0.910107 0.443810 0.161495 0.016454
0 0.909635 0.408773 0.161979 0.018935
0 0.915174 0.479588 0.150464 0.018583
0 0.915128 0.497181 0.150005 0.014602
0 0.914987 0.514542 0.150005 0.017046
0 0.878620 0.831019 0.079115 0.013889
0 0.864323 0.760648 0.050521 0.013889
0 0.915326 0.532991 0.150005 0.017056
0 0.863568 0.848611 0.049010 0.013889
0 0.915052 0.919333 0.169896 0.021333
0 0.910359 0.089167 0.017708 0.024074
0 0.928573 0.088949 0.017188 0.025065
0 0.125203 0.172519 0.007812 0.017593
0 0.165755 0.173611 0.049740 0.017593
0 0.860859 0.426852 0.063385 0.016667
0 0.877188 0.813426 0.076250 0.012037
0 0.071193 0.926269 0.139594 0.015056
0 0.963062 0.009319 0.014583 0.018639
0 0.070424 0.905102 0.140016 0.027778
0 0.291328 0.144907 0.143385 0.025000
0 0.046565 0.033250 0.014161 0.018519
0 0.863724 0.900463 0.049323 0.013889
0 0.914089 0.883333 0.152031 0.016667
0 0.026729 0.196093 0.019010 0.025926
0 0.182208 0.862528 0.044844 0.077315
0 0.044638 0.194944 0.015828 0.025926
0 0.910706 0.320694 0.159776 0.015926
0 0.060417 0.146296 0.015625 0.025926
0 0.070573 0.804630 0.141146 0.027778
0 0.070573 0.830556 0.141146 0.027778
0 0.016406 0.081944 0.026562 0.062037
0 0.098698 0.273611 0.013021 0.025000
0 0.397135 0.976389 0.117188 0.034259
0 0.062240 0.636111 0.016146 0.025926
0 0.065104 0.083796 0.021875 0.060185
0 0.080469 0.272685 0.015104 0.025000
0 0.116927 0.273611 0.014063 0.023148
0 0.062760 0.272685 0.015104 0.025000
0 0.088542 0.082407 0.023958 0.061111
0 0.371354 0.147222 0.014583 0.022222
0 0.080469 0.727315 0.014063 0.023148
0 0.080469 0.635648 0.015104 0.025000
0 0.118229 0.300463 0.017708 0.025000
0 0.044010 0.325926 0.014063 0.024074
0 0.044531 0.726852 0.015104 0.020370
0 0.040625 0.083333 0.021875 0.061111
0 0.044271 0.298611 0.014583 0.025000
0 0.062240 0.610648 0.015104 0.021296
0 0.044010 0.636574 0.015104 0.025000
0 0.099479 0.299537 0.013542 0.025000
0 0.098437 0.247685 0.012500 0.025000
0 0.983073 0.080556 0.025521 0.062963
0 0.080729 0.299074 0.014583 0.024074
0 0.025521 0.325463 0.015625 0.023148
0 0.044010 0.273148 0.015104 0.024074
0 0.044010 0.662500 0.014063 0.028704
0 0.711979 0.088889 0.013542 0.022222
0 0.694792 0.088426 0.017708 0.023148
0 0.512500 0.977315 0.017708 0.025000
0 0.099219 0.701389 0.014063 0.023148
0 0.025260 0.636111 0.017188 0.024074
0 0.008594 0.221759 0.014063 0.025000
0 0.080469 0.325926 0.015104 0.025926
0 0.747656 0.088889 0.014063 0.022222
0 0.044271 0.700926 0.014583 0.025926
0 0.025781 0.662963 0.014063 0.029630
0 0.043750 0.247685 0.013542 0.023148
0 0.973437 0.033333 0.051042 0.025926
0 0.558333 0.978241 0.018750 0.028704
0 0.062240 0.325463 0.013021 0.025000
0 0.730208 0.088889 0.014583 0.022222
0 0.080469 0.610185 0.015104 0.022222
0 0.063281 0.700463 0.017188 0.025000
0 0.080990 0.700463 0.013021 0.023148
0 0.044010 0.610648 0.015104 0.023148
0 0.062500 0.662500 0.015625 0.028704
0 0.008073 0.663426 0.016146 0.030556
0 0.044271 0.352778 0.015625 0.025926
0 0.043750 0.584259 0.015625 0.022222
0 0.909896 0.034259 0.013542 0.025926
0 0.025781 0.299537 0.014063 0.025000
0 0.062500 0.299074 0.013542 0.024074
0 0.117448 0.248148 0.014063 0.025926
0 0.490104 0.976852 0.018750 0.024074
0 0.580729 0.979167 0.018750 0.030556
0 0.534896 0.977778 0.017708 0.025926
0 0.063021 0.726852 0.015625 0.020370
0 0.098698 0.325463 0.013021 0.025000
0 0.676562 0.087963 0.012500 0.022222
0 0.117969 0.326389 0.017188 0.023148
0 0.946354 0.146296 0.013542 0.022222
0 0.007812 0.325463 0.015625 0.023148
0 0.098958 0.635185 0.016667 0.025926
0 0.117188 0.701389 0.014583 0.023148
0 0.466146 0.978241 0.017708 0.026852
0 0.604167 0.979630 0.020833 0.031481
0 0.672917 0.981019 0.016667 0.028704
0 0.062500 0.221759 0.013542 0.023148
0 0.967708 0.145833 0.019792 0.023148
0 0.650260 0.980556 0.017188 0.029630
0 0.327344 0.978241 0.021354 0.025000
0 0.008333 0.727778 0.016667 0.020370
0 0.207813 0.145833 0.017708 0.025000
0 0.659375 0.088889 0.013542 0.022222
0 0.894271 0.034259 0.013542 0.022222
0 0.025781 0.584259 0.017188 0.024074
0 0.008594 0.635648 0.014063 0.025000
0 0.008073 0.351852 0.015104 0.024074
0 0.080469 0.221759 0.013021 0.023148
0 0.026042 0.700463 0.014583 0.026852
0 0.025521 0.352315 0.014583 0.026852
0 0.008333 0.700463 0.016667 0.026852
0 0.044010 0.222685 0.013021 0.023148
0 0.061719 0.584259 0.015104 0.022222
0 0.190365 0.145833 0.015104 0.025000
0 0.627083 0.980556 0.016667 0.027778
0 0.007552 0.194907 0.015104 0.025000
0 0.026042 0.726852 0.015625 0.020370
0 0.847135 0.199537 0.035937 0.028704
0 0.080208 0.194907 0.012500 0.023148
0 0.008073 0.610185 0.016146 0.022222
0 0.008073 0.584259 0.016146 0.025926
0 0.008333 0.273148 0.014583 0.024074
0 0.154688 0.145833 0.016667 0.026852
0 0.116927 0.636111 0.014063 0.024074
0 0.007812 0.298148 0.015625 0.027778
0 0.917448 0.200000 0.035937 0.024074
0 0.988802 0.145370 0.019271 0.022222
0 0.025521 0.222222 0.015625 0.024074
0 0.134375 0.145833 0.019792 0.026852
0 0.114583 0.145833 0.016667 0.026852
0 0.846615 0.978241 0.014063 0.023148
0 0.117448 0.585185 0.015104 0.020370
0 0.117188 0.609722 0.012500 0.023148
0 0.099740 0.610648 0.018229 0.025000
0 0.099219 0.221296 0.014063 0.022222
0 0.641667 0.089815 0.014583 0.024074
0 0.116927 0.221759 0.013021 0.023148
0 0.062500 0.195370 0.013542 0.024074
0 0.918490 0.063426 0.036979 0.025000
0 0.134896 0.756481 0.007292 0.016667
0 0.881250 0.200000 0.032292 0.027778
0 0.115104 0.561111 0.009375 0.018519
0 0.080208 0.584259 0.014583 0.022222
0 0.994792 0.172222 0.009375 0.016667
0 0.097135 0.145833 0.016146 0.025000
0 0.105990 0.756481 0.009896 0.018519
0 0.879948 0.977778 0.014063 0.024074
0 0.116406 0.194444 0.010937 0.022222
0 0.964583 0.172685 0.009375 0.015741
0 0.863021 0.977778 0.015625 0.024074
0 0.172656 0.145370 0.016146 0.025926
0 0.080469 0.662037 0.014063 0.027778
0 0.099219 0.585185 0.017188 0.022222
0 0.115365 0.756481 0.006771 0.016667
0 0.078906 0.145833 0.017188 0.025000
0 0.025781 0.609259 0.018229 0.020370
0 0.950521 0.742593 0.079167 0.018519
0 0.818750 0.174074 0.012500 0.020370
0 0.608854 0.076852 0.035417 0.055556
0 0.197135 0.173148 0.008854 0.020370
0 0.115885 0.172222 0.010937 0.020370
0 0.984375 0.171296 0.009375 0.016667
0 0.070052 0.857870 0.140104 0.026852
0 0.025781 0.145370 0.050521 0.027778
0 0.124740 0.756481 0.007812 0.016667
0 0.236979 0.033796 0.015625 0.021296
0 0.124479 0.560648 0.007292 0.017593
0 0.189323 0.212500 0.077604 0.019444
0 0.135156 0.560185 0.007812 0.016667
0 0.134635 0.172222 0.009896 0.020370
0 0.974479 0.172222 0.008333 0.014815
0 0.939323 0.008333 0.010937 0.016667
0 0.871615 0.689352 0.066146 0.017593
0 0.008073 0.033796 0.014063 0.023148
0 0.944792 0.976389 0.013542 0.026852
0 0.042448 0.728241 0.018229 0.021296
