0 0.650260 0.981019 0.017188 0.028704
0 0.070573 0.804630 0.141146 0.027778
0 0.070573 0.830556 0.141146 0.027778
0 0.016406 0.081944 0.026562 0.062037
0 0.098698 0.273611 0.013021 0.025000
0 0.397135 0.976389 0.117188 0.034259
0 0.062240 0.636111 0.016146 0.025926
0 0.065104 0.083796 0.021875 0.060185
0 0.080469 0.272685 0.015104 0.025000
0 0.116927 0.273611 0.014063 0.023148
0 0.080469 0.635648 0.015104 0.025000
0 0.088281 0.082407 0.023438 0.061111
0 0.080469 0.727315 0.014063 0.023148
0 0.062760 0.272685 0.015104 0.025000
0 0.044531 0.726852 0.016146 0.020370
0 0.118229 0.300463 0.017708 0.025000
0 0.044010 0.325463 0.014063 0.023148
0 0.044010 0.636574 0.015104 0.025000
0 0.062240 0.610648 0.015104 0.021296
0 0.098437 0.247685 0.012500 0.025000
0 0.044271 0.298611 0.014583 0.025000
0 0.380729 0.147222 0.013542 0.020370
0 0.040885 0.083333 0.021354 0.061111
0 0.099479 0.299537 0.013542 0.025000
0 0.044010 0.273148 0.015104 0.024074
0 0.044010 0.662500 0.014063 0.028704
0 0.983073 0.081481 0.025521 0.062963
0 0.080729 0.299074 0.014583 0.024074
0 0.025521 0.325463 0.015625 0.023148
0 0.512500 0.977315 0.017708 0.025000
0 0.711979 0.088889 0.013542 0.022222
0 0.694792 0.088426 0.017708 0.023148
0 0.099219 0.701389 0.014063 0.023148
0 0.025260 0.636111 0.017188 0.024074
0 0.044271 0.700926 0.014583 0.025926
0 0.008594 0.221759 0.014063 0.025000
0 0.080469 0.610185 0.015104 0.022222
0 0.043750 0.247685 0.013542 0.023148
0 0.558333 0.977778 0.018750 0.027778
0 0.747396 0.088889 0.014583 0.022222
0 0.080729 0.247222 0.014583 0.024074
0 0.973437 0.033333 0.051042 0.025926
0 0.025781 0.662963 0.014063 0.029630
0 0.062240 0.325463 0.013021 0.025000
0 0.080469 0.325926 0.015104 0.025926
0 0.062500 0.662500 0.015625 0.028704
0 0.063281 0.700463 0.017188 0.025000
0 0.080990 0.700463 0.013021 0.023148
0 0.730208 0.088889 0.014583 0.022222
0 0.044010 0.610648 0.015104 0.023148
0 0.044271 0.352778 0.015625 0.025926
0 0.008073 0.663426 0.016146 0.030556
0 0.062500 0.299074 0.013542 0.024074
0 0.025781 0.299537 0.014063 0.025000
0 0.490104 0.976852 0.018750 0.024074
0 0.043750 0.584259 0.015625 0.022222
0 0.117448 0.248148 0.014063 0.025926
0 0.534896 0.977778 0.017708 0.025926
0 0.580729 0.979167 0.018750 0.030556
0 0.676562 0.087963 0.012500 0.022222
0 0.063281 0.726852 0.016146 0.020370
0 0.007812 0.325463 0.015625 0.023148
0 0.909896 0.034259 0.013542 0.025926
0 0.672917 0.981019 0.016667 0.028704
0 0.117969 0.326389 0.017188 0.023148
0 0.098698 0.325926 0.013021 0.025926
0 0.117188 0.701389 0.014583 0.023148
0 0.604167 0.979630 0.020833 0.031481
0 0.062500 0.221759 0.013542 0.023148
0 0.026042 0.273148 0.015625 0.025926
0 0.466146 0.978241 0.017708 0.026852
0 0.098958 0.635648 0.015625 0.025000
0 0.207552 0.145833 0.017188 0.025000
0 0.327344 0.978241 0.021354 0.025000
0 0.946354 0.146759 0.013542 0.023148
0 0.659115 0.088426 0.013021 0.021296
0 0.008333 0.727778 0.016667 0.020370
0 0.026042 0.700463 0.014583 0.026852
0 0.894271 0.034722 0.013542 0.023148
0 0.008073 0.352315 0.015104 0.023148
0 0.008594 0.635648 0.014063 0.025000
0 0.025521 0.352315 0.014583 0.025000
0 0.967708 0.145833 0.019792 0.023148
0 0.025781 0.584259 0.017188 0.024074
0 0.080469 0.221296 0.013021 0.022222
0 0.043750 0.222222 0.013542 0.022222
0 0.846875 0.199537 0.035417 0.028704
0 0.008333 0.700463 0.016667 0.026852
0 0.061719 0.583796 0.015104 0.021296
0 0.627083 0.980556 0.016667 0.027778
0 0.117448 0.636574 0.017188 0.025000
0 0.098958 0.610185 0.015625 0.024074
0 0.111198 0.089815 0.016146 0.027778
0 0.190365 0.145833 0.015104 0.025000
0 0.008073 0.584259 0.016146 0.025926
0 0.026042 0.726852 0.015625 0.020370
0 0.007812 0.610185 0.015625 0.022222
0 0.007552 0.194907 0.015104 0.025000
0 0.007812 0.298148 0.015625 0.027778
0 0.008333 0.273148 0.014583 0.024074
0 0.917448 0.200000 0.035937 0.024074
0 0.025521 0.222222 0.015625 0.024074
0 0.080208 0.194907 0.012500 0.023148
0 0.134375 0.145833 0.018750 0.026852
0 0.154688 0.145370 0.016667 0.025926
0 0.099219 0.221296 0.014063 0.022222
0 0.114583 0.145833 0.016667 0.026852
0 0.988802 0.145370 0.019271 0.022222
0 0.116927 0.221759 0.013021 0.023148
0 0.643750 0.064352 0.019792 0.023148
0 0.641667 0.089815 0.014583 0.024074
0 0.117708 0.585185 0.016667 0.022222
0 0.062500 0.195370 0.013542 0.024074
0 0.881250 0.199537 0.032292 0.028704
0 0.846615 0.978241 0.014063 0.023148
0 0.080208 0.584722 0.015625 0.021296
0 0.134896 0.757407 0.007292 0.016667
0 0.117969 0.610185 0.019271 0.025926
0 0.116406 0.194444 0.010937 0.022222
0 0.115104 0.561111 0.009375 0.018519
0 0.097135 0.145833 0.016146 0.025000
0 0.994792 0.172222 0.009375 0.016667
0 0.105990 0.756481 0.009896 0.018519
0 0.080469 0.662037 0.014063 0.027778
0 0.965365 0.171759 0.010937 0.015741
0 0.098698 0.585185 0.016146 0.022222
0 0.880208 0.977778 0.013542 0.024074
0 0.078906 0.145833 0.017188 0.025000
0 0.115365 0.756481 0.006771 0.016667
0 0.863021 0.977778 0.015625 0.024074
0 0.172917 0.144907 0.015625 0.025000
0 0.608854 0.077315 0.035417 0.056481
0 0.025781 0.609259 0.017188 0.020370
0 0.819010 0.173611 0.013021 0.021296
0 0.197135 0.173148 0.008854 0.020370
0 0.115885 0.172222 0.010937 0.020370
0 0.984375 0.171296 0.009375 0.016667
0 0.026042 0.145370 0.050000 0.027778
0 0.124740 0.756481 0.007812 0.016667
0 0.070833 0.904630 0.141667 0.025926
0 0.124479 0.560648 0.007292 0.017593
0 0.134635 0.172222 0.009896 0.020370
0 0.135156 0.560185 0.007812 0.016667
0 0.193490 0.212963 0.088021 0.018519
0 0.124740 0.172685 0.007812 0.017593
0 0.060417 0.146296 0.015625 0.025926
0 0.974479 0.172222 0.008333 0.014815
0 0.939323 0.008333 0.010937 0.016667
0 0.864323 0.514352 0.051562 0.015741
0 0.236979 0.033333 0.016667 0.020370
0 0.846615 0.461574 0.034896 0.019444
0 0.857161 0.865741 0.037240 0.012963
0 0.165703 0.173611 0.049844 0.017593
0 0.913828 0.619907 0.152656 0.017593
0 0.929255 0.088597 0.017188 0.027065
0 0.910891 0.090380 0.017708 0.026852
0 0.913672 0.601852 0.153385 0.018519
0 0.069922 0.924620 0.139844 0.013537
0 0.962964 0.009741 0.014063 0.019481
0 0.294818 0.144907 0.154115 0.025000
0 0.009714 0.034167 0.010417 0.018519
0 0.070833 0.858333 0.137500 0.024074
0 0.027232 0.195815 0.016755 0.025926
0 0.912943 0.566370 0.153750 0.015519
0 0.178359 0.863356 0.044688 0.077435
0 0.044323 0.195148 0.016250 0.025926
0 0.358266 0.089315 0.149479 0.026852
0 0.837917 0.064491 0.014792 0.019722
0 0.920620 0.062315 0.036458 0.025000
0 0.273656 0.089194 0.018625 0.025926
0 0.111906 0.062657 0.018750 0.021296
0 0.100211 0.195843 0.018547 0.024074
0 0.731378 0.063472 0.034745 0.024907
0 0.788802 0.064815 0.016146 0.020370
0 0.858724 0.081481 0.025260 0.050000
0 0.988521 0.009875 0.014583 0.019750
0 0.772135 0.066713 0.017188 0.022315
0 0.954167 0.078611 0.021875 0.055370
0 0.508984 0.088426 0.150260 0.025000
0 0.026661 0.247380 0.016146 0.024074
0 0.064422 0.247991 0.015625 0.024074
0 0.442000 0.064222 0.015625 0.024074
0 0.884240 0.082407 0.024479 0.055556
0 0.517005 0.063981 0.135052 0.023889
0 0.009208 0.247796 0.016750 0.024074
0 0.190151 0.089157 0.134490 0.025759
0 0.273719 0.063704 0.018750 0.024074
0 0.821354 0.064074 0.013542 0.018889
0 0.683841 0.063315 0.060130 0.024222
0 0.805604 0.064917 0.014979 0.022574
0 0.932552 0.033796 0.020313 0.025000
0 0.189229 0.063699 0.133104 0.022398
0 0.359922 0.063917 0.147917 0.023204
0 0.975057 0.977708 0.037875 0.035861
0 0.944534 0.976824 0.011714 0.023019
0 0.932073 0.976491 0.010219 0.021944
0 0.918307 0.976157 0.012583 0.025667
0 0.898432 0.974509 0.012708 0.025907
0 0.875396 0.883935 0.072719 0.015870
0 0.882375 0.779051 0.088229 0.017046
0 0.914943 0.743324 0.151927 0.017593
0 0.914620 0.726028 0.151927 0.017019
0 0.914740 0.707861 0.151927 0.017593
0 0.914615 0.689917 0.151927 0.017593
0 0.913740 0.672426 0.151927 0.017593
0 0.913896 0.654889 0.151927 0.017593
0 0.910086 0.443819 0.159578 0.017787
0 0.861518 0.426394 0.065255 0.016843
0 0.909779 0.407606 0.159578 0.017787
0 0.910112 0.390366 0.159578 0.017787
0 0.909945 0.373468 0.159578 0.017787
0 0.910112 0.355676 0.159578 0.017796
0 0.909945 0.338773 0.159578 0.017787
0 0.909945 0.321278 0.159578 0.017796
0 0.909961 0.304440 0.159578 0.017787
0 0.910458 0.286532 0.159583 0.017787
0 0.909898 0.249838 0.159578 0.017787
0 0.820195 0.087843 0.012099 0.022833
0 0.804607 0.089083 0.014797 0.021667
0 0.788471 0.089185 0.015297 0.020389
0 0.771299 0.089986 0.016682 0.020769
0 0.215003 0.033028 0.020755 0.019741
0 0.187036 0.032005 0.029406 0.019731
0 0.162208 0.032653 0.015698 0.019269
0 0.140341 0.032213 0.018068 0.021926
0 0.119036 0.031653 0.015573 0.019491
0 0.096982 0.031991 0.020807 0.017500
0 0.070258 0.033431 0.026411 0.019491
0 0.046339 0.033981 0.015448 0.018833
0 0.913646 0.497222 0.152292 0.018519
0 0.911120 0.479630 0.157656 0.016667
0 0.027734 0.034500 0.015104 0.020370
0 0.913464 0.637500 0.151927 0.017593
0 0.868542 0.760648 0.058958 0.013889
0 0.877786 0.831019 0.077448 0.013889
0 0.914117 0.583083 0.153016 0.016667
0 0.914831 0.919486 0.170339 0.023806
0 0.863516 0.813426 0.048906 0.012037
0 0.856016 0.795833 0.053698 0.013889
0 0.878073 0.848148 0.078021 0.012963
0 0.913349 0.900528 0.151927 0.016481
