0 0.882404 0.779259 0.087620 0.014907
0 0.189354 0.062741 0.133167 0.025852
0 0.272448 0.089815 0.019896 0.024074
0 0.659984 0.088426 0.014063 0.021296
0 0.853750 0.795833 0.049167 0.013889
0 0.082068 0.247815 0.014583 0.024074
0 0.027083 0.196565 0.018750 0.025926
0 0.954167 0.082269 0.021875 0.062685
0 0.190297 0.088231 0.135344 0.025944
0 0.070698 0.925144 0.140271 0.011750
0 0.858854 0.865741 0.040625 0.012963
0 0.914732 0.583935 0.151818 0.016019
0 0.915065 0.602676 0.151818 0.016019
0 0.914766 0.900000 0.148594 0.018519
0 0.914898 0.620222 0.151818 0.016019
0 0.914898 0.638361 0.151818 0.016019
0 0.876901 0.831019 0.075677 0.013889
0 0.915565 0.655019 0.151818 0.016019
0 0.915398 0.672565 0.151818 0.016019
0 0.915732 0.689222 0.151818 0.016019
0 0.914924 0.707843 0.151818 0.016019
0 0.915315 0.725389 0.151818 0.016019
0 0.009401 0.032051 0.013802 0.014787
0 0.915701 0.743630 0.151818 0.016019
0 0.821354 0.065278 0.013542 0.021296
0 0.863958 0.514352 0.049792 0.012037
0 0.272578 0.064352 0.021198 0.025000
0 0.877891 0.883556 0.079219 0.012963
0 0.898687 0.976671 0.016563 0.025880
0 0.931234 0.976208 0.010063 0.023750
0 0.977299 0.978273 0.042578 0.038194
0 0.915133 0.566750 0.151818 0.016019
0 0.909677 0.443648 0.160854 0.016019
0 0.910865 0.390250 0.160854 0.016019
0 0.910719 0.372000 0.160854 0.016019
0 0.910865 0.355546 0.160854 0.016019
0 0.909990 0.337144 0.160854 0.016028
0 0.910568 0.319926 0.160854 0.016019
0 0.910422 0.301417 0.160854 0.016019
0 0.910422 0.285991 0.160854 0.016019
0 0.909208 0.250324 0.160854 0.016019
0 0.820591 0.089579 0.011016 0.023231
0 0.805281 0.089574 0.014000 0.022574
0 0.788440 0.089079 0.014661 0.022565
0 0.772380 0.090569 0.016146 0.023231
0 0.214052 0.033417 0.019740 0.019333
0 0.187289 0.033120 0.027099 0.021111
0 0.162612 0.033866 0.018901 0.022602
0 0.140448 0.033269 0.017729 0.019630
0 0.119786 0.032185 0.016135 0.020074
0 0.097237 0.033903 0.022182 0.022657
0 0.070411 0.034046 0.024365 0.021222
0 0.046089 0.033259 0.015573 0.022222
0 0.961458 0.010185 0.014583 0.020370
0 0.518643 0.062685 0.134068 0.026481
0 0.009583 0.247361 0.017083 0.024352
0 0.296354 0.145370 0.151042 0.024074
0 0.869375 0.760648 0.060625 0.013889
0 0.914979 0.919606 0.170042 0.020602
0 0.909323 0.497694 0.162292 0.015741
0 0.909141 0.408940 0.162500 0.017676
0 0.027297 0.032176 0.015104 0.020370
0 0.356146 0.063153 0.144583 0.024824
0 0.878672 0.848148 0.079219 0.012963
0 0.732521 0.061935 0.035937 0.025926
0 0.910396 0.090472 0.017708 0.028704
0 0.861901 0.425463 0.064427 0.015741
0 0.911589 0.479630 0.158594 0.016667
0 0.063698 0.247685 0.016979 0.025000
0 0.165599 0.173611 0.050052 0.017593
0 0.858646 0.081481 0.025417 0.050000
0 0.027271 0.247259 0.016146 0.024074
0 0.806156 0.064898 0.016667 0.023130
0 0.788802 0.064213 0.016146 0.019167
0 0.883911 0.081944 0.023958 0.054630
0 0.772135 0.065880 0.017188 0.022500
0 0.509297 0.088426 0.150885 0.025000
0 0.684000 0.062500 0.061458 0.026852
0 0.928385 0.091181 0.017188 0.026157
0 0.988354 0.009458 0.014583 0.018917
0 0.044807 0.195796 0.015177 0.025000
0 0.355638 0.088426 0.146120 0.026852
0 0.181151 0.862130 0.045000 0.075741
0 0.642594 0.061528 0.019792 0.023148
0 0.837057 0.064537 0.016510 0.021667
0 0.008724 0.194907 0.015104 0.025000
0 0.112672 0.062398 0.018750 0.021296
0 0.862448 0.813426 0.046771 0.012037
0 0.100073 0.196528 0.019271 0.024074
0 0.933047 0.033796 0.021302 0.025000
0 0.894271 0.034722 0.013542 0.023148
0 0.984375 0.171296 0.009375 0.016667
0 0.026042 0.145370 0.050000 0.027778
0 0.070052 0.857870 0.140104 0.026852
0 0.124740 0.756481 0.007812 0.016667
0 0.070833 0.904630 0.141667 0.025926
0 0.124479 0.560648 0.007292 0.017593
0 0.189323 0.212500 0.077604 0.019444
0 0.135156 0.560185 0.007812 0.016667
0 0.134635 0.172222 0.009896 0.020370
0 0.124740 0.172685 0.007812 0.017593
0 0.060417 0.146296 0.015625 0.025926
0 0.974479 0.172222 0.008333 0.014815
0 0.939323 0.008333 0.010937 0.016667
0 0.846615 0.461574 0.034896 0.019444
0 0.236979 0.033333 0.016667 0.020370
0 0.944010 0.976389 0.014063 0.026852
0 0.919010 0.976852 0.013021 0.024074
0 0.115885 0.172222 0.010937 0.020370
0 0.197396 0.173148 0.009375 0.020370
0 0.025781 0.609259 0.018229 0.020370
0 0.819010 0.173611 0.013021 0.021296
0 0.115365 0.756481 0.006771 0.016667
0 0.078906 0.145833 0.017188 0.025000
0 0.608854 0.077315 0.035417 0.056481
0 0.172917 0.144907 0.015625 0.025000
0 0.863021 0.977778 0.015625 0.024074
0 0.098698 0.585185 0.016146 0.022222
0 0.879948 0.978241 0.013021 0.023148
0 0.105990 0.756481 0.009896 0.018519
0 0.965625 0.171759 0.011458 0.015741
0 0.080469 0.662037 0.014063 0.027778
0 0.115104 0.561111 0.009375 0.018519
0 0.994792 0.172222 0.009375 0.016667
0 0.097135 0.145833 0.016146 0.025000
0 0.117969 0.610185 0.019271 0.025926
0 0.116406 0.194444 0.010937 0.022222
0 0.134896 0.756944 0.007292 0.017593
0 0.080208 0.584722 0.015625 0.021296
0 0.846615 0.978241 0.014063 0.023148
0 0.881250 0.199537 0.032292 0.028704
0 0.062500 0.195370 0.013542 0.024074
0 0.641667 0.089815 0.014583 0.024074
0 0.117708 0.585185 0.016667 0.022222
0 0.918490 0.063426 0.036979 0.025000
0 0.116927 0.221759 0.013021 0.023148
0 0.988802 0.145370 0.019271 0.022222
0 0.114844 0.145833 0.017188 0.026852
0 0.134375 0.145833 0.018750 0.026852
0 0.098958 0.221296 0.014583 0.022222
0 0.154688 0.145370 0.016667 0.025926
0 0.079948 0.194907 0.013021 0.023148
0 0.025521 0.222222 0.015625 0.024074
0 0.917448 0.200000 0.035937 0.024074
0 0.008333 0.273148 0.014583 0.024074
0 0.008333 0.298148 0.015625 0.027778
0 0.008073 0.610185 0.016146 0.022222
0 0.008073 0.584259 0.016146 0.025926
0 0.026042 0.726852 0.015625 0.020370
0 0.111198 0.089815 0.016146 0.027778
0 0.098958 0.609722 0.015625 0.025000
0 0.190365 0.145833 0.015104 0.025000
0 0.846875 0.199537 0.035417 0.028704
0 0.627083 0.980556 0.016667 0.027778
0 0.061719 0.584259 0.015104 0.022222
0 0.117448 0.636574 0.017188 0.025000
0 0.043750 0.222222 0.013542 0.022222
0 0.008333 0.700463 0.016667 0.026852
0 0.967708 0.145833 0.019792 0.023148
0 0.025521 0.352315 0.014583 0.026852
0 0.025521 0.584259 0.017708 0.024074
0 0.080469 0.221296 0.013021 0.022222
0 0.008594 0.635648 0.014063 0.025000
0 0.026042 0.700463 0.014583 0.026852
0 0.008073 0.352315 0.015104 0.023148
0 0.008333 0.727778 0.016667 0.020370
0 0.946354 0.146759 0.013542 0.023148
0 0.650260 0.981019 0.017188 0.028704
0 0.098958 0.635648 0.015625 0.025000
0 0.026042 0.273148 0.015625 0.025926
0 0.327083 0.978241 0.021875 0.025000
0 0.098698 0.325463 0.013021 0.025000
0 0.207813 0.145833 0.017708 0.025000
0 0.062240 0.221759 0.014063 0.023148
0 0.117188 0.701389 0.014583 0.023148
0 0.466146 0.978241 0.017708 0.026852
0 0.007812 0.325463 0.015625 0.023148
0 0.063281 0.727315 0.016146 0.021296
0 0.604167 0.979630 0.020833 0.031481
0 0.672917 0.981019 0.016667 0.028704
0 0.676562 0.087963 0.012500 0.022222
0 0.909896 0.034259 0.013542 0.025926
0 0.117969 0.326389 0.017188 0.023148
0 0.044271 0.352778 0.015625 0.025926
0 0.534896 0.977778 0.017708 0.025926
0 0.062760 0.299074 0.014063 0.024074
0 0.580729 0.979167 0.018750 0.030556
0 0.117448 0.248148 0.014063 0.025926
0 0.043750 0.584259 0.015625 0.022222
0 0.025781 0.299537 0.014063 0.025000
0 0.490104 0.976852 0.018750 0.024074
0 0.008073 0.663426 0.016146 0.030556
0 0.044010 0.610648 0.015104 0.023148
0 0.062240 0.325463 0.013021 0.025000
0 0.973437 0.033333 0.051042 0.025926
0 0.080990 0.700463 0.013021 0.023148
0 0.062500 0.662500 0.015625 0.028704
0 0.729948 0.088889 0.015104 0.022222
0 0.080469 0.326389 0.015104 0.025000
0 0.063281 0.700463 0.017188 0.025000
0 0.441667 0.064815 0.015625 0.024074
0 0.025781 0.662963 0.014063 0.029630
0 0.558333 0.977778 0.018750 0.027778
0 0.747396 0.088889 0.014583 0.022222
0 0.043750 0.247685 0.013542 0.023148
0 0.080469 0.610185 0.015104 0.022222
0 0.008594 0.221759 0.014063 0.025000
0 0.044271 0.700926 0.014583 0.025926
0 0.099219 0.701389 0.014063 0.023148
0 0.025260 0.636111 0.017188 0.024074
0 0.694792 0.088426 0.017708 0.023148
0 0.711979 0.088426 0.013542 0.023148
0 0.512760 0.977315 0.017188 0.025000
0 0.044010 0.273148 0.015104 0.024074
0 0.080729 0.299074 0.014583 0.024074
0 0.025521 0.325463 0.015625 0.023148
0 0.044010 0.662500 0.014063 0.028704
0 0.983073 0.081481 0.025521 0.062963
0 0.099479 0.299537 0.013542 0.025000
0 0.098437 0.247685 0.012500 0.025000
0 0.044271 0.298611 0.014583 0.025000
0 0.040885 0.083333 0.021354 0.061111
0 0.044531 0.726852 0.016146 0.020370
0 0.062240 0.610648 0.015104 0.021296
0 0.380729 0.146759 0.013542 0.021296
0 0.044010 0.636111 0.015104 0.025926
0 0.044010 0.325926 0.014063 0.024074
0 0.118229 0.300463 0.017708 0.025000
0 0.080469 0.727315 0.014063 0.023148
0 0.062760 0.272685 0.015104 0.025000
0 0.396875 0.976389 0.116667 0.034259
0 0.088542 0.082407 0.023958 0.061111
0 0.080469 0.635648 0.015104 0.025000
0 0.080469 0.272685 0.015104 0.025000
0 0.116927 0.273611 0.014063 0.023148
0 0.065104 0.083333 0.021875 0.061111
0 0.062240 0.636111 0.016146 0.025926
0 0.098698 0.273611 0.013021 0.025000
0 0.016406 0.081944 0.026562 0.062037
0 0.070573 0.830556 0.141146 0.027778
0 0.070573 0.804630 0.141146 0.027778
