0 0.983073 0.081481 0.025521 0.062963
0 0.070573 0.804630 0.141146 0.027778
0 0.016406 0.081944 0.026562 0.062037
0 0.098698 0.273611 0.013021 0.025000
0 0.062240 0.636111 0.016146 0.025926
0 0.396875 0.976389 0.116667 0.034259
0 0.065104 0.083333 0.021875 0.061111
0 0.116927 0.273611 0.014063 0.023148
0 0.080469 0.272685 0.015104 0.025000
0 0.080469 0.635648 0.015104 0.025000
0 0.088542 0.082407 0.023958 0.061111
0 0.062760 0.272685 0.015104 0.025000
0 0.080469 0.727315 0.014063 0.023148
0 0.118229 0.300463 0.017708 0.025000
0 0.044010 0.325463 0.014063 0.023148
0 0.044531 0.726852 0.016146 0.020370
0 0.380729 0.147222 0.013542 0.020370
0 0.044010 0.636111 0.015104 0.025926
0 0.040885 0.083333 0.021354 0.061111
0 0.062240 0.610648 0.015104 0.021296
0 0.044271 0.298611 0.014583 0.025000
0 0.098437 0.247685 0.012500 0.025000
0 0.099479 0.299537 0.013542 0.025000
0 0.025521 0.325463 0.015625 0.023148
0 0.080729 0.299074 0.014583 0.024074
0 0.044010 0.662500 0.014063 0.028704
0 0.044010 0.273148 0.015104 0.024074
0 0.711979 0.088426 0.013542 0.023148
0 0.512500 0.977315 0.017708 0.025000
0 0.694792 0.088426 0.017708 0.023148
0 0.025260 0.636111 0.017188 0.024074
0 0.099219 0.701389 0.014063 0.023148
0 0.044271 0.700926 0.014583 0.025926
0 0.008594 0.221759 0.014063 0.025000
0 0.080469 0.610185 0.015104 0.022222
0 0.043750 0.247685 0.013542 0.023148
0 0.558333 0.977778 0.018750 0.027778
0 0.747396 0.088889 0.014583 0.022222
0 0.441667 0.064815 0.015625 0.024074
0 0.080729 0.247222 0.014583 0.024074
0 0.080469 0.326389 0.015104 0.025000
0 0.025781 0.662963 0.014063 0.029630
0 0.063281 0.700463 0.017188 0.025000
0 0.730208 0.088889 0.014583 0.022222
0 0.062240 0.325463 0.013021 0.025000
0 0.062500 0.662500 0.015625 0.028704
0 0.080990 0.700463 0.013021 0.023148
0 0.973437 0.033333 0.051042 0.025926
0 0.044010 0.610648 0.015104 0.023148
0 0.008073 0.663426 0.016146 0.030556
0 0.043750 0.584259 0.015625 0.022222
0 0.025781 0.299537 0.014063 0.025000
0 0.117448 0.248148 0.014063 0.025926
0 0.044271 0.352778 0.015625 0.025926
0 0.490104 0.976852 0.018750 0.024074
0 0.580729 0.979167 0.018750 0.030556
0 0.062760 0.299074 0.014063 0.024074
0 0.534896 0.977778 0.017708 0.025926
0 0.117969 0.326389 0.017188 0.023148
0 0.909896 0.034259 0.013542 0.025926
0 0.676562 0.087963 0.012500 0.022222
0 0.063281 0.726852 0.016146 0.020370
0 0.672917 0.981019 0.016667 0.028704
0 0.604167 0.979630 0.020833 0.031481
0 0.007812 0.325463 0.015625 0.023148
0 0.098698 0.325463 0.013021 0.025000
0 0.327344 0.978241 0.021354 0.025000
0 0.466146 0.978241 0.017708 0.026852
0 0.117188 0.701389 0.014583 0.023148
0 0.062240 0.221759 0.014063 0.023148
0 0.207813 0.145833 0.017708 0.025000
0 0.026042 0.273148 0.015625 0.025926
0 0.098958 0.635648 0.015625 0.025000
0 0.946354 0.146759 0.013542 0.023148
0 0.650260 0.980556 0.017188 0.029630
0 0.008333 0.727778 0.016667 0.020370
0 0.008594 0.635648 0.014063 0.025000
0 0.008073 0.352315 0.015104 0.023148
0 0.894271 0.034722 0.013542 0.023148
0 0.026042 0.700463 0.014583 0.026852
0 0.659375 0.088426 0.013542 0.021296
0 0.025521 0.584259 0.017708 0.024074
0 0.080469 0.221296 0.013021 0.022222
0 0.025781 0.352315 0.015104 0.026852
0 0.967708 0.145833 0.019792 0.023148
0 0.043750 0.222222 0.013542 0.022222
0 0.008333 0.700463 0.016667 0.026852
0 0.061719 0.583796 0.015104 0.021296
0 0.117448 0.636574 0.017188 0.025000
0 0.846875 0.199537 0.035417 0.028704
0 0.627083 0.980556 0.016667 0.027778
0 0.190365 0.145833 0.015104 0.025000
0 0.098958 0.609722 0.015625 0.025000
0 0.008073 0.584259 0.016146 0.025926
0 0.026042 0.726852 0.015625 0.020370
0 0.008073 0.610185 0.016146 0.022222
0 0.007552 0.194907 0.015104 0.025000
0 0.008333 0.273148 0.014583 0.024074
0 0.007812 0.298148 0.015625 0.027778
0 0.917448 0.200000 0.035937 0.024074
0 0.025521 0.222222 0.015625 0.024074
0 0.079948 0.194907 0.013021 0.023148
0 0.154688 0.145370 0.016667 0.025926
0 0.134375 0.145833 0.018750 0.026852
0 0.098958 0.221296 0.014583 0.022222
0 0.114844 0.145833 0.017188 0.026852
0 0.116927 0.221759 0.013021 0.023148
0 0.988802 0.145370 0.019271 0.022222
0 0.117708 0.585185 0.016667 0.022222
0 0.918490 0.063426 0.036979 0.025000
0 0.641667 0.089815 0.014583 0.024074
0 0.062500 0.195370 0.013542 0.024074
0 0.846615 0.978241 0.014063 0.023148
0 0.881250 0.199537 0.032292 0.028704
0 0.080208 0.584722 0.015625 0.021296
0 0.134896 0.756481 0.007292 0.016667
0 0.117969 0.610185 0.019271 0.025926
0 0.116406 0.194444 0.010937 0.022222
0 0.115104 0.561111 0.009375 0.018519
0 0.097135 0.145833 0.016146 0.025000
0 0.994792 0.172222 0.009375 0.016667
0 0.080469 0.662037 0.014063 0.027778
0 0.965625 0.171759 0.011458 0.015741
0 0.105990 0.756481 0.009896 0.018519
0 0.098698 0.585185 0.016146 0.022222
0 0.608854 0.077315 0.035417 0.056481
0 0.172917 0.144907 0.015625 0.025000
0 0.078906 0.145833 0.017188 0.025000
0 0.879948 0.978241 0.014063 0.023148
0 0.863021 0.977778 0.015625 0.024074
0 0.115365 0.756481 0.006771 0.016667
0 0.819010 0.173611 0.013021 0.021296
0 0.025781 0.609259 0.018229 0.020370
0 0.197396 0.173148 0.009375 0.020370
0 0.115885 0.172222 0.010937 0.020370
0 0.984375 0.171296 0.009375 0.016667
0 0.026042 0.145370 0.050000 0.027778
0 0.070573 0.858333 0.141146 0.027778
0 0.124740 0.756481 0.007812 0.016667
0 0.070833 0.904630 0.141667 0.025926
0 0.124479 0.560648 0.007292 0.017593
0 0.189323 0.212500 0.077604 0.019444
0 0.135156 0.560185 0.007812 0.016667
0 0.134635 0.172222 0.009896 0.020370
0 0.124740 0.172685 0.007812 0.017593
0 0.060417 0.146296 0.015625 0.025926
0 0.974479 0.172222 0.008333 0.014815
0 0.939323 0.008333 0.010937 0.016667
0 0.846615 0.461574 0.034896 0.019444
0 0.236979 0.033333 0.016667 0.020370
0 0.944792 0.976389 0.013542 0.026852
0 0.009896 0.805093 0.010417 0.019444
0 0.932786 0.033796 0.020781 0.025000
0 0.355221 0.062736 0.144766 0.025657
0 0.189299 0.064046 0.134630 0.021981
0 0.913880 0.497222 0.152760 0.018519
0 0.909479 0.408333 0.160208 0.018519
0 0.975544 0.977639 0.039182 0.027500
0 0.932677 0.975444 0.010990 0.022648
0 0.918940 0.975972 0.014172 0.025185
0 0.898844 0.976472 0.018510 0.026704
0 0.875096 0.883324 0.073474 0.015111
0 0.882138 0.778394 0.088776 0.018435
0 0.910432 0.443745 0.161354 0.015435
0 0.911005 0.390245 0.161354 0.015435
0 0.911115 0.373153 0.161354 0.015435
0 0.910073 0.355801 0.161354 0.015435
0 0.820438 0.088361 0.011781 0.023667
0 0.804951 0.089653 0.014359 0.023380
0 0.141635 0.032287 0.020573 0.018741
0 0.162297 0.032440 0.016729 0.022009
0 0.913154 0.584417 0.151089 0.016667
0 0.868490 0.760648 0.058854 0.013889
0 0.914466 0.920458 0.171068 0.020935
0 0.877578 0.831019 0.077031 0.013889
0 0.913958 0.619907 0.152917 0.017593
0 0.863880 0.813426 0.049635 0.012037
0 0.855208 0.795833 0.052083 0.013889
0 0.913203 0.900000 0.151719 0.018519
0 0.878203 0.848148 0.078281 0.012963
0 0.165234 0.173611 0.050781 0.017593
0 0.119872 0.032069 0.014443 0.018213
0 0.097487 0.032139 0.020328 0.019796
0 0.929419 0.089662 0.017068 0.024380
0 0.070419 0.034079 0.023474 0.021083
0 0.046661 0.032282 0.015813 0.019509
0 0.857500 0.866185 0.034917 0.012963
0 0.915883 0.303296 0.153026 0.015630
0 0.913539 0.671583 0.154172 0.015907
0 0.863229 0.425463 0.067083 0.015741
0 0.913151 0.601852 0.152344 0.018519
0 0.909870 0.338889 0.161406 0.018519
0 0.913424 0.654630 0.153932 0.018519
0 0.913495 0.724759 0.151969 0.017593
0 0.913956 0.689852 0.154172 0.018519
0 0.910870 0.088208 0.017708 0.023213
0 0.771995 0.089292 0.014281 0.023231
0 0.788169 0.089509 0.014682 0.022519
0 0.072448 0.925278 0.144896 0.014444
0 0.964266 0.008648 0.014583 0.017296
0 0.295495 0.145370 0.152760 0.024074
0 0.865417 0.514352 0.052708 0.012037
0 0.913203 0.566204 0.153802 0.017593
0 0.914021 0.742593 0.152417 0.018519
0 0.009089 0.033472 0.014427 0.018519
0 0.910339 0.285648 0.159531 0.017593
0 0.111609 0.088644 0.017708 0.031787
0 0.026859 0.195370 0.017573 0.025926
0 0.910906 0.249426 0.158854 0.016630
0 0.044969 0.194685 0.017188 0.025000
0 0.355698 0.088463 0.145375 0.026407
0 0.914112 0.707403 0.154484 0.017231
0 0.643589 0.061769 0.019792 0.023148
0 0.838177 0.063843 0.014271 0.020278
0 0.112109 0.061935 0.018750 0.021296
0 0.914219 0.637500 0.153437 0.017593
0 0.100115 0.197556 0.019271 0.024074
0 0.027547 0.032176 0.015104 0.020370
0 0.730984 0.063380 0.033760 0.025093
0 0.272552 0.089815 0.020104 0.024074
0 0.858594 0.081481 0.025521 0.050000
0 0.215240 0.034519 0.022917 0.022000
0 0.187721 0.033921 0.029443 0.022009
0 0.988453 0.009111 0.014583 0.018222
0 0.789036 0.065556 0.015677 0.021852
0 0.773151 0.065463 0.015156 0.021667
0 0.509687 0.088426 0.151667 0.025000
0 0.954167 0.079074 0.021875 0.056296
0 0.027719 0.248148 0.016146 0.024074
0 0.064180 0.247481 0.016484 0.024074
0 0.909469 0.320269 0.161021 0.017426
0 0.518292 0.064167 0.135573 0.023519
0 0.884521 0.080981 0.023958 0.054630
0 0.009151 0.247991 0.016531 0.024074
0 0.189664 0.086639 0.135359 0.025056
0 0.685013 0.064236 0.060391 0.023657
0 0.910745 0.479630 0.158990 0.016667
0 0.272135 0.064352 0.020313 0.025000
0 0.821510 0.064630 0.013229 0.020000
0 0.806302 0.065417 0.016562 0.021574
