0 0.070573 0.804630 0.141146 0.027778
0 0.070573 0.830556 0.141146 0.027778
0 0.016406 0.081944 0.026562 0.062037
0 0.098698 0.273611 0.013021 0.025000
0 0.062240 0.636111 0.016146 0.025926
0 0.065104 0.083333 0.021875 0.061111
0 0.397135 0.976389 0.117188 0.034259
0 0.116927 0.273611 0.014063 0.023148
0 0.080469 0.272685 0.015104 0.025000
0 0.080469 0.635648 0.015104 0.025000
0 0.088542 0.082407 0.023958 0.061111
0 0.062760 0.272685 0.015104 0.025000
0 0.080469 0.727315 0.014063 0.023148
0 0.118229 0.300463 0.017708 0.025000
0 0.044010 0.325463 0.014063 0.023148
0 0.380729 0.147222 0.013542 0.020370
0 0.044531 0.726852 0.016146 0.020370
0 0.044010 0.636111 0.015104 0.025926
0 0.040885 0.083333 0.021354 0.061111
0 0.062240 0.610648 0.015104 0.021296
0 0.044271 0.298611 0.014583 0.025000
0 0.098437 0.247685 0.012500 0.025000
0 0.099479 0.299537 0.013542 0.025000
0 0.983073 0.081481 0.025521 0.062963
0 0.080729 0.299074 0.014583 0.024074
0 0.025521 0.325463 0.015625 0.023148
0 0.044010 0.662500 0.014063 0.028704
0 0.044010 0.273148 0.015104 0.024074
0 0.711979 0.088426 0.013542 0.023148
0 0.512500 0.977315 0.017708 0.025000
0 0.694792 0.088426 0.017708 0.023148
0 0.025260 0.636111 0.017188 0.024074
0 0.099219 0.701389 0.014063 0.023148
0 0.044271 0.700926 0.014583 0.025926
0 0.008594 0.221759 0.014063 0.025000
0 0.080469 0.610185 0.015104 0.022222
0 0.043750 0.247685 0.013542 0.023148
0 0.747396 0.088889 0.014583 0.022222
0 0.080469 0.325926 0.015104 0.025926
0 0.558333 0.977778 0.018750 0.027778
0 0.441667 0.064815 0.015625 0.024074
0 0.025781 0.662963 0.014063 0.029630
0 0.080729 0.247222 0.014583 0.024074
0 0.063281 0.700463 0.017188 0.025000
0 0.730208 0.088889 0.014583 0.022222
0 0.062240 0.325463 0.013021 0.025000
0 0.062500 0.662500 0.015625 0.028704
0 0.080990 0.700463 0.013021 0.023148
0 0.044010 0.610648 0.015104 0.023148
0 0.973437 0.033333 0.051042 0.025926
0 0.008073 0.663426 0.016146 0.030556
0 0.025781 0.299537 0.014063 0.025000
0 0.043750 0.584259 0.015625 0.022222
0 0.117448 0.248148 0.014063 0.025926
0 0.044271 0.352778 0.015625 0.025926
0 0.490104 0.976852 0.018750 0.024074
0 0.062760 0.299074 0.014063 0.024074
0 0.580729 0.979167 0.018750 0.030556
0 0.534896 0.977778 0.017708 0.025926
0 0.117969 0.326389 0.017188 0.023148
0 0.909896 0.034259 0.013542 0.025926
0 0.676562 0.087963 0.012500 0.022222
0 0.063281 0.726852 0.016146 0.020370
0 0.007812 0.325463 0.015625 0.023148
0 0.604167 0.979630 0.020833 0.031481
0 0.098698 0.325463 0.013021 0.025000
0 0.672917 0.981019 0.016667 0.028704
0 0.327344 0.978241 0.021354 0.025000
0 0.466146 0.978241 0.017708 0.026852
0 0.117188 0.701389 0.014583 0.023148
0 0.062240 0.221759 0.014063 0.023148
0 0.098958 0.635648 0.015625 0.025000
0 0.207813 0.145833 0.017708 0.025000
0 0.026042 0.273148 0.015625 0.025926
0 0.946354 0.146759 0.013542 0.023148
0 0.650260 0.980556 0.017188 0.029630
0 0.008333 0.727778 0.016667 0.020370
0 0.008594 0.635648 0.014063 0.025000
0 0.008073 0.352315 0.015104 0.023148
0 0.894271 0.034722 0.013542 0.023148
0 0.026042 0.700463 0.014583 0.026852
0 0.659375 0.088426 0.013542 0.021296
0 0.025781 0.584259 0.017188 0.024074
0 0.080469 0.221296 0.013021 0.022222
0 0.025781 0.352315 0.015104 0.026852
0 0.967708 0.145833 0.019792 0.023148
0 0.008333 0.700463 0.016667 0.026852
0 0.043750 0.222222 0.013542 0.022222
0 0.061719 0.583796 0.015104 0.021296
0 0.117448 0.636574 0.017188 0.025000
0 0.846875 0.199537 0.035417 0.028704
0 0.627083 0.980556 0.016667 0.027778
0 0.190365 0.145833 0.015104 0.025000
0 0.098958 0.609722 0.015625 0.025000
0 0.111198 0.089815 0.016146 0.027778
0 0.008073 0.584259 0.016146 0.025926
0 0.026042 0.726852 0.015625 0.020370
0 0.008073 0.610185 0.016146 0.022222
0 0.007552 0.194907 0.015104 0.025000
0 0.008333 0.273148 0.014583 0.024074
0 0.007812 0.298148 0.015625 0.027778
0 0.917448 0.200000 0.035937 0.024074
0 0.025521 0.222222 0.015625 0.024074
0 0.079948 0.194907 0.013021 0.023148
0 0.154688 0.145370 0.016667 0.025926
0 0.134375 0.145833 0.018750 0.026852
0 0.098958 0.221296 0.014583 0.022222
0 0.114583 0.145833 0.016667 0.026852
0 0.116927 0.221759 0.013021 0.023148
0 0.988802 0.145370 0.019271 0.022222
0 0.641667 0.089815 0.014583 0.024074
0 0.117708 0.585185 0.016667 0.022222
0 0.062500 0.195370 0.013542 0.024074
0 0.846615 0.978241 0.014063 0.023148
0 0.881250 0.199537 0.032292 0.028704
0 0.080208 0.584722 0.015625 0.021296
0 0.134896 0.756481 0.007292 0.016667
0 0.116406 0.194444 0.010937 0.022222
0 0.117969 0.610185 0.019271 0.025926
0 0.097135 0.145833 0.016146 0.025000
0 0.994792 0.172222 0.009375 0.016667
0 0.080469 0.662037 0.014063 0.027778
0 0.115104 0.561111 0.009375 0.018519
0 0.965625 0.171759 0.011458 0.015741
0 0.105990 0.756481 0.009896 0.018519
0 0.098698 0.585185 0.016146 0.022222
0 0.608854 0.077315 0.035417 0.056481
0 0.172917 0.144907 0.015625 0.025000
0 0.078906 0.145833 0.017188 0.025000
0 0.880208 0.978241 0.013542 0.023148
0 0.863021 0.978241 0.015625 0.023148
0 0.115365 0.756481 0.006771 0.016667
0 0.819010 0.173611 0.013021 0.021296
0 0.025781 0.609259 0.018229 0.020370
0 0.197135 0.173148 0.008854 0.020370
0 0.115885 0.172222 0.010937 0.020370
0 0.984375 0.171296 0.009375 0.016667
0 0.026042 0.145370 0.050000 0.027778
0 0.070573 0.858333 0.141146 0.027778
0 0.124740 0.756481 0.007812 0.016667
0 0.070833 0.904630 0.141667 0.025926
0 0.124479 0.560648 0.007292 0.017593
0 0.189323 0.212500 0.077604 0.019444
0 0.135156 0.560185 0.007812 0.016667
0 0.134635 0.172222 0.009896 0.020370
0 0.060417 0.146296 0.015625 0.025926
0 0.124740 0.172685 0.007812 0.017593
0 0.974479 0.172222 0.008333 0.014815
0 0.939323 0.008333 0.010937 0.016667
0 0.864323 0.514352 0.051562 0.015741
0 0.846615 0.461574 0.034896 0.019444
0 0.236979 0.033333 0.016667 0.020370
0 0.944792 0.976389 0.013542 0.026852
0 0.182177 0.862639 0.044531 0.074722
0 0.043984 0.196306 0.013802 0.021870
0 0.913672 0.567083 0.152865 0.017685
0 0.910656 0.249537 0.158854 0.021296
0 0.027086 0.196037 0.017401 0.025926
0 0.909844 0.285648 0.160521 0.017593
0 0.009286 0.033056 0.013271 0.018519
0 0.914458 0.742815 0.153292 0.018519
0 0.964443 0.009394 0.014583 0.018787
0 0.070599 0.925444 0.141198 0.014296
0 0.294245 0.145370 0.155260 0.024074
0 0.914661 0.724537 0.150885 0.017593
0 0.909635 0.338370 0.160938 0.018519
0 0.913307 0.601852 0.152656 0.018519
0 0.862458 0.426296 0.064792 0.015741
0 0.910589 0.089130 0.016490 0.025074
0 0.856406 0.865741 0.035729 0.012963
0 0.928677 0.089000 0.017250 0.026074
0 0.165026 0.173611 0.051198 0.017593
0 0.878542 0.848148 0.078958 0.012963
0 0.854505 0.795833 0.050677 0.013889
0 0.913516 0.901065 0.151094 0.016389
0 0.863750 0.813426 0.049375 0.012037
0 0.913698 0.619907 0.152396 0.017593
0 0.878177 0.831019 0.078229 0.013889
0 0.913672 0.479630 0.153385 0.016667
0 0.908901 0.319926 0.161823 0.018148
0 0.027281 0.031750 0.015104 0.020370
0 0.913880 0.637500 0.152760 0.017593
0 0.914680 0.920181 0.170641 0.020861
0 0.908568 0.408333 0.162031 0.018519
0 0.913943 0.584759 0.152083 0.016667
0 0.870938 0.760648 0.063750 0.013889
0 0.214711 0.031602 0.023995 0.020000
0 0.772630 0.090583 0.012500 0.019815
0 0.071016 0.033796 0.023219 0.020463
0 0.098062 0.032269 0.021240 0.020444
0 0.788958 0.090306 0.016510 0.021481
0 0.805865 0.090139 0.014344 0.022278
0 0.820901 0.088097 0.011990 0.020583
0 0.119555 0.032269 0.013745 0.020444
0 0.139987 0.032046 0.018620 0.019111
0 0.161602 0.030824 0.015620 0.019333
0 0.186096 0.031935 0.026370 0.020667
0 0.046471 0.032560 0.015964 0.017491
0 0.913646 0.497222 0.152292 0.018519
0 0.974042 0.977324 0.038125 0.033019
0 0.931763 0.977421 0.011016 0.024769
0 0.918747 0.976171 0.013714 0.027269
0 0.899523 0.978380 0.016953 0.024000
0 0.875049 0.883657 0.072797 0.017852
0 0.190208 0.063986 0.134375 0.022231
0 0.882042 0.778745 0.087854 0.016491
0 0.913977 0.707282 0.152984 0.016491
0 0.913766 0.689227 0.152781 0.016491
0 0.913797 0.672912 0.152406 0.016491
0 0.914195 0.655505 0.152224 0.018620
0 0.909320 0.443588 0.159047 0.016491
0 0.910049 0.389819 0.159047 0.016491
0 0.909674 0.372931 0.159047 0.016491
0 0.909852 0.356273 0.159047 0.016491
0 0.910326 0.302750 0.159839 0.015556
0 0.355745 0.063435 0.144240 0.023722
0 0.932682 0.033796 0.020573 0.025000
0 0.806901 0.065509 0.015365 0.021759
0 0.821849 0.064167 0.012552 0.019074
0 0.272708 0.064352 0.021458 0.025000
0 0.683578 0.063759 0.060344 0.024000
0 0.189263 0.087685 0.134911 0.025370
0 0.009492 0.248713 0.015547 0.024074
0 0.883740 0.081370 0.023958 0.054630
0 0.520344 0.063648 0.133635 0.023519
0 0.064479 0.248333 0.015625 0.024074
0 0.027073 0.248148 0.016146 0.024074
0 0.954708 0.079431 0.021875 0.053176
0 0.510026 0.088426 0.152344 0.025000
0 0.772891 0.066667 0.015677 0.024074
0 0.789349 0.065694 0.015052 0.022130
0 0.988583 0.009644 0.014583 0.019287
0 0.859010 0.081481 0.024688 0.050000
0 0.272865 0.089815 0.020729 0.024074
0 0.730651 0.063981 0.034219 0.023889
0 0.099740 0.197111 0.019271 0.024074
0 0.112005 0.063426 0.020885 0.021296
0 0.838021 0.063241 0.014583 0.019074
0 0.642724 0.061861 0.019792 0.023148
0 0.919135 0.063000 0.036979 0.025000
0 0.356010 0.088435 0.145896 0.027759
