0 0.442099 0.064556 0.015625 0.024074
0 0.883589 0.081491 0.024479 0.055556
0 0.518180 0.063505 0.135099 0.023306
0 0.064057 0.248046 0.017135 0.024074
0 0.509583 0.088889 0.151458 0.024074
0 0.806250 0.067083 0.016667 0.024907
0 0.119719 0.032579 0.014677 0.017491
0 0.026375 0.248148 0.016146 0.024074
0 0.772135 0.067130 0.017188 0.023148
0 0.954167 0.079306 0.021875 0.056759
0 0.139732 0.032130 0.020016 0.020167
0 0.788802 0.065880 0.016146 0.022500
0 0.987271 0.009319 0.014583 0.018639
0 0.858620 0.081481 0.025469 0.050000
0 0.730904 0.063116 0.033609 0.025120
0 0.112380 0.061889 0.018750 0.021296
0 0.100510 0.196157 0.019271 0.024074
0 0.272682 0.089861 0.021406 0.024167
0 0.919625 0.062537 0.036458 0.025000
0 0.026359 0.222056 0.015625 0.024074
0 0.837578 0.065556 0.015469 0.021852
0 0.161497 0.032574 0.016849 0.019870
0 0.186099 0.030944 0.027354 0.020167
0 0.642880 0.061472 0.019792 0.023148
0 0.356133 0.089824 0.143255 0.026593
0 0.044320 0.195731 0.015422 0.025000
0 0.180177 0.864602 0.046406 0.076111
0 0.213453 0.031833 0.023354 0.018389
0 0.771836 0.090120 0.014557 0.019000
0 0.788768 0.090042 0.015766 0.020306
0 0.805336 0.090407 0.015443 0.019574
0 0.820956 0.089704 0.012026 0.019778
0 0.909867 0.249861 0.159432 0.017593
0 0.910589 0.286139 0.159427 0.017593
0 0.910398 0.303269 0.159432 0.016056
0 0.910398 0.321037 0.159432 0.017259
0 0.397674 0.975324 0.116620 0.032037
0 0.974797 0.977699 0.037625 0.037435
0 0.945331 0.977255 0.011339 0.024139
0 0.932495 0.976481 0.012833 0.020370
0 0.919167 0.975815 0.013083 0.023037
0 0.898857 0.976926 0.017318 0.023037
0 0.913690 0.900801 0.152370 0.016398
0 0.874776 0.883458 0.073760 0.017157
0 0.882227 0.778704 0.089068 0.017037
0 0.914258 0.742894 0.152224 0.016787
0 0.913826 0.725208 0.152224 0.016787
0 0.914258 0.708042 0.152224 0.016787
0 0.915411 0.690356 0.152219 0.016787
0 0.914138 0.672495 0.152224 0.016787
0 0.913453 0.654819 0.152219 0.016787
0 0.909799 0.443435 0.159432 0.015852
0 0.909469 0.390495 0.159427 0.018028
0 0.908846 0.356384 0.159432 0.015861
0 0.909469 0.372111 0.159427 0.018481
0 0.912552 0.565741 0.155104 0.020370
0 0.026771 0.195370 0.018125 0.025926
0 0.008872 0.032426 0.012359 0.018519
0 0.962964 0.009079 0.014063 0.018157
0 0.295026 0.145370 0.153698 0.024074
0 0.069323 0.925130 0.138646 0.012889
0 0.913490 0.601852 0.153021 0.018519
0 0.910766 0.087829 0.017708 0.023972
0 0.861953 0.425463 0.064531 0.015741
0 0.913646 0.619907 0.152292 0.017593
0 0.929135 0.087833 0.017188 0.023778
0 0.166615 0.173611 0.048021 0.017593
0 0.856875 0.865741 0.036667 0.012963
0 0.878021 0.848148 0.077917 0.012963
0 0.853750 0.795833 0.049167 0.013889
0 0.863594 0.812472 0.049063 0.012037
0 0.913750 0.585185 0.152500 0.016667
0 0.877969 0.831019 0.077813 0.013889
0 0.869036 0.760648 0.059948 0.013889
0 0.913464 0.637500 0.151927 0.017593
0 0.914966 0.919338 0.170068 0.022620
0 0.908854 0.409398 0.162500 0.018241
0 0.028010 0.032389 0.015104 0.020370
0 0.910573 0.479630 0.157604 0.016667
0 0.913724 0.497222 0.152448 0.018519
0 0.932969 0.033796 0.021146 0.025000
0 0.189109 0.064551 0.134594 0.024287
0 0.354984 0.062056 0.142823 0.025852
0 0.070156 0.804630 0.140312 0.027778
0 0.846875 0.199537 0.035417 0.028704
0 0.819010 0.173611 0.013021 0.021296
0 0.070573 0.858333 0.141146 0.027778
0 0.910417 0.339778 0.161250 0.018519
0 0.821354 0.066065 0.013542 0.022870
0 0.272786 0.062843 0.021615 0.024074
0 0.684128 0.063824 0.059766 0.023759
0 0.190060 0.088727 0.134880 0.026435
0 0.046747 0.031903 0.015766 0.019880
0 0.081937 0.246889 0.014583 0.024074
0 0.069914 0.032972 0.023484 0.020019
0 0.009526 0.248546 0.016552 0.024074
0 0.097263 0.032259 0.022203 0.021741
0 0.080469 0.635648 0.015104 0.025000
0 0.088281 0.082407 0.023438 0.061111
0 0.080469 0.727315 0.014063 0.023148
0 0.062760 0.272685 0.015104 0.025000
0 0.044792 0.726852 0.015625 0.020370
0 0.118229 0.300463 0.017708 0.025000
0 0.044010 0.325463 0.014063 0.023148
0 0.044010 0.636574 0.015104 0.025000
0 0.062240 0.610648 0.015104 0.021296
0 0.380729 0.147222 0.013542 0.020370
0 0.098437 0.247685 0.012500 0.025000
0 0.044271 0.298611 0.014583 0.025000
0 0.040885 0.083333 0.021354 0.061111
0 0.099479 0.299537 0.013542 0.025000
0 0.983073 0.081481 0.025521 0.062963
0 0.044010 0.273148 0.015104 0.024074
0 0.512500 0.977315 0.017708 0.025000
0 0.044010 0.662500 0.014063 0.028704
0 0.025521 0.325463 0.015625 0.023148
0 0.080729 0.299074 0.014583 0.024074
0 0.711979 0.088889 0.013542 0.022222
0 0.694792 0.088426 0.017708 0.023148
0 0.099219 0.701389 0.014063 0.023148
0 0.025521 0.636111 0.016667 0.024074
0 0.044271 0.700926 0.014583 0.025926
0 0.080469 0.610185 0.015104 0.022222
0 0.008594 0.221759 0.014063 0.025000
0 0.043750 0.247685 0.013542 0.023148
0 0.558333 0.977778 0.018750 0.027778
0 0.747396 0.088889 0.014583 0.022222
0 0.973437 0.033333 0.051042 0.025926
0 0.063281 0.700463 0.017188 0.025000
0 0.025781 0.662963 0.014063 0.029630
0 0.062240 0.325463 0.013021 0.025000
0 0.080990 0.700463 0.013021 0.023148
0 0.062500 0.662500 0.015625 0.028704
0 0.730208 0.088889 0.014583 0.022222
0 0.080469 0.326389 0.015104 0.025000
0 0.044010 0.610648 0.015104 0.023148
0 0.490104 0.976852 0.018750 0.024074
0 0.008073 0.663426 0.016146 0.030556
0 0.025781 0.299537 0.014063 0.025000
0 0.044271 0.352778 0.015625 0.025926
0 0.062500 0.299074 0.013542 0.024074
0 0.043750 0.584259 0.015625 0.022222
0 0.117448 0.248148 0.014063 0.025926
0 0.534896 0.977778 0.017708 0.025926
0 0.580729 0.979167 0.018750 0.030556
0 0.672917 0.981019 0.016667 0.028704
0 0.676562 0.087963 0.012500 0.022222
0 0.063281 0.726852 0.016146 0.020370
0 0.909896 0.034259 0.013542 0.025926
0 0.117969 0.326389 0.017188 0.023148
0 0.604167 0.979630 0.020833 0.031481
0 0.007812 0.325463 0.015625 0.023148
0 0.466146 0.978241 0.017708 0.026852
0 0.117188 0.701389 0.014583 0.023148
0 0.062500 0.221759 0.013542 0.023148
0 0.327083 0.978241 0.021875 0.025000
0 0.207552 0.145833 0.017188 0.025000
0 0.098698 0.325926 0.013021 0.025926
0 0.026042 0.273148 0.015625 0.025926
0 0.098958 0.635648 0.015625 0.025000
0 0.650260 0.981019 0.017188 0.028704
0 0.946354 0.146759 0.013542 0.023148
0 0.008333 0.727778 0.016667 0.020370
0 0.659115 0.088426 0.013021 0.021296
0 0.894271 0.034722 0.013542 0.023148
0 0.026042 0.700463 0.014583 0.026852
0 0.008073 0.352315 0.015104 0.023148
0 0.967708 0.145833 0.019792 0.023148
0 0.080469 0.221296 0.013021 0.022222
0 0.025781 0.584259 0.017188 0.024074
0 0.008594 0.635648 0.014063 0.025000
0 0.025521 0.352315 0.014583 0.026852
0 0.043750 0.222222 0.013542 0.022222
0 0.008333 0.700463 0.016667 0.026852
0 0.627083 0.980556 0.016667 0.027778
0 0.061719 0.583796 0.015104 0.021296
0 0.117448 0.636574 0.017188 0.025000
0 0.111198 0.089815 0.016146 0.027778
0 0.098958 0.610185 0.015625 0.024074
0 0.190365 0.145833 0.015104 0.025000
0 0.026042 0.726852 0.015625 0.020370
0 0.008073 0.584259 0.016146 0.025926
0 0.007812 0.610185 0.015625 0.022222
0 0.007552 0.194907 0.015104 0.025000
0 0.007812 0.298148 0.015625 0.027778
0 0.008333 0.273148 0.014583 0.024074
0 0.917448 0.200000 0.035937 0.024074
0 0.080208 0.194907 0.012500 0.023148
0 0.134375 0.145833 0.018750 0.026852
0 0.154688 0.145370 0.016667 0.025926
0 0.099219 0.221296 0.014063 0.022222
0 0.114844 0.145833 0.017188 0.026852
0 0.988802 0.145370 0.019271 0.022222
0 0.116927 0.221759 0.013021 0.023148
0 0.641667 0.089815 0.014583 0.024074
0 0.117708 0.585648 0.016667 0.021296
0 0.881250 0.199537 0.032292 0.028704
0 0.062500 0.195370 0.013542 0.024074
0 0.846615 0.978241 0.014063 0.023148
0 0.080208 0.584722 0.015625 0.021296
0 0.134896 0.756481 0.007292 0.016667
0 0.117969 0.610185 0.019271 0.025926
0 0.116406 0.194444 0.010937 0.022222
0 0.097135 0.145833 0.016146 0.025000
0 0.115104 0.561111 0.009375 0.018519
0 0.994792 0.172222 0.009375 0.016667
0 0.105990 0.756481 0.009896 0.018519
0 0.965365 0.171759 0.010937 0.015741
0 0.080469 0.662037 0.014063 0.027778
0 0.098698 0.585185 0.016146 0.022222
0 0.078906 0.145833 0.017188 0.025000
0 0.880208 0.977778 0.013542 0.024074
0 0.172917 0.144907 0.015625 0.025000
0 0.863021 0.977778 0.015625 0.024074
0 0.608854 0.077315 0.035417 0.056481
0 0.115365 0.756481 0.006771 0.016667
0 0.025781 0.609722 0.017188 0.019444
0 0.197135 0.173148 0.008854 0.020370
0 0.115625 0.172222 0.010417 0.020370
0 0.984375 0.171296 0.009375 0.016667
0 0.026042 0.145370 0.050000 0.027778
0 0.124740 0.756481 0.007812 0.016667
0 0.070833 0.904630 0.141667 0.025926
0 0.124479 0.560648 0.007292 0.017593
0 0.134635 0.172222 0.009896 0.020370
0 0.135156 0.560185 0.007812 0.016667
0 0.193490 0.212963 0.088021 0.018519
0 0.124740 0.172685 0.007812 0.017593
0 0.974479 0.172222 0.008333 0.014815
0 0.060417 0.146296 0.015625 0.025926
0 0.939323 0.008333 0.010937 0.016667
0 0.864323 0.514352 0.051562 0.015741
0 0.236979 0.033333 0.016667 0.020370
0 0.846615 0.461574 0.034896 0.019444
0 0.070573 0.830556 0.141146 0.027778
0 0.016406 0.081944 0.026562 0.062037
0 0.098698 0.273611 0.013021 0.025000
0 0.062240 0.636111 0.016146 0.025926
0 0.065104 0.083796 0.021875 0.060185
0 0.080469 0.272685 0.015104 0.025000
0 0.116927 0.273611 0.014063 0.023148
