0 0.694792 0.088426 0.017708 0.023148
0 0.944792 0.975926 0.013542 0.027778
0 0.008073 0.033796 0.014063 0.023148
0 0.939323 0.008333 0.010937 0.016667
0 0.984896 0.742593 0.011458 0.018519
0 0.060417 0.146296 0.015625 0.025926
0 0.124740 0.172685 0.007812 0.017593
0 0.193490 0.212963 0.088021 0.018519
0 0.135156 0.560648 0.007812 0.015741
0 0.974479 0.172222 0.008333 0.014815
0 0.134635 0.172222 0.009896 0.020370
0 0.124479 0.560648 0.007292 0.017593
0 0.124740 0.756481 0.007812 0.016667
0 0.236979 0.033796 0.016667 0.021296
0 0.025781 0.145370 0.050521 0.027778
0 0.070052 0.857870 0.140104 0.026852
0 0.984375 0.171296 0.009375 0.016667
0 0.115885 0.172222 0.010937 0.020370
0 0.608854 0.077315 0.035417 0.056481
0 0.197135 0.173611 0.008854 0.019444
0 0.818750 0.174074 0.012500 0.020370
0 0.879687 0.977315 0.016667 0.025000
0 0.026042 0.609722 0.017708 0.019444
0 0.862500 0.978241 0.014583 0.028704
0 0.098958 0.585185 0.016667 0.022222
0 0.115365 0.756481 0.006771 0.016667
0 0.078906 0.145833 0.017188 0.025000
0 0.172917 0.145370 0.015625 0.025926
0 0.080469 0.662037 0.014063 0.027778
0 0.116406 0.194444 0.010937 0.022222
0 0.115104 0.561111 0.009375 0.018519
0 0.105990 0.756481 0.009896 0.018519
0 0.080208 0.584722 0.015625 0.021296
0 0.097396 0.145833 0.015625 0.025000
0 0.964583 0.172685 0.009375 0.015741
0 0.994792 0.172222 0.009375 0.016667
0 0.134896 0.756481 0.007292 0.016667
0 0.881250 0.200000 0.032292 0.027778
0 0.062500 0.195370 0.013542 0.024074
0 0.338281 0.978241 0.020313 0.026852
0 0.641667 0.089815 0.014583 0.024074
0 0.116927 0.221759 0.013021 0.023148
0 0.117188 0.609722 0.012500 0.023148
0 0.117448 0.585185 0.015104 0.020370
0 0.099740 0.610648 0.018229 0.025000
0 0.099219 0.221296 0.014063 0.022222
0 0.114583 0.145833 0.016667 0.026852
0 0.025521 0.222222 0.015625 0.024074
0 0.134375 0.145833 0.018750 0.026852
0 0.661198 0.980093 0.017188 0.026852
0 0.988802 0.145370 0.019271 0.022222
0 0.007812 0.298148 0.015625 0.027778
0 0.116927 0.636111 0.014063 0.024074
0 0.008333 0.273148 0.014583 0.024074
0 0.008073 0.584259 0.016146 0.025926
0 0.154688 0.145833 0.016667 0.026852
0 0.080208 0.194907 0.012500 0.023148
0 0.638542 0.980556 0.015625 0.025926
0 0.917448 0.200000 0.035937 0.024074
0 0.026042 0.726852 0.015625 0.020370
0 0.007552 0.194907 0.015104 0.025000
0 0.007812 0.610185 0.015625 0.022222
0 0.847135 0.199537 0.035937 0.028704
0 0.061719 0.584259 0.015104 0.022222
0 0.190365 0.145833 0.015104 0.025000
0 0.044010 0.222222 0.013021 0.022222
0 0.615885 0.980093 0.020313 0.030556
0 0.008333 0.700463 0.016667 0.026852
0 0.025521 0.352315 0.014583 0.026852
0 0.026042 0.700926 0.014583 0.025926
0 0.008594 0.635648 0.014063 0.025000
0 0.080469 0.221759 0.013021 0.023148
0 0.025781 0.584259 0.017188 0.024074
0 0.008073 0.352315 0.015104 0.023148
0 0.894271 0.034259 0.013542 0.022222
0 0.659115 0.088426 0.013021 0.021296
0 0.008333 0.727778 0.016667 0.020370
0 0.207552 0.145833 0.017188 0.025000
0 0.967708 0.145833 0.019792 0.023148
0 0.026042 0.273148 0.015625 0.025926
0 0.062500 0.221759 0.013542 0.023148
0 0.098958 0.635185 0.016667 0.025926
0 0.007812 0.325463 0.015625 0.023148
0 0.063021 0.726852 0.015625 0.020370
0 0.098698 0.325926 0.013021 0.025926
0 0.117188 0.701389 0.014583 0.023148
0 0.117969 0.326389 0.017188 0.023148
0 0.946354 0.146296 0.013542 0.022222
0 0.676562 0.087963 0.012500 0.022222
0 0.062500 0.662500 0.015625 0.028704
0 0.008073 0.663426 0.016146 0.030556
0 0.909896 0.034259 0.013542 0.025926
0 0.025781 0.299537 0.014063 0.025000
0 0.117448 0.248148 0.014063 0.025926
0 0.062500 0.299074 0.013542 0.024074
0 0.044271 0.352778 0.015625 0.025926
0 0.043750 0.584259 0.015625 0.022222
0 0.044010 0.610648 0.015104 0.023148
0 0.546875 0.977778 0.017708 0.025926
0 0.592708 0.979630 0.018750 0.031481
0 0.477604 0.977315 0.017708 0.026852
0 0.501042 0.976852 0.017708 0.024074
0 0.025781 0.662963 0.014063 0.029630
0 0.080469 0.610185 0.015104 0.022222
0 0.730208 0.088889 0.014583 0.022222
0 0.062240 0.325463 0.013021 0.025000
0 0.080990 0.700463 0.013021 0.023148
0 0.080729 0.247222 0.014583 0.024074
0 0.063281 0.700463 0.017188 0.025000
0 0.570052 0.978704 0.018229 0.027778
0 0.080469 0.325926 0.015104 0.025926
0 0.043750 0.247685 0.013542 0.023148
0 0.044271 0.700926 0.014583 0.025926
0 0.747656 0.088889 0.014063 0.022222
0 0.008594 0.221759 0.014063 0.025000
0 0.025260 0.636111 0.017188 0.024074
0 0.044010 0.662500 0.014063 0.028704
0 0.099219 0.701389 0.014063 0.023148
0 0.042448 0.728241 0.018229 0.021296
0 0.711979 0.088889 0.013542 0.022222
0 0.523958 0.977315 0.017708 0.025000
0 0.025521 0.325463 0.015625 0.023148
0 0.044010 0.273148 0.015104 0.024074
0 0.080729 0.299074 0.014583 0.024074
0 0.983073 0.081019 0.025521 0.062037
0 0.099479 0.299537 0.013542 0.025000
0 0.098437 0.247685 0.012500 0.025000
0 0.040885 0.083333 0.021354 0.061111
0 0.044010 0.636574 0.015104 0.025000
0 0.044271 0.298611 0.014583 0.025000
0 0.062240 0.610648 0.015104 0.021296
0 0.044531 0.726852 0.015104 0.020370
0 0.044010 0.325926 0.014063 0.024074
0 0.118229 0.300463 0.017708 0.025000
0 0.080469 0.635648 0.015104 0.025000
0 0.088542 0.082870 0.023958 0.060185
0 0.062500 0.272685 0.014583 0.025000
0 0.371354 0.147222 0.014583 0.022222
0 0.080469 0.727315 0.014063 0.023148
0 0.080469 0.272685 0.015104 0.025000
0 0.116927 0.273611 0.014063 0.023148
0 0.065104 0.083796 0.021875 0.060185
0 0.062240 0.636111 0.016146 0.025926
0 0.408333 0.976389 0.116667 0.034259
0 0.098698 0.273611 0.013021 0.025000
0 0.016406 0.081944 0.026562 0.062037
0 0.070573 0.830556 0.141146 0.027778
0 0.070573 0.804630 0.141146 0.027778
0 0.863333 0.900463 0.048542 0.013889
0 0.909896 0.373056 0.161458 0.017037
0 0.874063 0.865741 0.071042 0.014815
0 0.900424 0.976852 0.017068 0.028519
0 0.883464 0.777778 0.090885 0.012963
0 0.910417 0.409259 0.159375 0.014815
0 0.847469 0.461444 0.034896 0.015630
0 0.910078 0.795833 0.156927 0.017593
0 0.046484 0.033778 0.015104 0.020370
0 0.788221 0.090139 0.016328 0.020352
0 0.771737 0.090407 0.015307 0.020685
0 0.214901 0.033190 0.019635 0.018861
0 0.186841 0.033523 0.026245 0.018528
0 0.162141 0.033528 0.015688 0.017019
0 0.140320 0.034417 0.020474 0.019852
0 0.119565 0.033426 0.014891 0.020185
0 0.097695 0.033759 0.021589 0.018204
0 0.070471 0.034088 0.020755 0.018861
0 0.355958 0.063634 0.144646 0.023750
0 0.190135 0.063745 0.133583 0.023602
0 0.932828 0.033796 0.020000 0.025000
0 0.684180 0.063176 0.060807 0.024500
0 0.805990 0.066250 0.017188 0.023241
0 0.189909 0.087875 0.135495 0.025361
0 0.821354 0.066019 0.013542 0.022778
0 0.272604 0.064352 0.021250 0.025000
0 0.009531 0.248194 0.016979 0.026019
0 0.883958 0.081963 0.023958 0.055556
0 0.518823 0.063005 0.134646 0.023787
0 0.509922 0.088889 0.152135 0.024074
0 0.442385 0.064046 0.015625 0.024074
0 0.026557 0.247380 0.013552 0.024074
0 0.063750 0.247870 0.017083 0.025370
0 0.772396 0.065972 0.016667 0.022685
0 0.954167 0.076759 0.021875 0.053519
0 0.988146 0.009093 0.014583 0.018185
0 0.858828 0.081481 0.025052 0.050000
0 0.788802 0.066435 0.016146 0.023611
0 0.731521 0.063472 0.034979 0.024907
0 0.111589 0.063426 0.020052 0.021296
0 0.099865 0.197556 0.019271 0.024074
0 0.272760 0.090741 0.020521 0.025926
0 0.110656 0.090194 0.016146 0.027778
0 0.837500 0.065046 0.015625 0.020833
0 0.643750 0.063426 0.019792 0.023148
0 0.180464 0.863130 0.045156 0.072500
0 0.356711 0.088898 0.145432 0.026648
0 0.805154 0.089713 0.015370 0.021852
0 0.820549 0.088852 0.013380 0.021426
0 0.910083 0.250657 0.161458 0.019444
0 0.910719 0.286009 0.161458 0.018185
0 0.910375 0.302778 0.161458 0.016667
0 0.909750 0.320218 0.161458 0.018083
0 0.910599 0.338394 0.161458 0.018083
0 0.910745 0.356255 0.161458 0.018083
0 0.909937 0.391079 0.161458 0.018083
0 0.910318 0.443463 0.161458 0.017333
0 0.914669 0.496287 0.151724 0.015389
0 0.914794 0.513806 0.151724 0.015389
0 0.915044 0.532417 0.151724 0.018056
0 0.863711 0.549907 0.051328 0.014611
0 0.914758 0.603120 0.149891 0.016852
0 0.915729 0.620440 0.151729 0.016713
0 0.915190 0.637245 0.151724 0.016250
0 0.915190 0.655505 0.151724 0.016398
0 0.915406 0.673380 0.151729 0.015389
0 0.861130 0.690472 0.043333 0.015556
0 0.919143 0.976764 0.011745 0.025546
0 0.931208 0.976764 0.010385 0.024213
0 0.975003 0.977315 0.038234 0.035537
0 0.070229 0.926139 0.140292 0.013444
0 0.045062 0.195370 0.015708 0.025926
0 0.919245 0.063231 0.036979 0.025000
0 0.026927 0.195694 0.018438 0.026574
0 0.027979 0.034000 0.015896 0.018519
0 0.914896 0.882870 0.150417 0.015741
0 0.290208 0.144907 0.145625 0.025000
0 0.914583 0.742593 0.151042 0.018519
0 0.964083 0.009185 0.014583 0.018370
0 0.877969 0.813426 0.077813 0.012037
0 0.166380 0.173611 0.047448 0.017593
0 0.070312 0.905093 0.140625 0.025000
0 0.863073 0.426852 0.067813 0.016667
0 0.910542 0.089227 0.017708 0.025620
0 0.928385 0.088782 0.017188 0.024472
0 0.974219 0.033796 0.048438 0.025000
0 0.863333 0.848611 0.048542 0.013889
0 0.865078 0.760648 0.052031 0.013889
0 0.877865 0.831019 0.077604 0.013889
0 0.913594 0.919546 0.172812 0.020167
