0 0.585938 0.727778 0.041667 0.024074
0 0.834375 0.506019 0.055208 0.026852
0 0.755469 0.728241 0.056771 0.025000
0 0.701042 0.728241 0.041667 0.025000
0 0.492188 0.728241 0.041667 0.025000
0 0.632812 0.727778 0.041667 0.025926
0 0.539062 0.728241 0.041667 0.025000
0 0.837500 0.728241 0.047917 0.025000
0 0.806510 0.826389 0.042188 0.025000
0 0.853125 0.827315 0.041667 0.025000
0 0.870052 0.440741 0.011979 0.022222
0 0.534896 0.505556 0.127083 0.025926
0 0.844792 0.473148 0.036458 0.027778
0 0.846094 0.441204 0.008854 0.019444
0 0.473438 0.477315 0.023958 0.017593
0 0.675891 0.478088 0.034781 0.015657
0 0.603570 0.475838 0.030453 0.018046
0 0.569458 0.477032 0.036573 0.017250
0 0.666510 0.696296 0.390313 0.020370
0 0.805854 0.472185 0.030052 0.022722
0 0.515938 0.585185 0.081875 0.014815
0 0.518646 0.568519 0.088333 0.014815
0 0.517161 0.600463 0.085365 0.015741
0 0.507292 0.479167 0.041667 0.021296
0 0.517865 0.552963 0.088854 0.017037
0 0.747995 0.506944 0.113385 0.026852
0 0.539432 0.476523 0.019823 0.019694
0 0.637753 0.476505 0.035526 0.018843
