0 0.585938 0.728241 0.041667 0.025000
0 0.632552 0.728241 0.042188 0.025000
0 0.755469 0.728241 0.056771 0.025000
0 0.701042 0.728241 0.041667 0.025000
0 0.538802 0.728241 0.042188 0.025000
0 0.492188 0.728241 0.041667 0.025000
0 0.834375 0.506019 0.055208 0.026852
0 0.853125 0.827315 0.042708 0.025000
0 0.806250 0.826852 0.041667 0.024074
0 0.837500 0.728241 0.047917 0.025000
0 0.870313 0.441204 0.011458 0.023148
0 0.534896 0.506019 0.127083 0.026852
0 0.845052 0.473148 0.034896 0.027778
0 0.473438 0.477778 0.023958 0.016667
0 0.846354 0.441204 0.008333 0.019444
0 0.518125 0.601389 0.088333 0.015741
0 0.677836 0.477005 0.036172 0.020954
0 0.508094 0.477315 0.041667 0.025000
0 0.539549 0.477449 0.020255 0.019954
0 0.570576 0.476880 0.035609 0.020648
0 0.604198 0.477181 0.029177 0.017769
0 0.638870 0.478245 0.036969 0.019898
0 0.667344 0.695833 0.389896 0.017593
0 0.748906 0.506944 0.111563 0.026852
0 0.807013 0.471880 0.029880 0.025185
0 0.516784 0.552741 0.085182 0.016389
0 0.517542 0.569444 0.087937 0.014815
0 0.517862 0.584722 0.086880 0.015741
