0 0.604120 0.477935 0.029708 0.015926
0 0.666927 0.695370 0.386979 0.018519
0 0.638305 0.477935 0.035078 0.016981
0 0.747526 0.507407 0.114323 0.025926
0 0.675250 0.477537 0.033740 0.019370
0 0.668055 0.570903 0.388828 0.016639
0 0.805372 0.474028 0.029016 0.020574
0 0.538516 0.478199 0.018813 0.016991
0 0.846203 0.439417 0.007292 0.018519
0 0.668487 0.553352 0.387818 0.018519
0 0.569341 0.478995 0.036870 0.018583
0 0.755469 0.728241 0.055729 0.025000
0 0.632552 0.728241 0.042188 0.025000
0 0.701042 0.728704 0.041667 0.024074
0 0.834375 0.506019 0.055208 0.026852
0 0.538802 0.728241 0.042188 0.025000
0 0.492188 0.728241 0.041667 0.025000
0 0.806250 0.826852 0.041667 0.024074
0 0.853125 0.826852 0.042708 0.025926
0 0.847135 0.730556 0.029687 0.031481
0 0.535417 0.506019 0.128125 0.025000
0 0.870833 0.440741 0.010417 0.020370
0 0.473698 0.478704 0.025521 0.022222
0 0.845052 0.473611 0.035937 0.026852
0 0.506510 0.477778 0.038021 0.016667
0 0.585938 0.728241 0.041667 0.025000
