0 0.748516 0.506944 0.112344 0.026852
0 0.667005 0.695833 0.389219 0.017593
0 0.516560 0.585102 0.085422 0.014815
0 0.517396 0.569972 0.087292 0.014704
0 0.507646 0.479111 0.040521 0.021204
0 0.513880 0.600194 0.079323 0.014815
0 0.517240 0.552778 0.087604 0.018519
0 0.673862 0.476366 0.036370 0.021676
0 0.637891 0.477074 0.034375 0.016704
0 0.603419 0.477079 0.027380 0.014565
0 0.569346 0.479028 0.036766 0.017056
0 0.807198 0.472454 0.030177 0.022741
0 0.538974 0.476898 0.019583 0.017759
0 0.514643 0.615676 0.080849 0.014815
0 0.585938 0.728241 0.041667 0.025000
0 0.632552 0.728241 0.042188 0.025000
0 0.755208 0.728241 0.056250 0.025000
0 0.701042 0.728241 0.041667 0.025000
0 0.538802 0.728241 0.042188 0.025000
0 0.834375 0.506019 0.055208 0.026852
0 0.492188 0.728241 0.041667 0.025000
0 0.806510 0.826852 0.042188 0.025926
0 0.853125 0.827315 0.042708 0.025000
0 0.837500 0.728241 0.047917 0.025000
0 0.870313 0.440741 0.011458 0.022222
0 0.534635 0.506481 0.126562 0.025926
0 0.845052 0.473148 0.034896 0.027778
0 0.473438 0.477778 0.022917 0.016667
0 0.846354 0.441204 0.008333 0.019444
