0 0.720833 0.283796 0.041667 0.025000
0 0.589063 0.285185 0.211458 0.027778
0 0.738021 0.170833 0.011458 0.021296
0 0.674219 0.893056 0.041146 0.025000
0 0.720833 0.893056 0.041667 0.025000
0 0.714323 0.169907 0.008854 0.019444
0 0.854688 0.695833 0.011458 0.019444
0 0.819271 0.175926 0.013542 0.025926
0 0.505729 0.261574 0.063542 0.015741
0 0.614453 0.226852 0.255469 0.024074
0 0.520859 0.693981 0.066719 0.013889
0 0.521732 0.806315 0.082682 0.023148
0 0.515885 0.203704 0.083854 0.016667
0 0.606302 0.776389 0.251979 0.025000
0 0.606120 0.749074 0.252344 0.025926
