0 0.070573 0.804630 0.141146 0.027778
0 0.070573 0.830556 0.141146 0.027778
0 0.016406 0.081944 0.026562 0.062037
0 0.063281 0.700463 0.017188 0.025000
0 0.080469 0.610185 0.015104 0.022222
0 0.988021 0.010648 0.014583 0.021296
0 0.080729 0.247222 0.014583 0.024074
0 0.747396 0.088889 0.014583 0.022222
0 0.729948 0.088426 0.015104 0.023148
0 0.080469 0.325926 0.015104 0.025926
0 0.008594 0.221759 0.014063 0.025000
0 0.558594 0.978704 0.019271 0.027778
0 0.117188 0.248148 0.013542 0.025926
0 0.044010 0.610648 0.015104 0.023148
0 0.062240 0.325463 0.013021 0.025000
0 0.080990 0.700463 0.013021 0.023148
0 0.909896 0.034259 0.013542 0.025926
0 0.580729 0.979167 0.018750 0.030556
0 0.062500 0.299074 0.013542 0.024074
0 0.025781 0.299537 0.014063 0.025000
0 0.062500 0.662500 0.015625 0.028704
0 0.118229 0.326852 0.017708 0.024074
0 0.044271 0.352778 0.015625 0.025926
0 0.967448 0.145833 0.020313 0.023148
0 0.676562 0.087963 0.012500 0.022222
0 0.025781 0.662963 0.014063 0.029630
0 0.604167 0.979630 0.020833 0.031481
0 0.043750 0.584259 0.015625 0.022222
0 0.062500 0.221759 0.013542 0.023148
0 0.490104 0.977315 0.018750 0.023148
0 0.534896 0.977315 0.017708 0.025000
0 0.441667 0.064815 0.015625 0.024074
0 0.008333 0.727778 0.016667 0.020370
0 0.117188 0.701389 0.014583 0.023148
0 0.894531 0.034259 0.014063 0.022222
0 0.098698 0.325463 0.013021 0.025000
0 0.007812 0.325463 0.015625 0.023148
0 0.008073 0.663426 0.016146 0.028704
0 0.207552 0.146296 0.015104 0.024074
0 0.190365 0.146296 0.015104 0.025926
0 0.063021 0.726852 0.015625 0.020370
0 0.026042 0.700926 0.014583 0.025926
0 0.917448 0.200463 0.036979 0.025000
0 0.988802 0.145370 0.019271 0.022222
0 0.672917 0.981019 0.016667 0.028704
0 0.080469 0.221759 0.013021 0.023148
0 0.044010 0.222222 0.013021 0.022222
0 0.008073 0.351852 0.015104 0.024074
0 0.008073 0.700463 0.016146 0.026852
0 0.650260 0.981019 0.017188 0.028704
0 0.172135 0.146296 0.018229 0.025926
0 0.025521 0.352315 0.014583 0.026852
0 0.659375 0.088426 0.013542 0.021296
0 0.152083 0.145833 0.018750 0.025000
0 0.465885 0.977778 0.017188 0.025926
0 0.026042 0.726852 0.015625 0.020370
0 0.227083 0.146296 0.018750 0.024074
0 0.880990 0.199537 0.032813 0.028704
0 0.116667 0.636574 0.015625 0.025000
0 0.627083 0.980556 0.016667 0.027778
0 0.964844 0.172685 0.009896 0.017593
0 0.007812 0.610185 0.015625 0.022222
0 0.061719 0.583796 0.015104 0.021296
0 0.327083 0.978241 0.020833 0.025000
0 0.116927 0.221759 0.013021 0.023148
0 0.008333 0.298148 0.015625 0.027778
0 0.098698 0.636111 0.015104 0.024074
0 0.008594 0.635185 0.014063 0.024074
0 0.025521 0.584259 0.017708 0.024074
0 0.008333 0.273148 0.014583 0.024074
0 0.098698 0.609722 0.016146 0.023148
0 0.117188 0.585185 0.015625 0.020370
0 0.008333 0.194907 0.016667 0.025000
0 0.099219 0.221296 0.014063 0.022222
0 0.079948 0.194907 0.013021 0.023148
0 0.025521 0.222222 0.014583 0.024074
0 0.007812 0.584722 0.015625 0.025000
0 0.994531 0.171296 0.009896 0.018519
0 0.116146 0.609722 0.015625 0.023148
0 0.134896 0.756944 0.007292 0.017593
0 0.115365 0.146296 0.016146 0.024074
0 0.080208 0.584259 0.015625 0.020370
0 0.846875 0.978241 0.014583 0.025000
0 0.062500 0.195370 0.013542 0.024074
0 0.105990 0.756481 0.009896 0.018519
0 0.641667 0.089815 0.014583 0.022222
0 0.116406 0.194444 0.010937 0.022222
0 0.863281 0.977315 0.016146 0.026852
0 0.115104 0.561111 0.009375 0.018519
0 0.133073 0.145833 0.015104 0.021296
0 0.080469 0.662037 0.014063 0.027778
0 0.819010 0.174074 0.011979 0.020370
0 0.115104 0.756481 0.006250 0.016667
0 0.098958 0.585185 0.016667 0.022222
0 0.608854 0.077315 0.035417 0.056481
0 0.097135 0.146296 0.017188 0.024074
0 0.984375 0.171296 0.009375 0.018519
0 0.115625 0.172685 0.010417 0.019444
0 0.025781 0.609259 0.017188 0.020370
0 0.025781 0.145370 0.050521 0.027778
0 0.070052 0.857870 0.140104 0.026852
0 0.124740 0.756481 0.007812 0.016667
0 0.236979 0.033333 0.016667 0.020370
0 0.124479 0.561111 0.007292 0.016667
0 0.974479 0.172222 0.008333 0.016667
0 0.197396 0.173611 0.008333 0.019444
0 0.135156 0.560648 0.007812 0.015741
0 0.098698 0.273611 0.013021 0.025000
0 0.062240 0.636111 0.016146 0.025926
0 0.116927 0.274074 0.014063 0.022222
0 0.065104 0.083333 0.021875 0.059259
0 0.080469 0.272685 0.015104 0.025000
0 0.062500 0.272685 0.014583 0.025000
0 0.080469 0.727315 0.014063 0.023148
0 0.044531 0.726852 0.015104 0.020370
0 0.080469 0.635648 0.015104 0.025000
0 0.062500 0.610648 0.014583 0.021296
0 0.040625 0.083333 0.021875 0.061111
0 0.118490 0.300463 0.018229 0.025000
0 0.088542 0.082870 0.023958 0.060185
0 0.044010 0.325463 0.014063 0.023148
0 0.044010 0.636111 0.015104 0.025926
0 0.098437 0.247685 0.012500 0.025000
0 0.846875 0.199537 0.035417 0.028704
0 0.044271 0.298611 0.014583 0.025000
0 0.099479 0.300000 0.013542 0.024074
0 0.946094 0.146759 0.014063 0.023148
0 0.396615 0.976389 0.117188 0.034259
0 0.080729 0.299074 0.014583 0.024074
0 0.711979 0.088426 0.013542 0.023148
0 0.694792 0.088426 0.017708 0.023148
0 0.025521 0.325463 0.015625 0.023148
0 0.044010 0.700926 0.014063 0.025926
0 0.099219 0.701389 0.014063 0.023148
0 0.983073 0.081944 0.025521 0.065741
0 0.025521 0.636111 0.016667 0.024074
0 0.043750 0.247222 0.013542 0.024074
0 0.512760 0.977315 0.017188 0.025000
0 0.044010 0.662500 0.014063 0.028704
0 0.973437 0.033333 0.051042 0.025926
0 0.958854 0.009722 0.019792 0.019444
0 0.061458 0.145833 0.016667 0.025000
0 0.079427 0.145833 0.013021 0.025000
0 0.939323 0.008333 0.010937 0.016667
0 0.189583 0.212500 0.077083 0.019444
0 0.124740 0.172685 0.007812 0.017593
0 0.008073 0.033796 0.014063 0.023148
0 0.870573 0.338889 0.067187 0.016667
0 0.134896 0.172222 0.009375 0.020370
0 0.885417 0.171296 0.113542 0.025926
0 0.355789 0.064491 0.143318 0.024722
0 0.974503 0.976389 0.035578 0.028704
0 0.025786 0.033083 0.015104 0.020370
0 0.190312 0.088000 0.133646 0.026593
0 0.683951 0.064213 0.059703 0.023426
0 0.027250 0.273750 0.014760 0.021741
0 0.914557 0.267500 0.168698 0.015000
0 0.821354 0.065000 0.013542 0.020741
0 0.140578 0.033519 0.018323 0.015741
0 0.977617 0.225231 0.040286 0.020833
0 0.883802 0.081231 0.024479 0.053704
0 0.847578 0.320833 0.035781 0.017593
0 0.914193 0.250972 0.169010 0.016759
0 0.071068 0.924537 0.142135 0.017593
0 0.933776 0.034259 0.022760 0.024074
0 0.190000 0.064130 0.133021 0.024185
0 0.806667 0.065046 0.015833 0.020833
0 0.044656 0.272685 0.015104 0.025000
0 0.272917 0.064352 0.021875 0.025000
0 0.945805 0.976940 0.015859 0.026657
0 0.931497 0.976051 0.010734 0.024880
0 0.730872 0.063940 0.033151 0.024731
0 0.919432 0.976495 0.012375 0.023991
0 0.899070 0.977273 0.021380 0.021991
0 0.879695 0.975162 0.009120 0.025769
0 0.789349 0.066296 0.015052 0.023333
0 0.914510 0.284273 0.169937 0.017954
0 0.820471 0.088088 0.012099 0.022954
0 0.099786 0.197130 0.019792 0.024074
0 0.805143 0.090014 0.015026 0.024213
0 0.509818 0.088889 0.151927 0.024074
0 0.112500 0.063426 0.021875 0.021296
0 0.518896 0.063963 0.133802 0.024444
0 0.858391 0.080907 0.025031 0.050000
0 0.788341 0.090009 0.015026 0.020907
0 0.771352 0.090181 0.015401 0.023917
0 0.214630 0.033954 0.022844 0.022685
0 0.186971 0.031569 0.029339 0.021102
0 0.161888 0.034153 0.017245 0.022287
0 0.112448 0.088667 0.016667 0.027778
0 0.120589 0.033750 0.016521 0.020407
0 0.097245 0.032884 0.021135 0.018935
0 0.070701 0.034319 0.022589 0.019509
0 0.837760 0.064167 0.015104 0.020926
0 0.919380 0.063750 0.036979 0.025926
0 0.643807 0.065648 0.018219 0.020185
0 0.182000 0.864843 0.048333 0.079537
0 0.046698 0.195370 0.014729 0.025926
0 0.026620 0.247769 0.015625 0.024074
0 0.772135 0.065787 0.017188 0.022315
0 0.954167 0.078565 0.021875 0.055278
0 0.028375 0.196500 0.016458 0.025000
0 0.047523 0.033676 0.019255 0.018519
0 0.356193 0.089231 0.143760 0.027463
0 0.168229 0.172685 0.050000 0.019444
0 0.063831 0.248370 0.017245 0.024074
0 0.272917 0.090741 0.020833 0.025926
0 0.910302 0.089282 0.017708 0.021806
0 0.928948 0.089875 0.017188 0.022843
0 0.070312 0.905093 0.140625 0.025000
0 0.009323 0.247593 0.016562 0.024815
0 0.914286 0.919019 0.170781 0.020556
