0 0.608854 0.076574 0.034375 0.056852
0 0.186029 0.031250 0.031745 0.024093
0 0.913961 0.337866 0.167766 0.017361
0 0.747448 0.506944 0.114479 0.026852
0 0.899750 0.978083 0.016760 0.023148
0 0.932224 0.975792 0.010615 0.022880
0 0.925073 0.320931 0.149854 0.017361
0 0.355604 0.063083 0.142750 0.024870
0 0.838307 0.063611 0.015052 0.021667
0 0.870471 0.440315 0.011661 0.020667
0 0.189339 0.063431 0.133719 0.022417
0 0.069844 0.858333 0.139687 0.027778
0 0.027234 0.032417 0.015104 0.020370
0 0.603984 0.477769 0.027490 0.018667
0 0.676578 0.476898 0.034865 0.022222
0 0.471919 0.476972 0.023651 0.020741
0 0.974568 0.976815 0.036948 0.031926
0 0.919818 0.062676 0.035937 0.024074
0 0.925646 0.303986 0.148708 0.017361
0 0.518047 0.600926 0.088177 0.016667
0 0.061094 0.146259 0.018750 0.019444
0 0.929031 0.090148 0.017188 0.026852
0 0.643750 0.062806 0.019792 0.023148
0 0.539070 0.477546 0.019370 0.017778
0 0.515625 0.584259 0.082292 0.016667
0 0.027865 0.195833 0.017188 0.025000
0 0.111948 0.063120 0.018750 0.020370
0 0.637357 0.476463 0.034245 0.021296
0 0.026948 0.247111 0.013708 0.023148
0 0.883333 0.080019 0.023958 0.052778
0 0.188966 0.088431 0.135922 0.024806
0 0.925971 0.286634 0.148057 0.017361
0 0.914573 0.268727 0.167771 0.017361
0 0.516198 0.551204 0.085521 0.015370
0 0.009167 0.247778 0.016250 0.025185
0 0.933229 0.033796 0.021667 0.025000
0 0.914049 0.355634 0.167766 0.017361
0 0.913471 0.374463 0.167766 0.017352
0 0.772396 0.065509 0.016667 0.021759
0 0.914555 0.250769 0.167766 0.017352
0 0.273932 0.090741 0.022865 0.025926
0 0.859063 0.079167 0.024583 0.047222
0 0.180807 0.862222 0.047187 0.077130
0 0.821018 0.090042 0.011776 0.022231
0 0.517422 0.062778 0.135885 0.026296
0 0.273385 0.064352 0.021771 0.025000
0 0.821615 0.065556 0.014063 0.023704
0 0.915227 0.408384 0.167766 0.017361
0 0.805852 0.090111 0.014036 0.020944
0 0.045727 0.033907 0.015943 0.018556
0 0.945776 0.976852 0.013542 0.025926
0 0.805151 0.473477 0.027604 0.024880
0 0.069948 0.924875 0.139896 0.014139
0 0.063885 0.248213 0.017250 0.024074
0 0.909896 0.090111 0.017708 0.025926
0 0.519401 0.567593 0.090885 0.016667
0 0.913672 0.917593 0.172656 0.022222
0 0.684021 0.063514 0.060708 0.024065
0 0.730305 0.063843 0.032724 0.024167
0 0.356406 0.089574 0.145313 0.023815
0 0.788271 0.066199 0.013562 0.021102
0 0.046427 0.194926 0.016219 0.025926
0 0.100240 0.196435 0.019271 0.024074
0 0.537292 0.506019 0.131875 0.026852
0 0.508932 0.088889 0.150156 0.024074
0 0.788396 0.090694 0.016146 0.020648
0 0.805833 0.066019 0.017500 0.022778
0 0.070669 0.033486 0.022839 0.021676
0 0.097672 0.032625 0.024969 0.017898
0 0.119737 0.034861 0.016453 0.019611
0 0.140737 0.033315 0.020516 0.024778
0 0.569932 0.477324 0.035865 0.016889
0 0.161060 0.031250 0.017036 0.025463
0 0.666901 0.695833 0.387969 0.017593
0 0.771727 0.089824 0.014036 0.023815
0 0.214964 0.032106 0.020708 0.025120
0 0.044010 0.636574 0.015104 0.025000
0 0.070573 0.904630 0.141146 0.024074
0 0.008073 0.034259 0.014063 0.022222
0 0.939323 0.007870 0.010937 0.015741
0 0.079687 0.145370 0.013542 0.024074
0 0.124740 0.172685 0.007812 0.017593
0 0.197396 0.174074 0.007292 0.016667
0 0.134896 0.171759 0.009375 0.019444
0 0.161458 0.172685 0.035417 0.019444
0 0.507292 0.476852 0.041667 0.024074
0 0.193750 0.212500 0.087500 0.019444
0 0.919010 0.976852 0.014063 0.024074
0 0.185417 0.174074 0.009375 0.016667
0 0.135156 0.560185 0.007812 0.014815
0 0.974479 0.172222 0.008333 0.014815
0 0.124479 0.561111 0.007292 0.016667
0 0.125000 0.756481 0.007292 0.014815
0 0.844792 0.473148 0.035417 0.029630
0 0.236979 0.033796 0.016667 0.019444
0 0.025781 0.145370 0.050521 0.027778
0 0.632812 0.727778 0.041667 0.025926
0 0.984115 0.171296 0.008854 0.016667
0 0.097135 0.146296 0.017188 0.024074
0 0.845833 0.441667 0.011458 0.020370
0 0.115625 0.172222 0.010417 0.018519
0 0.080469 0.662037 0.014063 0.027778
0 0.539062 0.727778 0.041667 0.025926
0 0.963021 0.010185 0.009375 0.020370
0 0.025781 0.609722 0.017188 0.019444
0 0.132812 0.145833 0.014583 0.021296
0 0.098958 0.584722 0.016667 0.021296
0 0.863021 0.977315 0.015625 0.023148
0 0.115104 0.756481 0.006250 0.014815
0 0.846875 0.977778 0.013542 0.022222
0 0.994792 0.172222 0.009375 0.016667
0 0.701562 0.728241 0.041667 0.025000
0 0.080208 0.584722 0.015625 0.021296
0 0.105990 0.756944 0.009896 0.017593
0 0.641927 0.089352 0.015104 0.023148
0 0.116667 0.195370 0.010417 0.022222
0 0.115104 0.146296 0.015625 0.024074
0 0.881250 0.199537 0.032292 0.028704
0 0.115104 0.561111 0.009375 0.018519
0 0.837500 0.310648 0.015625 0.023148
0 0.134896 0.756944 0.007292 0.015741
0 0.964844 0.172685 0.009896 0.015741
0 0.879948 0.977778 0.014063 0.024074
0 0.062500 0.195370 0.012500 0.024074
0 0.586198 0.727778 0.042188 0.025926
0 0.819531 0.173611 0.010937 0.019444
0 0.659115 0.088889 0.013021 0.020370
0 0.025521 0.222222 0.014583 0.024074
0 0.008073 0.584259 0.016146 0.025926
0 0.988802 0.145370 0.019271 0.022222
0 0.026042 0.700926 0.014583 0.025926
0 0.061719 0.584259 0.015104 0.022222
0 0.117188 0.585185 0.015625 0.020370
0 0.227083 0.146759 0.017708 0.023148
0 0.098958 0.636111 0.014583 0.024074
0 0.008594 0.636111 0.014063 0.024074
0 0.008333 0.194907 0.016667 0.025000
0 0.026042 0.726852 0.015625 0.020370
0 0.852865 0.826852 0.042188 0.024074
0 0.152083 0.145833 0.018750 0.025000
0 0.098958 0.610185 0.015625 0.024074
0 0.116667 0.636574 0.014583 0.023148
0 0.116406 0.609722 0.015104 0.023148
0 0.007812 0.298148 0.015625 0.027778
0 0.755208 0.728241 0.056250 0.025000
0 0.099219 0.221296 0.013021 0.022222
0 0.008073 0.700463 0.016146 0.026852
0 0.008333 0.272685 0.014583 0.023148
0 0.946354 0.146759 0.013542 0.021296
0 0.007812 0.610648 0.015625 0.021296
0 0.079948 0.194907 0.011979 0.023148
0 0.650781 0.981481 0.017188 0.029630
0 0.116927 0.222222 0.011979 0.022222
0 0.172135 0.146296 0.018229 0.025926
0 0.917448 0.200000 0.035937 0.024074
0 0.062500 0.662500 0.015625 0.028704
0 0.190365 0.146759 0.014063 0.025000
0 0.110937 0.090278 0.016667 0.026852
0 0.008333 0.728241 0.016667 0.019444
0 0.672917 0.981481 0.016667 0.029630
0 0.207552 0.145833 0.014063 0.023148
0 0.044010 0.222222 0.013021 0.022222
0 0.627083 0.980093 0.015625 0.026852
0 0.327083 0.978241 0.019792 0.023148
0 0.676562 0.087500 0.011458 0.021296
0 0.008073 0.352315 0.014063 0.023148
0 0.894531 0.034259 0.014063 0.022222
0 0.025781 0.584259 0.017188 0.024074
0 0.025521 0.351852 0.014583 0.025926
0 0.008073 0.663889 0.016146 0.029630
0 0.080729 0.221296 0.012500 0.022222
0 0.953906 0.080093 0.021354 0.056481
0 0.967708 0.146296 0.019792 0.022222
0 0.441667 0.064352 0.015625 0.023148
0 0.063021 0.727315 0.015625 0.019444
0 0.806510 0.826389 0.042188 0.025000
0 0.026042 0.662500 0.013542 0.028704
0 0.062500 0.221759 0.013542 0.023148
0 0.846875 0.199537 0.035417 0.028704
0 0.837760 0.728241 0.048438 0.025000
0 0.909896 0.034259 0.013542 0.025926
0 0.044010 0.610648 0.015104 0.023148
0 0.044010 0.662500 0.014063 0.028704
0 0.043750 0.584259 0.015625 0.022222
0 0.025781 0.299537 0.014063 0.025000
0 0.044010 0.701389 0.014063 0.025000
0 0.729948 0.088426 0.015104 0.023148
0 0.117188 0.701389 0.013542 0.021296
0 0.603906 0.979630 0.020313 0.031481
0 0.007812 0.325463 0.015625 0.023148
0 0.535156 0.977315 0.017188 0.025000
0 0.080990 0.700463 0.013021 0.023148
0 0.558594 0.977778 0.018229 0.025926
0 0.466406 0.978241 0.017188 0.025000
0 0.063281 0.700463 0.017188 0.025000
0 0.026042 0.272685 0.015625 0.025000
0 0.008594 0.221759 0.014063 0.025000
0 0.062500 0.299074 0.013542 0.024074
0 0.492448 0.728241 0.042188 0.025000
0 0.580729 0.978241 0.017708 0.028704
0 0.747656 0.088889 0.014063 0.020370
0 0.987760 0.010648 0.013021 0.021296
0 0.080469 0.610185 0.015104 0.022222
0 0.712240 0.088426 0.014063 0.023148
0 0.080729 0.247222 0.013542 0.024074
0 0.837500 0.287963 0.016667 0.018519
0 0.025521 0.636111 0.016667 0.024074
0 0.044010 0.247685 0.013021 0.023148
0 0.098698 0.325463 0.013021 0.025000
0 0.117188 0.247685 0.013542 0.025000
0 0.044271 0.352778 0.015625 0.025926
0 0.694792 0.088426 0.017708 0.023148
0 0.490104 0.977315 0.018750 0.023148
0 0.117969 0.325926 0.017188 0.024074
0 0.080469 0.726852 0.014063 0.022222
0 0.025781 0.325000 0.015104 0.022222
0 0.983073 0.080556 0.025521 0.061111
0 0.080729 0.326389 0.014583 0.025000
0 0.044531 0.298611 0.014063 0.025000
0 0.044010 0.273148 0.015104 0.024074
0 0.062240 0.325926 0.013021 0.024074
0 0.062240 0.610648 0.015104 0.021296
0 0.040885 0.083796 0.022396 0.060185
0 0.080469 0.299074 0.014063 0.024074
0 0.044271 0.325463 0.013542 0.023148
0 0.062500 0.272222 0.014583 0.024074
0 0.099479 0.300000 0.013542 0.024074
0 0.099219 0.701389 0.014063 0.023148
0 0.098437 0.247685 0.012500 0.025000
0 0.080469 0.635648 0.015104 0.025000
0 0.118229 0.300463 0.016667 0.025000
0 0.973698 0.033333 0.051562 0.025926
0 0.088542 0.082407 0.023958 0.059259
0 0.080208 0.272685 0.014583 0.025000
0 0.044531 0.726852 0.015104 0.020370
0 0.062240 0.636111 0.016146 0.025926
0 0.116667 0.274074 0.013542 0.022222
0 0.512500 0.976852 0.016667 0.024074
0 0.065365 0.083333 0.022396 0.059259
0 0.396875 0.976389 0.116667 0.034259
0 0.098698 0.273611 0.013021 0.025000
0 0.016406 0.082407 0.026562 0.061111
0 0.070312 0.830093 0.140625 0.026852
0 0.834635 0.506019 0.055729 0.026852
0 0.070573 0.804630 0.141146 0.027778
