0 0.663422 0.347583 0.346073 0.022426
0 0.665651 0.470370 0.357969 0.020370
0 0.062099 0.146296 0.018750 0.017593
0 0.516797 0.636944 0.049219 0.020556
0 0.027365 0.033352 0.015104 0.020370
0 0.572161 0.520833 0.163490 0.023148
0 0.636250 0.425926 0.294583 0.018519
0 0.928385 0.090000 0.017188 0.026852
0 0.912526 0.918056 0.174948 0.023148
0 0.166016 0.174074 0.049219 0.016667
0 0.909974 0.088926 0.017708 0.025000
0 0.664740 0.551389 0.349687 0.028704
0 0.028141 0.196861 0.016302 0.025000
0 0.963115 0.008616 0.009375 0.017231
0 0.046008 0.033759 0.016422 0.018519
0 0.631510 0.293519 0.297396 0.027778
0 0.181615 0.861676 0.045469 0.074815
0 0.356013 0.089449 0.145682 0.026843
0 0.044406 0.195370 0.015469 0.025926
0 0.110688 0.089815 0.016667 0.027778
0 0.273385 0.089417 0.018750 0.025926
0 0.442177 0.063889 0.015104 0.022222
0 0.562943 0.493981 0.144948 0.023148
0 0.112188 0.063889 0.021250 0.020370
0 0.918990 0.062676 0.035417 0.024074
0 0.189669 0.088028 0.134724 0.025611
0 0.954167 0.078519 0.021875 0.053333
0 0.099740 0.198269 0.019271 0.024074
0 0.518760 0.063815 0.136615 0.023333
0 0.987807 0.009116 0.012500 0.018231
0 0.273781 0.062861 0.018813 0.023148
0 0.731557 0.062500 0.033031 0.023889
0 0.509714 0.088889 0.151719 0.024074
0 0.009195 0.248565 0.017453 0.024074
0 0.932760 0.033796 0.020729 0.025000
0 0.684156 0.062269 0.061458 0.023611
0 0.858698 0.078704 0.025312 0.046296
0 0.026615 0.247491 0.015625 0.023148
0 0.064573 0.248944 0.015104 0.022222
0 0.189745 0.064491 0.133635 0.022870
0 0.355263 0.063481 0.144161 0.026222
0 0.071109 0.034088 0.023688 0.020102
0 0.097807 0.032940 0.021115 0.019343
0 0.120206 0.034088 0.016786 0.020102
0 0.141086 0.032931 0.018755 0.019454
0 0.160958 0.031542 0.020094 0.023028
0 0.187083 0.034722 0.028583 0.025407
0 0.214102 0.033329 0.023672 0.024213
0 0.772948 0.064532 0.013583 0.023324
0 0.773133 0.090259 0.015078 0.021833
0 0.789143 0.065690 0.013589 0.024324
0 0.789047 0.090509 0.015260 0.022333
0 0.806031 0.064778 0.014052 0.022833
0 0.805336 0.090176 0.014703 0.024315
0 0.821529 0.064532 0.010797 0.023657
0 0.821156 0.088435 0.014333 0.020519
0 0.837310 0.063449 0.014474 0.019306
0 0.846357 0.198708 0.031714 0.026657
0 0.809982 0.262528 0.015849 0.021056
0 0.919096 0.976060 0.012474 0.025028
0 0.932049 0.977718 0.011464 0.024806
0 0.946125 0.977509 0.015948 0.026556
0 0.975542 0.977292 0.037375 0.032806
0 0.664695 0.373079 0.348630 0.022435
0 0.662773 0.399963 0.355630 0.022426
0 0.070367 0.926162 0.140734 0.014231
0 0.994792 0.171759 0.009375 0.017593
0 0.070312 0.804630 0.140625 0.027778
0 0.815365 0.579630 0.045312 0.025926
0 0.070312 0.830556 0.140625 0.027778
0 0.815104 0.293519 0.046875 0.024074
0 0.016406 0.082870 0.026562 0.060185
0 0.098698 0.273611 0.013021 0.025000
0 0.707812 0.604630 0.048958 0.024074
0 0.762500 0.604630 0.052083 0.024074
0 0.062500 0.636111 0.015625 0.025926
0 0.065104 0.083333 0.022917 0.059259
0 0.523698 0.976852 0.017188 0.024074
0 0.570312 0.977778 0.017708 0.025926
0 0.088542 0.082870 0.023958 0.060185
0 0.080469 0.272685 0.015104 0.025000
0 0.116927 0.274074 0.014063 0.022222
0 0.044531 0.726852 0.015104 0.020370
0 0.098437 0.247685 0.012500 0.023148
0 0.080469 0.727315 0.014063 0.023148
0 0.062500 0.272222 0.014583 0.024074
0 0.080729 0.635648 0.014583 0.025000
0 0.080729 0.299074 0.014583 0.024074
0 0.118490 0.300463 0.017188 0.025000
0 0.973698 0.032870 0.051562 0.026852
0 0.099479 0.300000 0.013542 0.024074
0 0.044010 0.636574 0.015104 0.025000
0 0.062240 0.610648 0.015104 0.021296
0 0.501042 0.976852 0.016667 0.022222
0 0.044271 0.325463 0.013542 0.023148
0 0.815625 0.604630 0.045833 0.024074
0 0.044010 0.273148 0.015104 0.024074
0 0.547135 0.977778 0.016146 0.024074
0 0.041146 0.083796 0.021875 0.060185
0 0.044271 0.298611 0.014583 0.025000
0 0.099219 0.701389 0.014063 0.023148
0 0.080469 0.326389 0.015104 0.025000
0 0.025521 0.325000 0.015625 0.022222
0 0.694792 0.088426 0.017708 0.023148
0 0.062240 0.325926 0.013021 0.024074
0 0.592448 0.979167 0.018229 0.028704
0 0.025521 0.636111 0.016667 0.024074
0 0.712240 0.088889 0.013021 0.022222
0 0.478125 0.977778 0.016667 0.024074
0 0.043750 0.247222 0.013542 0.022222
0 0.080469 0.610185 0.015104 0.022222
0 0.044010 0.701389 0.014063 0.025000
0 0.080729 0.246759 0.013542 0.023148
0 0.063281 0.700926 0.017188 0.024074
0 0.044010 0.662500 0.014063 0.028704
0 0.117188 0.247685 0.013542 0.025000
0 0.816406 0.318981 0.042188 0.025000
0 0.983073 0.081944 0.025521 0.063889
0 0.747396 0.089352 0.013542 0.021296
0 0.062500 0.299074 0.013542 0.024074
0 0.098698 0.325463 0.013021 0.025000
0 0.883594 0.080556 0.024479 0.051852
0 0.044010 0.610648 0.015104 0.023148
0 0.044271 0.352778 0.015625 0.025926
0 0.008594 0.221759 0.014063 0.025000
0 0.080990 0.700463 0.013021 0.023148
0 0.026042 0.272685 0.015625 0.025000
0 0.043750 0.584259 0.015625 0.022222
0 0.062500 0.221759 0.013542 0.021296
0 0.730208 0.088889 0.014583 0.022222
0 0.025781 0.299537 0.014063 0.025000
0 0.007812 0.325463 0.015625 0.023148
0 0.676823 0.087963 0.011979 0.022222
0 0.062500 0.662500 0.015625 0.028704
0 0.615885 0.979630 0.019271 0.029630
0 0.117188 0.701852 0.013542 0.022222
0 0.025781 0.662500 0.014063 0.028704
0 0.227083 0.146759 0.017708 0.021296
0 0.080729 0.221296 0.012500 0.022222
0 0.117969 0.326389 0.017188 0.023148
0 0.917708 0.200000 0.036458 0.024074
0 0.207813 0.146759 0.013542 0.021296
0 0.008073 0.663426 0.016146 0.028704
0 0.007812 0.610648 0.015625 0.021296
0 0.025521 0.351852 0.014583 0.025926
0 0.044010 0.222222 0.013021 0.022222
0 0.967708 0.145833 0.019792 0.023148
0 0.008333 0.728241 0.016667 0.019444
0 0.008073 0.700926 0.016146 0.025926
0 0.710938 0.634722 0.077083 0.025000
0 0.659115 0.088889 0.013021 0.020370
0 0.026302 0.700926 0.014063 0.025926
0 0.061719 0.583796 0.015104 0.021296
0 0.008333 0.352315 0.014583 0.023148
0 0.116927 0.222222 0.011979 0.022222
0 0.098958 0.221296 0.013542 0.022222
0 0.063281 0.727315 0.015104 0.019444
0 0.638802 0.979630 0.015104 0.025926
0 0.172396 0.146296 0.017708 0.024074
0 0.408073 0.975926 0.116146 0.033333
0 0.796094 0.634259 0.084896 0.024074
0 0.025781 0.584722 0.017188 0.023148
0 0.026042 0.726852 0.015625 0.020370
0 0.190104 0.146759 0.013542 0.023148
0 0.007812 0.297685 0.015625 0.026852
0 0.881250 0.199537 0.033333 0.028704
0 0.008333 0.272685 0.014583 0.023148
0 0.098958 0.609722 0.015625 0.023148
0 0.909635 0.033796 0.013021 0.025000
0 0.894271 0.034259 0.014583 0.022222
0 0.116667 0.637037 0.014583 0.024074
0 0.098958 0.636111 0.014583 0.024074
0 0.641406 0.090278 0.014063 0.023148
0 0.152083 0.146296 0.018750 0.024074
0 0.988802 0.145370 0.019271 0.022222
0 0.007812 0.584259 0.015625 0.024074
0 0.946354 0.146759 0.012500 0.023148
0 0.817187 0.815278 0.041667 0.025000
0 0.079948 0.195370 0.013021 0.022222
0 0.117188 0.585185 0.015625 0.020370
0 0.008594 0.635648 0.014063 0.023148
0 0.008333 0.194907 0.016667 0.025000
0 0.116406 0.610185 0.015104 0.022222
0 0.025521 0.222222 0.014583 0.024074
0 0.661458 0.979630 0.016667 0.025926
0 0.643750 0.063889 0.019792 0.022222
0 0.080208 0.584722 0.015625 0.019444
0 0.964583 0.172685 0.009375 0.015741
0 0.338281 0.977315 0.019271 0.026852
0 0.062500 0.195370 0.013542 0.024074
0 0.770052 0.814815 0.042188 0.025926
0 0.134896 0.756944 0.007292 0.015741
0 0.025781 0.609722 0.017188 0.019444
0 0.116406 0.194907 0.010937 0.021296
0 0.098698 0.585185 0.016146 0.020370
0 0.070312 0.905093 0.140625 0.026852
0 0.105990 0.756481 0.009896 0.016667
0 0.819010 0.173611 0.013021 0.019444
0 0.132812 0.146296 0.014583 0.020370
0 0.115104 0.561574 0.009375 0.017593
0 0.080469 0.662037 0.014063 0.027778
0 0.835417 0.261111 0.011458 0.022222
0 0.115104 0.146759 0.015625 0.023148
0 0.115885 0.172222 0.009896 0.018519
0 0.115365 0.756481 0.005729 0.014815
0 0.984375 0.171296 0.009375 0.016667
0 0.097135 0.145833 0.017188 0.023148
0 0.879948 0.977315 0.016146 0.026852
0 0.863281 0.978241 0.015104 0.030556
0 0.069792 0.857870 0.139583 0.026852
0 0.974479 0.172222 0.008333 0.014815
0 0.025781 0.145370 0.050521 0.027778
0 0.135156 0.560185 0.007812 0.014815
0 0.124479 0.561111 0.007292 0.016667
0 0.125000 0.756481 0.007292 0.014815
0 0.197396 0.173611 0.007292 0.015741
0 0.134896 0.172222 0.009375 0.018519
0 0.124740 0.173148 0.007812 0.016667
0 0.939063 0.008333 0.010417 0.014815
0 0.199479 0.212963 0.098958 0.018519
0 0.008333 0.033333 0.014583 0.020370
0 0.237240 0.033333 0.017188 0.018519
0 0.899219 0.977315 0.019271 0.025000
0 0.079687 0.145833 0.013542 0.023148
0 0.608594 0.074537 0.034896 0.054630
