0 0.789234 0.063120 0.015479 0.021593
0 0.772193 0.087671 0.014302 0.020546
0 0.771995 0.062250 0.015865 0.024722
0 0.214862 0.032870 0.021505 0.015852
0 0.188115 0.031005 0.028323 0.019583
0 0.162542 0.033806 0.018094 0.021444
0 0.140203 0.034213 0.018000 0.016907
0 0.119568 0.033306 0.015365 0.017167
0 0.096669 0.032264 0.023411 0.015083
0 0.070695 0.032264 0.021214 0.019769
0 0.070807 0.805093 0.137448 0.021296
0 0.738229 0.172185 0.014167 0.022296
0 0.915052 0.918056 0.169896 0.023148
0 0.928766 0.089102 0.017188 0.026852
0 0.608255 0.748611 0.250156 0.026852
0 0.519505 0.693981 0.064010 0.013889
0 0.614349 0.227315 0.258802 0.023148
0 0.606172 0.775926 0.254323 0.027778
0 0.909896 0.088639 0.017708 0.025926
0 0.509349 0.262037 0.068698 0.012963
0 0.962870 0.009213 0.009896 0.018426
0 0.027891 0.196296 0.016198 0.024074
0 0.643120 0.063852 0.019792 0.023148
0 0.713010 0.170963 0.013979 0.022519
0 0.046398 0.032713 0.015401 0.018519
0 0.353661 0.087963 0.144240 0.025926
0 0.045156 0.195833 0.015521 0.025000
0 0.272526 0.090741 0.020052 0.025926
0 0.180885 0.864986 0.047604 0.077806
0 0.110771 0.087870 0.016667 0.026852
0 0.730755 0.063565 0.034427 0.024722
0 0.190417 0.088426 0.135521 0.025000
0 0.112969 0.064352 0.018750 0.019444
0 0.100417 0.198213 0.016875 0.023148
0 0.272917 0.064352 0.020833 0.023148
0 0.954167 0.081343 0.021875 0.058981
0 0.859583 0.079630 0.023542 0.048148
0 0.519526 0.064111 0.133802 0.021759
0 0.988240 0.009773 0.012500 0.019546
0 0.983073 0.080972 0.025521 0.061944
0 0.009505 0.247222 0.016562 0.024074
0 0.919260 0.062963 0.035937 0.024074
0 0.932760 0.034259 0.020729 0.024074
0 0.026693 0.246778 0.015625 0.023148
0 0.509844 0.088889 0.151979 0.024074
0 0.189557 0.064606 0.132760 0.021435
0 0.683854 0.063750 0.061458 0.024352
0 0.355482 0.064347 0.142682 0.023139
0 0.062010 0.146611 0.018750 0.017593
0 0.974062 0.974972 0.038906 0.031574
0 0.070310 0.925806 0.138964 0.016167
0 0.515000 0.204630 0.081042 0.012963
0 0.025182 0.146759 0.047240 0.021296
0 0.521536 0.806019 0.081615 0.013889
0 0.028188 0.034463 0.015104 0.020370
0 0.167891 0.173611 0.048281 0.017593
0 0.944346 0.974472 0.011703 0.021074
0 0.932055 0.976556 0.010536 0.020037
0 0.837521 0.063903 0.014427 0.019435
0 0.821508 0.087806 0.012786 0.021370
0 0.821070 0.062352 0.013224 0.022537
0 0.805604 0.089662 0.015083 0.025861
0 0.806151 0.063523 0.015958 0.023343
0 0.788443 0.088204 0.015740 0.022167
0 0.080469 0.299074 0.014063 0.024074
0 0.044271 0.325463 0.013542 0.023148
0 0.099479 0.300000 0.013542 0.024074
0 0.044010 0.273148 0.014063 0.024074
0 0.044531 0.298611 0.014063 0.025000
0 0.501302 0.976852 0.017188 0.022222
0 0.044531 0.726852 0.015104 0.020370
0 0.080990 0.247222 0.013021 0.022222
0 0.099479 0.701389 0.013542 0.023148
0 0.040885 0.083796 0.021354 0.060185
0 0.044010 0.247222 0.013021 0.022222
0 0.846875 0.199074 0.035417 0.027778
0 0.477865 0.977778 0.016146 0.024074
0 0.025781 0.325000 0.015104 0.022222
0 0.570312 0.977778 0.017708 0.025926
0 0.025521 0.636111 0.016667 0.024074
0 0.063021 0.247222 0.014583 0.022222
0 0.080469 0.610185 0.015104 0.022222
0 0.117188 0.247685 0.013542 0.025000
0 0.062240 0.325926 0.013021 0.024074
0 0.592708 0.979167 0.017708 0.028704
0 0.547135 0.977315 0.016146 0.023148
0 0.063281 0.700926 0.016146 0.024074
0 0.080729 0.325926 0.014583 0.025926
0 0.044010 0.610648 0.015104 0.023148
0 0.712240 0.088426 0.014063 0.023148
0 0.062500 0.299074 0.013542 0.024074
0 0.694792 0.088426 0.017708 0.023148
0 0.062500 0.221759 0.013542 0.021296
0 0.008594 0.221759 0.013021 0.025000
0 0.044010 0.701389 0.014063 0.025000
0 0.883594 0.081481 0.024479 0.053704
0 0.917448 0.200463 0.035937 0.025000
0 0.044010 0.662500 0.014063 0.028704
0 0.025781 0.299537 0.013021 0.025000
0 0.227083 0.146759 0.017708 0.021296
0 0.615885 0.979630 0.019271 0.029630
0 0.098698 0.325463 0.013021 0.025000
0 0.007812 0.610648 0.015625 0.021296
0 0.080729 0.700926 0.012500 0.022222
0 0.080729 0.221759 0.012500 0.021296
0 0.638802 0.979630 0.015104 0.024074
0 0.207813 0.146759 0.013542 0.021296
0 0.044010 0.584722 0.015104 0.021296
0 0.747656 0.089352 0.014063 0.021296
0 0.117969 0.326389 0.017188 0.023148
0 0.044271 0.352778 0.014583 0.025926
0 0.442188 0.064352 0.014583 0.023148
0 0.008073 0.728241 0.016146 0.019444
0 0.007812 0.325463 0.015625 0.023148
0 0.730208 0.088426 0.015625 0.023148
0 0.026302 0.272685 0.015104 0.025000
0 0.008073 0.700463 0.016146 0.025000
0 0.044010 0.222222 0.013021 0.022222
0 0.967969 0.146296 0.019271 0.022222
0 0.116927 0.222222 0.011979 0.022222
0 0.117188 0.701852 0.013542 0.022222
0 0.062500 0.662500 0.015625 0.028704
0 0.172396 0.146759 0.017708 0.023148
0 0.025521 0.351852 0.014583 0.025926
0 0.008073 0.352315 0.014063 0.023148
0 0.946354 0.146759 0.012500 0.021296
0 0.099219 0.221296 0.013021 0.022222
0 0.026302 0.700926 0.014063 0.025926
0 0.190104 0.147222 0.013542 0.022222
0 0.026042 0.662500 0.013542 0.028704
0 0.973437 0.033333 0.051042 0.025926
0 0.894271 0.034259 0.013542 0.022222
0 0.025781 0.584722 0.017188 0.023148
0 0.026302 0.726852 0.015104 0.020370
0 0.063021 0.726852 0.014583 0.022222
0 0.008073 0.663426 0.016146 0.028704
0 0.146615 0.193056 0.011979 0.021296
0 0.151823 0.146759 0.018229 0.023148
0 0.909635 0.034259 0.013021 0.024074
0 0.661458 0.980093 0.016667 0.025000
0 0.098958 0.609722 0.015625 0.023148
0 0.098958 0.636111 0.014583 0.024074
0 0.676562 0.087500 0.012500 0.021296
0 0.588802 0.284722 0.213021 0.026852
0 0.988802 0.145833 0.019271 0.021296
0 0.116667 0.637037 0.014583 0.024074
0 0.881510 0.199537 0.032813 0.028704
0 0.008333 0.298611 0.015625 0.026852
0 0.008333 0.272685 0.014583 0.023148
0 0.659375 0.088426 0.013542 0.021296
0 0.116667 0.609722 0.014583 0.021296
0 0.007812 0.584722 0.015625 0.023148
0 0.116927 0.585185 0.015104 0.020370
0 0.009115 0.636111 0.013021 0.024074
0 0.080208 0.195370 0.012500 0.022222
0 0.338281 0.977778 0.019271 0.025926
0 0.008333 0.195370 0.016667 0.024074
0 0.025521 0.222222 0.014583 0.024074
0 0.061719 0.584259 0.015104 0.020370
0 0.964844 0.172222 0.009896 0.014815
0 0.062500 0.195833 0.012500 0.023148
0 0.080208 0.584722 0.015625 0.019444
0 0.070312 0.830093 0.140625 0.026852
0 0.098698 0.273611 0.013021 0.025000
0 0.016667 0.082870 0.026042 0.060185
0 0.062500 0.636111 0.015625 0.025926
0 0.720573 0.283796 0.042188 0.025000
0 0.080208 0.272685 0.014583 0.025000
0 0.116667 0.274074 0.013542 0.022222
0 0.407813 0.975926 0.115625 0.033333
0 0.098437 0.247685 0.012500 0.023148
0 0.065104 0.083796 0.021875 0.058333
0 0.062500 0.272222 0.014583 0.024074
0 0.062240 0.611111 0.015104 0.020370
0 0.043750 0.636574 0.014583 0.025000
0 0.523698 0.977315 0.017188 0.023148
0 0.088802 0.082870 0.023438 0.058333
0 0.080729 0.636111 0.014583 0.024074
0 0.116667 0.194907 0.010417 0.021296
0 0.070312 0.905093 0.140625 0.026852
0 0.134896 0.756944 0.007292 0.015741
0 0.132812 0.146296 0.014583 0.020370
0 0.994792 0.171296 0.009375 0.016667
0 0.105990 0.756481 0.009896 0.016667
0 0.025781 0.609722 0.017188 0.019444
0 0.115625 0.172685 0.009375 0.017593
0 0.115365 0.146296 0.015104 0.022222
0 0.984375 0.171296 0.009375 0.016667
0 0.080469 0.662500 0.014063 0.026852
0 0.098698 0.585185 0.016146 0.020370
0 0.115104 0.560648 0.009375 0.017593
0 0.115365 0.756481 0.005729 0.014815
0 0.863021 0.978704 0.014583 0.027778
0 0.069792 0.857870 0.139583 0.026852
0 0.641406 0.089815 0.014063 0.022222
0 0.879687 0.977315 0.015625 0.025000
0 0.819271 0.173611 0.012500 0.021296
0 0.097135 0.145833 0.017188 0.023148
0 0.974479 0.172222 0.008333 0.014815
0 0.919531 0.977315 0.013021 0.021296
0 0.720313 0.892593 0.041667 0.024074
0 0.608594 0.078241 0.034896 0.060185
0 0.134896 0.560185 0.007292 0.014815
0 0.125000 0.756481 0.007292 0.014815
0 0.197396 0.173611 0.007292 0.015741
0 0.124740 0.561111 0.006771 0.016667
0 0.134896 0.172222 0.009375 0.018519
0 0.124740 0.173148 0.007812 0.016667
0 0.237500 0.033333 0.017708 0.018519
0 0.939063 0.008333 0.010417 0.014815
0 0.673958 0.892593 0.041667 0.025926
0 0.079427 0.145833 0.013021 0.023148
0 0.008333 0.033796 0.013542 0.019444
0 0.899479 0.977778 0.019792 0.024074
0 0.080729 0.727315 0.013542 0.023148
0 0.118490 0.300463 0.017188 0.025000
