0 0.603906 0.979167 0.019271 0.030556
0 0.062240 0.325463 0.013021 0.025000
0 0.044531 0.726852 0.015104 0.020370
0 0.044010 0.610648 0.015104 0.023148
0 0.063281 0.700926 0.016146 0.024074
0 0.062500 0.299074 0.013542 0.024074
0 0.627344 0.980556 0.015104 0.025926
0 0.535417 0.977778 0.016667 0.024074
0 0.008854 0.221759 0.013542 0.025000
0 0.080729 0.325926 0.014583 0.025926
0 0.983073 0.083333 0.025521 0.066667
0 0.441667 0.064815 0.014583 0.024074
0 0.062500 0.221759 0.013542 0.023148
0 0.025781 0.299537 0.014063 0.025000
0 0.466146 0.978241 0.016667 0.025000
0 0.650521 0.981019 0.016667 0.028704
0 0.673177 0.981019 0.017188 0.028704
0 0.712240 0.087963 0.015104 0.024074
0 0.098698 0.325463 0.013021 0.025000
0 0.080469 0.221296 0.011979 0.022222
0 0.117969 0.326389 0.017188 0.023148
0 0.909635 0.033796 0.013021 0.025000
0 0.207552 0.146296 0.014063 0.022222
0 0.917448 0.200463 0.035937 0.025000
0 0.044010 0.662500 0.014063 0.028704
0 0.694792 0.088426 0.017708 0.023148
0 0.044271 0.700926 0.014583 0.024074
0 0.080729 0.700926 0.012500 0.022222
0 0.044271 0.325463 0.013542 0.023148
0 0.043750 0.636574 0.014583 0.025000
0 0.080469 0.636111 0.015104 0.024074
0 0.118490 0.300463 0.017188 0.025000
0 0.062240 0.611111 0.015104 0.020370
0 0.512500 0.977315 0.016667 0.023148
0 0.062500 0.272685 0.014583 0.025000
0 0.098437 0.247685 0.012500 0.025000
0 0.088542 0.082407 0.023958 0.059259
0 0.065104 0.083333 0.021875 0.059259
0 0.080469 0.272685 0.014063 0.025000
0 0.116927 0.274074 0.013021 0.022222
0 0.062240 0.636111 0.015104 0.025926
0 0.396354 0.975926 0.115625 0.033333
0 0.016406 0.082870 0.026562 0.060185
0 0.098698 0.273611 0.013021 0.025000
0 0.720573 0.283796 0.042188 0.025000
0 0.070312 0.804630 0.140625 0.027778
0 0.684115 0.062500 0.060937 0.026852
0 0.227083 0.146759 0.017708 0.023148
0 0.747396 0.088889 0.014583 0.022222
0 0.967969 0.146296 0.019271 0.022222
0 0.007812 0.610648 0.015625 0.021296
0 0.026302 0.272685 0.015104 0.025000
0 0.044010 0.352778 0.015104 0.025926
0 0.116927 0.221759 0.011979 0.023148
0 0.044010 0.222222 0.013021 0.022222
0 0.894271 0.034259 0.013542 0.022222
0 0.007812 0.325463 0.015625 0.023148
0 0.729688 0.087963 0.016667 0.024074
0 0.172396 0.146296 0.017708 0.024074
0 0.008073 0.728241 0.016146 0.019444
0 0.025521 0.351852 0.014583 0.025926
0 0.146615 0.193519 0.011979 0.022222
0 0.588542 0.285185 0.213542 0.027778
0 0.190365 0.146759 0.014063 0.023148
0 0.044010 0.584722 0.015104 0.023148
0 0.946094 0.146759 0.013021 0.021296
0 0.973437 0.032870 0.051042 0.026852
0 0.008073 0.700463 0.016146 0.025000
0 0.008073 0.352315 0.014063 0.023148
0 0.327344 0.978704 0.020313 0.024074
0 0.099219 0.221296 0.013021 0.022222
0 0.008073 0.663426 0.016146 0.028704
0 0.151823 0.146296 0.018229 0.024074
0 0.063021 0.726852 0.014583 0.022222
0 0.026042 0.662500 0.013542 0.028704
0 0.062500 0.662500 0.015625 0.028704
0 0.117188 0.701852 0.013542 0.022222
0 0.846875 0.199537 0.035417 0.028704
0 0.026042 0.726852 0.015625 0.020370
0 0.098958 0.636111 0.014583 0.024074
0 0.008333 0.298148 0.015625 0.027778
0 0.098958 0.609722 0.015625 0.023148
0 0.025781 0.584722 0.017188 0.023148
0 0.116667 0.637037 0.014583 0.024074
0 0.026302 0.700926 0.014063 0.025926
0 0.008333 0.272685 0.014583 0.023148
0 0.988542 0.145833 0.018750 0.021296
0 0.008333 0.194907 0.016667 0.025000
0 0.116406 0.609722 0.014063 0.021296
0 0.009375 0.635648 0.013542 0.025000
0 0.025521 0.222222 0.014583 0.024074
0 0.880208 0.978241 0.013542 0.021296
0 0.080208 0.195370 0.012500 0.022222
0 0.116927 0.585185 0.015104 0.020370
0 0.881250 0.199537 0.032292 0.028704
0 0.676562 0.087963 0.014583 0.022222
0 0.007812 0.585185 0.015625 0.024074
0 0.062500 0.195370 0.012500 0.024074
0 0.863281 0.977778 0.015104 0.022222
0 0.846875 0.978704 0.013542 0.022222
0 0.116667 0.194444 0.010417 0.022222
0 0.994792 0.171759 0.009375 0.015741
0 0.837760 0.311111 0.016146 0.022222
0 0.134896 0.756944 0.007292 0.015741
0 0.964844 0.172685 0.009896 0.015741
0 0.132812 0.146296 0.014583 0.020370
0 0.105990 0.756944 0.009896 0.017593
0 0.820052 0.173148 0.010937 0.020370
0 0.659375 0.088426 0.013542 0.021296
0 0.080208 0.584722 0.015625 0.019444
0 0.025781 0.609722 0.017188 0.019444
0 0.115104 0.146759 0.015625 0.023148
0 0.061719 0.584259 0.015104 0.020370
0 0.115625 0.172222 0.009375 0.018519
0 0.984115 0.171759 0.008854 0.015741
0 0.080469 0.662500 0.014063 0.026852
0 0.115104 0.560648 0.009375 0.017593
0 0.115104 0.756481 0.006250 0.014815
0 0.919271 0.977315 0.013542 0.023148
0 0.098698 0.585185 0.016146 0.020370
0 0.097135 0.145833 0.017188 0.023148
0 0.236979 0.032870 0.017708 0.021296
0 0.974479 0.172222 0.008333 0.014815
0 0.125000 0.756944 0.007292 0.015741
0 0.025781 0.144907 0.050521 0.028704
0 0.720313 0.892593 0.041667 0.024074
0 0.932813 0.976852 0.011458 0.024074
0 0.736979 0.169907 0.016667 0.025000
0 0.134896 0.172222 0.009375 0.018519
0 0.193750 0.212963 0.087500 0.018519
0 0.197396 0.174074 0.007292 0.016667
0 0.124740 0.561111 0.006771 0.016667
0 0.124740 0.172685 0.007812 0.017593
0 0.008073 0.033796 0.013021 0.021296
0 0.134635 0.560648 0.008854 0.017593
0 0.674219 0.893056 0.041146 0.025000
0 0.899479 0.977778 0.020833 0.022222
0 0.079427 0.145370 0.013021 0.024074
0 0.939063 0.008333 0.010417 0.014815
0 0.099479 0.300000 0.013542 0.024074
0 0.080469 0.299074 0.014063 0.024074
0 0.044531 0.298611 0.014063 0.025000
0 0.044010 0.273148 0.014063 0.024074
0 0.080729 0.727315 0.013542 0.023148
0 0.490104 0.976852 0.017708 0.022222
0 0.080990 0.246759 0.013021 0.023148
0 0.040885 0.083796 0.021354 0.060185
0 0.044010 0.247685 0.013021 0.023148
0 0.025781 0.325000 0.015104 0.022222
0 0.558594 0.977315 0.018229 0.025000
0 0.117188 0.248148 0.013542 0.025926
0 0.099219 0.701389 0.014063 0.023148
0 0.883594 0.081019 0.024479 0.054630
0 0.025521 0.636111 0.016667 0.024074
0 0.080469 0.610185 0.015104 0.022222
0 0.580990 0.978704 0.017188 0.027778
0 0.838021 0.288426 0.016667 0.017593
0 0.516094 0.204630 0.083229 0.014815
0 0.061044 0.146287 0.016766 0.021296
0 0.913828 0.268657 0.170365 0.015093
0 0.915302 0.356435 0.169396 0.018241
0 0.914870 0.337389 0.170260 0.018241
0 0.838034 0.063097 0.012391 0.018046
0 0.070375 0.859454 0.137396 0.021389
0 0.821560 0.087935 0.015484 0.021556
0 0.097414 0.032551 0.021495 0.019639
0 0.821956 0.064537 0.012141 0.020185
0 0.070047 0.832481 0.137396 0.021389
0 0.119057 0.032954 0.016417 0.016722
0 0.139956 0.032287 0.020005 0.015926
0 0.162596 0.032565 0.014964 0.017204
0 0.186849 0.033139 0.027094 0.016519
0 0.213878 0.032912 0.019995 0.015602
0 0.070453 0.924907 0.140167 0.013796
0 0.355510 0.088116 0.142896 0.023806
0 0.611797 0.227778 0.259740 0.025926
0 0.788932 0.088736 0.014969 0.019491
0 0.772349 0.064653 0.012531 0.019954
0 0.805956 0.065227 0.015214 0.022472
0 0.805440 0.088505 0.015214 0.020417
0 0.789125 0.065111 0.014063 0.020870
0 0.772419 0.089542 0.014964 0.020639
0 0.355818 0.063278 0.144302 0.022852
0 0.189315 0.064644 0.132932 0.021509
0 0.510365 0.088889 0.153021 0.024074
0 0.065094 0.248296 0.014583 0.023148
0 0.933802 0.034259 0.022812 0.024074
0 0.517500 0.064444 0.135000 0.022963
0 0.026036 0.247991 0.015625 0.023148
0 0.009193 0.248454 0.018031 0.024074
0 0.919609 0.062694 0.035937 0.024074
0 0.272656 0.064352 0.021354 0.023148
0 0.954167 0.078657 0.021875 0.055463
0 0.988917 0.009718 0.012500 0.019435
0 0.859167 0.080093 0.023333 0.049074
0 0.925260 0.285648 0.149479 0.015741
0 0.112432 0.062565 0.018750 0.020370
0 0.100203 0.196907 0.019271 0.024074
0 0.191151 0.088426 0.137500 0.025000
0 0.111385 0.088491 0.016667 0.027778
0 0.182104 0.863269 0.046000 0.078648
0 0.272818 0.087361 0.021687 0.024074
0 0.043646 0.194963 0.015417 0.025926
0 0.643784 0.064116 0.019443 0.022676
0 0.045969 0.033213 0.016292 0.018519
0 0.714281 0.170370 0.018229 0.025926
0 0.731521 0.062713 0.034667 0.025056
0 0.606068 0.749074 0.254531 0.025926
0 0.914104 0.249833 0.171094 0.018241
0 0.028169 0.195009 0.016339 0.025000
0 0.925521 0.302315 0.148958 0.013889
0 0.506615 0.262037 0.063229 0.012963
0 0.963245 0.009125 0.009375 0.018250
0 0.909896 0.088491 0.017708 0.025926
0 0.944526 0.976389 0.014063 0.025000
0 0.642786 0.089694 0.015625 0.027778
0 0.520893 0.805028 0.080818 0.023148
0 0.519115 0.693981 0.063229 0.013889
0 0.923828 0.319907 0.152344 0.013889
0 0.929057 0.089037 0.018229 0.025815
0 0.608078 0.075944 0.034896 0.062963
0 0.071302 0.906065 0.137396 0.021389
0 0.027922 0.034139 0.018542 0.020370
0 0.915221 0.407852 0.169557 0.018241
0 0.915401 0.374991 0.169198 0.018241
0 0.606380 0.775926 0.253906 0.027778
0 0.070094 0.032556 0.024781 0.021759
0 0.166536 0.173148 0.045573 0.018519
0 0.914505 0.917593 0.170990 0.022222
0 0.974146 0.977685 0.037417 0.029352
