0 0.062500 0.221759 0.013542 0.023148
0 0.008073 0.663889 0.016146 0.029630
0 0.755208 0.728241 0.056250 0.025000
0 0.063021 0.727315 0.015625 0.019444
0 0.080729 0.221296 0.012500 0.022222
0 0.967708 0.146296 0.019792 0.022222
0 0.079948 0.194907 0.011979 0.023148
0 0.099219 0.221296 0.013021 0.022222
0 0.007812 0.610648 0.015625 0.021296
0 0.146615 0.193056 0.011979 0.021296
0 0.007812 0.298148 0.015625 0.027778
0 0.061719 0.584259 0.015104 0.022222
0 0.917188 0.200000 0.036458 0.024074
0 0.946354 0.146759 0.013542 0.021296
0 0.008073 0.700463 0.016146 0.026852
0 0.116667 0.636574 0.014583 0.023148
0 0.116406 0.609722 0.015104 0.023148
0 0.098958 0.610185 0.015625 0.024074
0 0.152083 0.145833 0.018750 0.025000
0 0.008594 0.636111 0.014063 0.024074
0 0.117188 0.584722 0.015625 0.021296
0 0.008333 0.194907 0.016667 0.025000
0 0.852865 0.826852 0.042188 0.024074
0 0.026042 0.726852 0.015625 0.020370
0 0.098958 0.636111 0.014583 0.024074
0 0.026042 0.701389 0.014583 0.026852
0 0.227083 0.146759 0.017708 0.023148
0 0.025521 0.222222 0.014583 0.024074
0 0.988802 0.145370 0.019271 0.022222
0 0.008073 0.584259 0.016146 0.025926
0 0.659115 0.088889 0.013021 0.020370
0 0.539062 0.728241 0.041667 0.025000
0 0.819531 0.173611 0.010937 0.019444
0 0.062500 0.195370 0.013542 0.024074
0 0.964583 0.172685 0.009375 0.015741
0 0.701042 0.728241 0.041667 0.025000
0 0.632812 0.727778 0.041667 0.025926
0 0.134896 0.756944 0.007292 0.015741
0 0.879948 0.978241 0.014063 0.023148
0 0.115104 0.561111 0.009375 0.018519
0 0.844531 0.473148 0.035937 0.029630
0 0.115365 0.146296 0.016146 0.024074
0 0.870052 0.442130 0.014063 0.023148
0 0.105729 0.756944 0.009375 0.017593
0 0.116667 0.195370 0.010417 0.022222
0 0.080208 0.584722 0.015625 0.021296
0 0.837760 0.310648 0.016146 0.023148
0 0.641927 0.088889 0.015104 0.024074
0 0.115104 0.756481 0.006250 0.014815
0 0.994792 0.171759 0.009375 0.015741
0 0.881250 0.199537 0.032292 0.028704
0 0.846875 0.978241 0.013542 0.023148
0 0.098958 0.584722 0.016667 0.021296
0 0.863021 0.977778 0.015625 0.024074
0 0.025781 0.609722 0.017188 0.019444
0 0.133073 0.145833 0.015104 0.021296
0 0.080469 0.662037 0.014063 0.027778
0 0.115625 0.171759 0.010417 0.019444
0 0.097135 0.146296 0.017188 0.024074
0 0.846094 0.441667 0.010937 0.020370
0 0.984115 0.171759 0.008854 0.015741
0 0.025781 0.145370 0.050521 0.027778
0 0.124479 0.561111 0.007292 0.016667
0 0.236979 0.033796 0.016667 0.019444
0 0.125000 0.756481 0.007292 0.014815
0 0.134896 0.560648 0.007292 0.015741
0 0.974479 0.172222 0.008333 0.014815
0 0.534375 0.506019 0.127083 0.026852
0 0.134896 0.171759 0.009375 0.019444
0 0.008073 0.034259 0.014063 0.022222
0 0.939323 0.007870 0.010937 0.015741
0 0.070312 0.904630 0.140625 0.025926
0 0.079687 0.145833 0.013542 0.025000
0 0.124740 0.172685 0.007812 0.017593
0 0.197396 0.174074 0.007292 0.016667
0 0.025521 0.351852 0.014583 0.025926
0 0.008073 0.352315 0.014063 0.023148
0 0.062500 0.662500 0.015625 0.028704
0 0.025781 0.584259 0.017188 0.024074
0 0.044010 0.222685 0.013021 0.023148
0 0.846875 0.199537 0.035417 0.028704
0 0.676562 0.087500 0.011458 0.021296
0 0.586198 0.727778 0.042188 0.025926
0 0.492448 0.728241 0.042188 0.025000
0 0.441667 0.064352 0.015625 0.023148
0 0.837760 0.728241 0.048438 0.025000
0 0.894271 0.034722 0.014583 0.023148
0 0.627344 0.980556 0.016146 0.027778
0 0.650781 0.981481 0.017188 0.029630
0 0.172135 0.146296 0.018229 0.025926
0 0.672917 0.981019 0.016667 0.030556
0 0.008333 0.728241 0.016667 0.019444
0 0.190365 0.146759 0.014063 0.025000
0 0.116927 0.221759 0.011979 0.023148
0 0.327083 0.978704 0.019792 0.024074
0 0.806250 0.826852 0.041667 0.024074
0 0.008333 0.272685 0.014583 0.023148
0 0.207813 0.145833 0.014583 0.023148
0 0.070573 0.804630 0.141146 0.027778
0 0.755469 0.506944 0.098437 0.026852
0 0.834375 0.506481 0.055208 0.025926
0 0.070312 0.830093 0.140625 0.026852
0 0.016406 0.082407 0.026562 0.061111
0 0.098698 0.273611 0.013021 0.025000
0 0.396875 0.976389 0.116667 0.034259
0 0.065104 0.083333 0.022917 0.059259
0 0.512500 0.976852 0.016667 0.024074
0 0.062240 0.636111 0.016146 0.025926
0 0.116667 0.274074 0.013542 0.022222
0 0.044531 0.726852 0.015104 0.020370
0 0.080208 0.272685 0.014583 0.025000
0 0.080469 0.635648 0.015104 0.025000
0 0.118229 0.300463 0.016667 0.025000
0 0.088542 0.082407 0.023958 0.059259
0 0.098437 0.247685 0.012500 0.025000
0 0.099479 0.300000 0.013542 0.024074
0 0.099219 0.701389 0.014063 0.023148
0 0.062500 0.272685 0.014583 0.025000
0 0.044271 0.325463 0.013542 0.023148
0 0.080469 0.299074 0.014063 0.024074
0 0.040885 0.083796 0.022396 0.060185
0 0.044010 0.273148 0.015104 0.024074
0 0.062240 0.610648 0.015104 0.021296
0 0.062240 0.325926 0.013021 0.024074
0 0.044010 0.636574 0.015104 0.025000
0 0.044531 0.298611 0.014063 0.025000
0 0.080729 0.326389 0.014583 0.025000
0 0.983073 0.080093 0.025521 0.062037
0 0.025521 0.325000 0.015625 0.022222
0 0.117969 0.325926 0.017188 0.024074
0 0.080469 0.726852 0.014063 0.022222
0 0.044010 0.247685 0.013021 0.023148
0 0.025521 0.636111 0.016667 0.024074
0 0.098698 0.325463 0.013021 0.025000
0 0.117188 0.247685 0.013542 0.025000
0 0.044271 0.352778 0.015625 0.025926
0 0.490104 0.977315 0.018750 0.023148
0 0.837500 0.287963 0.016667 0.018519
0 0.694792 0.088426 0.017708 0.023148
0 0.883333 0.081019 0.023958 0.052778
0 0.080729 0.247222 0.013542 0.024074
0 0.080469 0.610185 0.015104 0.022222
0 0.712240 0.088426 0.014063 0.023148
0 0.747656 0.088889 0.014063 0.020370
0 0.063281 0.247222 0.015104 0.024074
0 0.008594 0.221759 0.014063 0.025000
0 0.026042 0.272685 0.015625 0.025000
0 0.858333 0.079167 0.026042 0.047222
0 0.062500 0.299074 0.013542 0.024074
0 0.580729 0.978241 0.017708 0.028704
0 0.044010 0.662500 0.014063 0.028704
0 0.558594 0.977778 0.018229 0.025926
0 0.117188 0.701389 0.013542 0.021296
0 0.080990 0.700463 0.013021 0.023148
0 0.466406 0.978241 0.017188 0.025000
0 0.043750 0.584259 0.015625 0.022222
0 0.063281 0.700926 0.017188 0.024074
0 0.044010 0.701389 0.014063 0.025000
0 0.535156 0.977315 0.017188 0.025000
0 0.044010 0.610648 0.015104 0.023148
0 0.729948 0.088426 0.015104 0.023148
0 0.007812 0.325463 0.015625 0.023148
0 0.025781 0.299537 0.014063 0.025000
0 0.603906 0.979630 0.020313 0.031481
0 0.025781 0.662500 0.014063 0.028704
0 0.909896 0.034259 0.013542 0.025926
0 0.730841 0.061745 0.033245 0.024139
0 0.111187 0.089157 0.016667 0.026852
0 0.273568 0.090741 0.022135 0.025926
0 0.111818 0.062991 0.019271 0.020370
0 0.509714 0.088889 0.151719 0.024074
0 0.954417 0.079787 0.021354 0.058333
0 0.099234 0.196694 0.019271 0.024074
0 0.988187 0.009444 0.012500 0.018889
0 0.009583 0.248343 0.016073 0.024074
0 0.925000 0.285648 0.150000 0.015741
0 0.026391 0.247463 0.015625 0.023148
0 0.932813 0.033796 0.020833 0.025000
0 0.272526 0.064815 0.020052 0.024074
0 0.518560 0.065116 0.132672 0.020231
0 0.189901 0.088241 0.131344 0.024630
0 0.684271 0.062528 0.058906 0.023796
0 0.189112 0.064653 0.132505 0.021157
0 0.928250 0.091796 0.017708 0.026852
0 0.354992 0.064398 0.143036 0.024907
0 0.061958 0.146333 0.019271 0.020370
0 0.789427 0.065019 0.017271 0.021593
0 0.788547 0.089986 0.015510 0.020028
0 0.807206 0.065486 0.015745 0.020769
0 0.507292 0.478750 0.041667 0.022130
0 0.806190 0.088958 0.013714 0.020769
0 0.821935 0.064880 0.014391 0.020167
0 0.666667 0.695833 0.387500 0.017593
0 0.821937 0.087306 0.011344 0.017463
0 0.837849 0.063676 0.013375 0.017148
0 0.919365 0.063319 0.036271 0.026028
0 0.925729 0.319907 0.148542 0.013889
0 0.915378 0.249421 0.169245 0.015880
0 0.915083 0.268227 0.169833 0.015880
0 0.909896 0.089537 0.017708 0.025926
0 0.070844 0.857870 0.138542 0.027778
0 0.915026 0.335681 0.169844 0.015880
0 0.915026 0.355727 0.169844 0.015880
0 0.915185 0.373444 0.169630 0.015889
0 0.944508 0.976514 0.011057 0.017972
0 0.470711 0.475889 0.022734 0.018463
0 0.964036 0.008681 0.009375 0.017361
0 0.539794 0.476472 0.020328 0.016519
0 0.914323 0.407870 0.168229 0.019444
0 0.915156 0.917593 0.169687 0.022222
0 0.570221 0.477019 0.035536 0.015963
0 0.046203 0.033287 0.015615 0.018519
0 0.603927 0.477917 0.025292 0.017315
0 0.638128 0.478046 0.037182 0.017426
0 0.676247 0.476745 0.034109 0.020028
0 0.805651 0.471755 0.029740 0.022657
0 0.900068 0.976736 0.017927 0.018657
0 0.974688 0.977111 0.035604 0.028889
0 0.918758 0.976731 0.014214 0.019815
0 0.932133 0.976681 0.010109 0.018639
0 0.181719 0.862870 0.043333 0.072407
0 0.070182 0.925370 0.140365 0.011481
0 0.166693 0.172685 0.045885 0.019444
0 0.772380 0.090769 0.014781 0.021074
0 0.772599 0.065144 0.014052 0.020806
0 0.214203 0.031579 0.021240 0.018880
0 0.186286 0.034815 0.026094 0.017796
0 0.160799 0.033194 0.015776 0.022111
0 0.139255 0.034597 0.016385 0.019954
0 0.608854 0.075185 0.034375 0.054074
0 0.117560 0.032713 0.017297 0.020500
0 0.026359 0.033519 0.015104 0.020370
0 0.096776 0.033519 0.023062 0.023204
0 0.069466 0.032171 0.026099 0.021583
0 0.196380 0.213889 0.084427 0.016667
0 0.973880 0.033796 0.050156 0.025000
0 0.514883 0.570060 0.081901 0.016176
0 0.516818 0.551574 0.085427 0.016667
0 0.643750 0.061639 0.019792 0.023148
0 0.925521 0.302315 0.148958 0.013889
0 0.027604 0.195370 0.016667 0.025926
0 0.044086 0.195370 0.015682 0.025926
0 0.356820 0.090338 0.142505 0.025806
