0 0.227083 0.146759 0.017708 0.023148
0 0.098958 0.636111 0.014583 0.024074
0 0.026042 0.726852 0.015625 0.020370
0 0.152083 0.145833 0.018750 0.025000
0 0.117188 0.585185 0.015625 0.020370
0 0.061719 0.584259 0.015104 0.022222
0 0.008594 0.636111 0.014063 0.024074
0 0.098958 0.610185 0.015625 0.024074
0 0.852865 0.826852 0.042188 0.024074
0 0.917188 0.200000 0.036458 0.024074
0 0.116406 0.609722 0.015104 0.023148
0 0.116667 0.636574 0.014583 0.023148
0 0.146615 0.193056 0.011979 0.021296
0 0.098958 0.221296 0.013542 0.022222
0 0.007812 0.298148 0.015625 0.027778
0 0.008073 0.700463 0.016146 0.026852
0 0.007812 0.610648 0.015625 0.021296
0 0.116927 0.222222 0.013021 0.022222
0 0.008333 0.272685 0.014583 0.023148
0 0.172135 0.146296 0.018229 0.025926
0 0.946354 0.146759 0.013542 0.021296
0 0.207813 0.145833 0.014583 0.023148
0 0.110937 0.090278 0.016667 0.026852
0 0.062500 0.662500 0.015625 0.028704
0 0.008333 0.728241 0.016667 0.019444
0 0.627344 0.980556 0.016146 0.027778
0 0.044010 0.222685 0.013021 0.023148
0 0.650521 0.981481 0.017708 0.029630
0 0.755208 0.728241 0.056250 0.025000
0 0.672917 0.981481 0.016667 0.029630
0 0.676562 0.087500 0.011458 0.021296
0 0.327344 0.978704 0.020313 0.024074
0 0.586198 0.728241 0.042188 0.025000
0 0.008073 0.352315 0.014063 0.023148
0 0.894531 0.034259 0.014063 0.022222
0 0.025781 0.584259 0.017188 0.024074
0 0.846875 0.199537 0.035417 0.028704
0 0.025521 0.351852 0.014583 0.025926
0 0.080729 0.221296 0.012500 0.022222
0 0.967708 0.146296 0.019792 0.022222
0 0.953906 0.080093 0.021354 0.058333
0 0.008073 0.663889 0.016146 0.029630
0 0.063021 0.727315 0.015625 0.019444
0 0.539062 0.727778 0.041667 0.025926
0 0.837760 0.728241 0.048438 0.025000
0 0.062500 0.221759 0.013542 0.023148
0 0.025781 0.662500 0.014063 0.028704
0 0.909896 0.034259 0.013542 0.025926
0 0.044010 0.610648 0.015104 0.023148
0 0.806510 0.826389 0.042188 0.025000
0 0.044010 0.701389 0.014063 0.025000
0 0.044010 0.662500 0.014063 0.028704
0 0.025781 0.299537 0.014063 0.025000
0 0.043750 0.584259 0.015625 0.022222
0 0.535156 0.977315 0.017188 0.025000
0 0.116927 0.701389 0.014063 0.021296
0 0.007812 0.325463 0.015625 0.023148
0 0.729948 0.088426 0.015104 0.023148
0 0.603906 0.979630 0.020313 0.031481
0 0.080990 0.700463 0.013021 0.023148
0 0.063281 0.700463 0.017188 0.025000
0 0.558594 0.977778 0.018229 0.025926
0 0.466406 0.978241 0.017188 0.025000
0 0.062500 0.299074 0.013542 0.024074
0 0.580990 0.978241 0.018229 0.028704
0 0.008594 0.221759 0.014063 0.025000
0 0.747656 0.088889 0.014063 0.020370
0 0.080469 0.610185 0.015104 0.022222
0 0.837500 0.287963 0.016667 0.018519
0 0.080729 0.247222 0.013542 0.024074
0 0.712240 0.088426 0.014063 0.023148
0 0.883333 0.081019 0.023958 0.052778
0 0.098698 0.325463 0.013021 0.025000
0 0.044271 0.352778 0.015625 0.025926
0 0.025521 0.636111 0.016667 0.024074
0 0.694792 0.088426 0.017708 0.023148
0 0.044010 0.247685 0.013021 0.023148
0 0.117188 0.247685 0.013542 0.025000
0 0.490104 0.977315 0.018750 0.023148
0 0.080469 0.726852 0.014063 0.022222
0 0.117969 0.325926 0.017188 0.024074
0 0.492188 0.728241 0.041667 0.025000
0 0.025521 0.325000 0.015625 0.022222
0 0.982812 0.081481 0.026042 0.061111
0 0.080729 0.326389 0.014583 0.025000
0 0.929167 0.033796 0.013542 0.025000
0 0.044010 0.636574 0.015104 0.025000
0 0.044271 0.298611 0.014583 0.025000
0 0.062240 0.325926 0.013021 0.024074
0 0.044010 0.273148 0.015104 0.024074
0 0.062240 0.610648 0.015104 0.021296
0 0.040885 0.083796 0.022396 0.060185
0 0.080469 0.299074 0.014063 0.024074
0 0.044271 0.325463 0.013542 0.023148
0 0.099219 0.701389 0.014063 0.023148
0 0.062500 0.272685 0.014583 0.025000
0 0.099479 0.300000 0.013542 0.024074
0 0.973698 0.033333 0.051562 0.025926
0 0.098437 0.247685 0.012500 0.025000
0 0.080469 0.635648 0.015104 0.025000
0 0.088542 0.082407 0.023958 0.059259
0 0.118229 0.300463 0.016667 0.025000
0 0.044531 0.726852 0.015104 0.020370
0 0.080208 0.272685 0.014583 0.025000
0 0.062240 0.636111 0.016146 0.025926
0 0.116667 0.274074 0.013542 0.022222
0 0.512500 0.976852 0.016667 0.024074
0 0.065104 0.083333 0.022917 0.059259
0 0.396875 0.976389 0.116667 0.034259
0 0.098698 0.273611 0.013021 0.025000
0 0.016406 0.082407 0.026562 0.061111
0 0.070312 0.830093 0.140625 0.026852
0 0.834375 0.506481 0.055208 0.025926
0 0.070573 0.804630 0.141146 0.027778
0 0.008073 0.034259 0.014063 0.022222
0 0.939323 0.007870 0.010937 0.015741
0 0.079687 0.145833 0.013542 0.023148
0 0.124740 0.172685 0.007812 0.017593
0 0.197396 0.174074 0.007292 0.016667
0 0.134896 0.171759 0.009375 0.019444
0 0.193750 0.212500 0.087500 0.019444
0 0.534115 0.506019 0.125521 0.026852
0 0.919010 0.976852 0.014063 0.024074
0 0.134896 0.560648 0.007292 0.015741
0 0.974479 0.172222 0.008333 0.014815
0 0.125000 0.756481 0.007292 0.014815
0 0.236979 0.033796 0.016667 0.019444
0 0.124479 0.561111 0.007292 0.016667
0 0.025781 0.145370 0.050521 0.027778
0 0.984375 0.171296 0.009375 0.016667
0 0.097135 0.146296 0.017188 0.024074
0 0.115625 0.172222 0.010417 0.018519
0 0.080469 0.662037 0.014063 0.027778
0 0.025521 0.610185 0.017708 0.020370
0 0.069531 0.858333 0.139063 0.027778
0 0.132812 0.145833 0.014583 0.021296
0 0.115104 0.756481 0.006250 0.014815
0 0.098958 0.584722 0.016667 0.021296
0 0.863021 0.977778 0.015625 0.024074
0 0.846615 0.978241 0.014063 0.023148
0 0.881250 0.199537 0.032292 0.028704
0 0.994792 0.172222 0.009375 0.016667
0 0.105729 0.756944 0.009375 0.017593
0 0.641927 0.088889 0.015104 0.024074
0 0.080208 0.584722 0.015625 0.021296
0 0.701562 0.728241 0.041667 0.025000
0 0.837760 0.310648 0.016146 0.023148
0 0.870052 0.442130 0.014063 0.023148
0 0.116667 0.195370 0.010417 0.022222
0 0.115104 0.561111 0.009375 0.018519
0 0.115104 0.146296 0.015625 0.024074
0 0.134896 0.756944 0.007292 0.015741
0 0.879948 0.977778 0.014063 0.024074
0 0.964844 0.172685 0.009896 0.015741
0 0.659115 0.088889 0.013021 0.020370
0 0.632552 0.728241 0.042188 0.025000
0 0.062500 0.195370 0.012500 0.024074
0 0.819531 0.173611 0.010937 0.019444
0 0.008073 0.584259 0.016146 0.025926
0 0.988802 0.145370 0.019271 0.022222
0 0.026042 0.701389 0.014583 0.026852
0 0.008333 0.194907 0.016667 0.025000
0 0.919755 0.062898 0.035937 0.025000
0 0.608078 0.073852 0.034896 0.054630
0 0.518008 0.064213 0.133776 0.023426
0 0.069974 0.925889 0.139948 0.012111
0 0.189745 0.087171 0.133740 0.022880
0 0.026495 0.246889 0.015625 0.023148
0 0.472836 0.477218 0.022391 0.019380
0 0.009687 0.247222 0.017292 0.024074
0 0.914531 0.407870 0.167813 0.019444
0 0.858880 0.079167 0.024948 0.047222
0 0.026042 0.272954 0.015625 0.025000
0 0.064922 0.247750 0.015104 0.024074
0 0.988406 0.008356 0.013542 0.016713
0 0.099740 0.196833 0.019271 0.024074
0 0.026521 0.033806 0.015625 0.020370
0 0.510286 0.088889 0.152865 0.024074
0 0.508328 0.477949 0.041667 0.021269
0 0.442411 0.063556 0.015625 0.023148
0 0.112125 0.063093 0.019271 0.020370
0 0.167005 0.172685 0.046510 0.019444
0 0.272578 0.090741 0.020156 0.025926
0 0.080099 0.194907 0.011979 0.023148
0 0.844792 0.474352 0.036458 0.027222
0 0.070625 0.904630 0.140000 0.025926
0 0.929281 0.091009 0.017188 0.027778
0 0.666615 0.695833 0.388437 0.017593
0 0.911240 0.089824 0.017708 0.025926
0 0.846589 0.441667 0.009948 0.020370
0 0.912161 0.917593 0.175677 0.022222
0 0.964568 0.008463 0.009375 0.016926
0 0.045526 0.034722 0.014677 0.018519
0 0.179573 0.860426 0.045104 0.079259
0 0.027865 0.195833 0.017188 0.025000
0 0.521484 0.584722 0.094010 0.015741
0 0.915768 0.249944 0.168464 0.017593
0 0.643620 0.063204 0.019792 0.023148
0 0.520625 0.553241 0.095417 0.017593
0 0.519062 0.601389 0.091250 0.017593
0 0.027760 0.221694 0.014583 0.024074
0 0.044753 0.195102 0.015078 0.025926
0 0.520615 0.569116 0.093667 0.014176
0 0.356039 0.089051 0.145526 0.025972
0 0.730721 0.063162 0.033766 0.024472
0 0.569333 0.476898 0.036573 0.020204
0 0.822464 0.064583 0.010833 0.020185
0 0.604750 0.476792 0.028958 0.021491
0 0.638932 0.478384 0.034333 0.017787
0 0.973870 0.977065 0.037823 0.035000
0 0.805885 0.089130 0.015354 0.022019
0 0.926268 0.320815 0.147464 0.017593
0 0.926138 0.303389 0.147724 0.017593
0 0.675578 0.477324 0.032687 0.018315
0 0.806273 0.064815 0.013807 0.020648
0 0.060154 0.146588 0.016120 0.022287
0 0.926008 0.285954 0.147984 0.017593
0 0.944682 0.976292 0.013990 0.022417
0 0.931555 0.975528 0.008807 0.022111
0 0.915607 0.267833 0.168464 0.017593
0 0.788727 0.089926 0.015870 0.022704
0 0.789490 0.066421 0.013271 0.020639
0 0.837068 0.062236 0.014271 0.018435
0 0.899430 0.975833 0.014682 0.023333
0 0.805005 0.474338 0.027719 0.018861
0 0.772148 0.089014 0.014193 0.021787
0 0.772341 0.064699 0.014839 0.022250
0 0.214154 0.033292 0.024005 0.020880
0 0.185570 0.032829 0.028672 0.018731
0 0.914919 0.373741 0.168464 0.017593
0 0.914461 0.356185 0.168464 0.017593
0 0.822464 0.088208 0.013156 0.023398
0 0.162253 0.032829 0.014505 0.018731
0 0.141089 0.033644 0.019854 0.019102
0 0.119297 0.032847 0.015375 0.018046
0 0.097635 0.032931 0.020906 0.017176
0 0.913680 0.337352 0.168464 0.017593
0 0.070984 0.034264 0.024073 0.018954
0 0.748099 0.506944 0.113177 0.026852
0 0.539932 0.477083 0.019552 0.017519
0 0.355380 0.063861 0.143927 0.024389
0 0.189445 0.063940 0.132464 0.021583
0 0.684563 0.064546 0.060781 0.022222
0 0.272604 0.064352 0.020208 0.025000
