0 0.025521 0.636111 0.016667 0.024074
0 0.044010 0.662500 0.014063 0.028704
0 0.080469 0.610185 0.015104 0.022222
0 0.044010 0.700926 0.014063 0.025926
0 0.043750 0.247222 0.013542 0.024074
0 0.080469 0.325926 0.015104 0.025926
0 0.099219 0.701389 0.014063 0.023148
0 0.062240 0.325463 0.013021 0.025000
0 0.983073 0.081481 0.025521 0.062963
0 0.099479 0.299537 0.013542 0.025000
0 0.711979 0.088426 0.013542 0.023148
0 0.694792 0.088426 0.017708 0.023148
0 0.008594 0.221759 0.014063 0.025000
0 0.063281 0.700463 0.017188 0.025000
0 0.080729 0.247222 0.013542 0.024074
0 0.152604 0.146296 0.015625 0.027778
0 0.044010 0.610648 0.015104 0.023148
0 0.098698 0.325926 0.013021 0.025926
0 0.025781 0.662963 0.014063 0.029630
0 0.044271 0.352778 0.015625 0.025926
0 0.846875 0.199537 0.035417 0.028704
0 0.117448 0.248148 0.014063 0.025926
0 0.062500 0.299074 0.013542 0.024074
0 0.489844 0.977315 0.018229 0.023148
0 0.062500 0.662500 0.015625 0.028704
0 0.535156 0.977315 0.017188 0.025000
0 0.008073 0.663889 0.016146 0.029630
0 0.604167 0.979630 0.019792 0.031481
0 0.580729 0.979167 0.018750 0.030556
0 0.080990 0.700463 0.013021 0.023148
0 0.729948 0.088426 0.015104 0.023148
0 0.747396 0.088889 0.014583 0.022222
0 0.672917 0.981019 0.016667 0.028704
0 0.043750 0.584259 0.015625 0.022222
0 0.025781 0.299537 0.014063 0.025000
0 0.973698 0.033333 0.050521 0.025926
0 0.007812 0.325463 0.015625 0.023148
0 0.676562 0.087963 0.012500 0.022222
0 0.650260 0.981019 0.017188 0.028704
0 0.441927 0.064352 0.015104 0.023148
0 0.062500 0.221759 0.013542 0.023148
0 0.026042 0.700926 0.014583 0.025926
0 0.008333 0.727778 0.016667 0.020370
0 0.025521 0.352315 0.014583 0.025000
0 0.063021 0.727315 0.015625 0.021296
0 0.894271 0.034259 0.013542 0.022222
0 0.967708 0.145833 0.019792 0.023148
0 0.008073 0.700463 0.016146 0.026852
0 0.627344 0.980556 0.016146 0.027778
0 0.909896 0.033796 0.013542 0.025000
0 0.008333 0.352315 0.014583 0.023148
0 0.117188 0.701389 0.014583 0.023148
0 0.659375 0.088426 0.013542 0.021296
0 0.917448 0.200463 0.035937 0.025000
0 0.946354 0.146759 0.013542 0.021296
0 0.007812 0.610185 0.015625 0.022222
0 0.044010 0.222222 0.013021 0.022222
0 0.080469 0.221759 0.013021 0.023148
0 0.008594 0.635648 0.014063 0.025000
0 0.025781 0.584259 0.017188 0.024074
0 0.169531 0.146296 0.014063 0.027778
0 0.466406 0.978241 0.017188 0.026852
0 0.026042 0.726852 0.015625 0.020370
0 0.061719 0.583796 0.015104 0.021296
0 0.098958 0.610185 0.015625 0.024074
0 0.116667 0.636574 0.015625 0.025000
0 0.116927 0.221759 0.013021 0.023148
0 0.396875 0.976389 0.117708 0.034259
0 0.146615 0.193519 0.011979 0.022222
0 0.117188 0.585185 0.015625 0.020370
0 0.008333 0.273148 0.014583 0.024074
0 0.007812 0.297685 0.015625 0.026852
0 0.098958 0.636574 0.014583 0.025000
0 0.007812 0.584259 0.015625 0.024074
0 0.988802 0.145833 0.019271 0.023148
0 0.134635 0.146296 0.018229 0.025926
0 0.079948 0.194907 0.013021 0.023148
0 0.007552 0.194907 0.015104 0.025000
0 0.025260 0.222222 0.015104 0.024074
0 0.837760 0.311574 0.017188 0.026852
0 0.641667 0.089815 0.014583 0.024074
0 0.879948 0.977315 0.014063 0.026852
0 0.116406 0.609722 0.015104 0.023148
0 0.098958 0.221296 0.013542 0.022222
0 0.846354 0.978241 0.014583 0.025000
0 0.114583 0.145833 0.016667 0.025000
0 0.881250 0.199537 0.032292 0.028704
0 0.062500 0.195370 0.013542 0.024074
0 0.863281 0.976852 0.015104 0.027778
0 0.080208 0.584722 0.015625 0.019444
0 0.116406 0.194907 0.010937 0.023148
0 0.994792 0.172222 0.009375 0.016667
0 0.965625 0.172222 0.011458 0.016667
0 0.098958 0.584722 0.016667 0.021296
0 0.115104 0.561111 0.009375 0.018519
0 0.080469 0.662037 0.014063 0.027778
0 0.025781 0.609722 0.017188 0.019444
0 0.105990 0.757407 0.009896 0.016667
0 0.097396 0.145833 0.013542 0.025000
0 0.818750 0.173611 0.013542 0.021296
0 0.115625 0.172685 0.010417 0.019444
0 0.984375 0.171296 0.009375 0.016667
0 0.327344 0.977315 0.020313 0.028704
0 0.070052 0.858333 0.140104 0.027778
0 0.115104 0.756944 0.006250 0.015741
0 0.608594 0.076852 0.034896 0.053704
0 0.079427 0.145833 0.018229 0.026852
0 0.026042 0.145370 0.050000 0.027778
0 0.124479 0.561111 0.007292 0.016667
0 0.125000 0.756481 0.007292 0.016667
0 0.134896 0.172222 0.010417 0.020370
0 0.974479 0.172222 0.008333 0.014815
0 0.124740 0.172685 0.007812 0.017593
0 0.189323 0.212500 0.077604 0.019444
0 0.008594 0.805093 0.013021 0.021296
0 0.237240 0.032870 0.017188 0.019444
0 0.060417 0.146296 0.015625 0.025926
0 0.919010 0.976852 0.013021 0.025926
0 0.899479 0.977315 0.020833 0.025000
0 0.008073 0.032870 0.014063 0.021296
0 0.042448 0.728241 0.018229 0.021296
0 0.070312 0.804630 0.140625 0.027778
0 0.070573 0.830556 0.141146 0.027778
0 0.016146 0.082407 0.027083 0.062963
0 0.098698 0.273611 0.013021 0.025000
0 0.062240 0.636111 0.016146 0.025926
0 0.065104 0.083333 0.021875 0.059259
0 0.080469 0.272685 0.015104 0.025000
0 0.116927 0.274074 0.015104 0.022222
0 0.118229 0.299537 0.018750 0.026852
0 0.080469 0.635648 0.015104 0.025000
0 0.062500 0.272685 0.014583 0.025000
0 0.088542 0.082870 0.023958 0.060185
0 0.837760 0.287963 0.017188 0.020370
0 0.080469 0.727315 0.014063 0.023148
0 0.044010 0.636111 0.015104 0.025926
0 0.062500 0.610648 0.014583 0.021296
0 0.098437 0.247685 0.012500 0.025000
0 0.044010 0.325463 0.014063 0.023148
0 0.040885 0.083333 0.021354 0.061111
0 0.512500 0.976852 0.016667 0.024074
0 0.117708 0.325926 0.017708 0.025926
0 0.044531 0.726852 0.015104 0.020370
0 0.044271 0.298611 0.014583 0.025000
0 0.558333 0.978241 0.018750 0.026852
0 0.080729 0.299074 0.014583 0.024074
0 0.025521 0.325463 0.015625 0.023148
0 0.821378 0.088796 0.011807 0.022148
0 0.070802 0.032722 0.022896 0.019111
0 0.097297 0.032718 0.021500 0.020009
0 0.120023 0.032028 0.013318 0.020296
0 0.141753 0.034500 0.019026 0.022111
0 0.161799 0.032940 0.016974 0.020028
0 0.186018 0.032940 0.026776 0.017435
0 0.215914 0.034662 0.023703 0.020769
0 0.189458 0.088894 0.134187 0.023417
0 0.773070 0.064866 0.013411 0.020324
0 0.772742 0.089134 0.014266 0.022843
0 0.789646 0.065454 0.014635 0.023185
0 0.788701 0.088463 0.015786 0.023185
0 0.807169 0.066042 0.015109 0.024694
0 0.805286 0.089806 0.013604 0.022167
0 0.822034 0.063921 0.010932 0.019824
0 0.837497 0.064505 0.016286 0.015935
0 0.859388 0.076125 0.023995 0.040843
0 0.883753 0.083801 0.022391 0.057231
0 0.914849 0.249306 0.170302 0.018519
0 0.915240 0.267759 0.169521 0.018519
0 0.914865 0.356333 0.170271 0.018519
0 0.914865 0.374676 0.170271 0.016204
0 0.914818 0.391102 0.170073 0.015944
0 0.914638 0.408407 0.170724 0.018519
0 0.914526 0.427343 0.170948 0.018519
0 0.913750 0.460657 0.171354 0.018519
0 0.931807 0.976116 0.012437 0.024972
0 0.945268 0.977157 0.013318 0.026019
0 0.266482 0.389676 0.057578 0.039944
0 0.258935 0.474245 0.064953 0.046806
0 0.348284 0.394356 0.062495 0.045565
0 0.357411 0.471125 0.067406 0.053046
0 0.134763 0.561148 0.009318 0.024574
0 0.962604 0.008500 0.013021 0.017000
0 0.915052 0.918056 0.169896 0.023148
0 0.046914 0.033028 0.017214 0.018519
0 0.925260 0.303241 0.149479 0.015741
0 0.027370 0.195370 0.018281 0.025926
0 0.354003 0.087130 0.142828 0.024259
0 0.043992 0.195509 0.014828 0.025000
0 0.643328 0.063528 0.019792 0.023148
0 0.197766 0.174074 0.013021 0.026852
0 0.731068 0.063148 0.033698 0.025556
0 0.919885 0.062972 0.036458 0.025000
0 0.112469 0.062843 0.018750 0.021296
0 0.110542 0.089620 0.016146 0.027778
0 0.100000 0.196250 0.018750 0.024074
0 0.954167 0.080370 0.021875 0.058889
0 0.925000 0.285648 0.150000 0.015741
0 0.027396 0.273148 0.015625 0.025926
0 0.064333 0.247222 0.015104 0.024074
0 0.988911 0.009301 0.014063 0.018602
0 0.272448 0.089815 0.019896 0.024074
0 0.027370 0.246481 0.015625 0.023148
0 0.518245 0.065278 0.132781 0.021296
0 0.010536 0.249630 0.016927 0.024074
0 0.508672 0.088889 0.149635 0.024074
0 0.932526 0.034259 0.020260 0.024074
0 0.272708 0.064815 0.020417 0.024074
0 0.190466 0.063324 0.133964 0.024426
0 0.683203 0.063565 0.060156 0.024722
0 0.355120 0.064074 0.143927 0.025556
0 0.179172 0.864157 0.045625 0.082778
0 0.910656 0.088606 0.017708 0.021861
0 0.914714 0.337500 0.170573 0.018519
0 0.865964 0.497343 0.072188 0.018519
0 0.928635 0.088069 0.017188 0.020898
0 0.166771 0.172685 0.046042 0.019444
0 0.134948 0.757407 0.009271 0.022222
0 0.939578 0.007097 0.010937 0.014194
0 0.070312 0.905093 0.140625 0.025000
0 0.925260 0.319444 0.149479 0.014815
0 0.029536 0.032352 0.015104 0.020370
0 0.975091 0.976130 0.034818 0.028185
0 0.069901 0.925519 0.139802 0.014704
0 0.045049 0.272407 0.015005 0.022593
