0 0.043750 0.247222 0.013542 0.022222
0 0.008333 0.033333 0.013542 0.020370
0 0.899479 0.977778 0.020833 0.022222
0 0.237500 0.032870 0.017708 0.019444
0 0.079687 0.145833 0.013542 0.023148
0 0.939063 0.008333 0.010417 0.014815
0 0.124740 0.173148 0.007812 0.016667
0 0.199479 0.212500 0.098958 0.019444
0 0.674219 0.892593 0.041146 0.024074
0 0.134896 0.172222 0.009375 0.018519
0 0.025781 0.144907 0.050521 0.028704
0 0.124740 0.561111 0.006771 0.016667
0 0.608594 0.079167 0.034896 0.063889
0 0.197396 0.174074 0.007292 0.016667
0 0.134896 0.560185 0.007292 0.014815
0 0.125000 0.756481 0.007292 0.014815
0 0.069792 0.857870 0.139583 0.026852
0 0.720313 0.892593 0.041667 0.024074
0 0.974479 0.172222 0.008333 0.014815
0 0.097135 0.145833 0.017188 0.023148
0 0.919271 0.977778 0.013542 0.022222
0 0.115365 0.756481 0.005729 0.014815
0 0.098698 0.585185 0.016146 0.020370
0 0.080469 0.662500 0.014063 0.026852
0 0.115104 0.560648 0.009375 0.017593
0 0.984375 0.171296 0.009375 0.016667
0 0.070312 0.905093 0.140625 0.026852
0 0.115885 0.172222 0.009896 0.018519
0 0.025781 0.609722 0.017188 0.019444
0 0.115104 0.146759 0.015625 0.023148
0 0.105990 0.756481 0.009896 0.016667
0 0.134896 0.756944 0.007292 0.015741
0 0.080208 0.584722 0.015625 0.019444
0 0.132812 0.146296 0.014583 0.020370
0 0.994792 0.171296 0.009375 0.016667
0 0.116667 0.194907 0.010417 0.021296
0 0.846875 0.978704 0.013542 0.022222
0 0.863281 0.978241 0.015104 0.021296
0 0.061719 0.584259 0.015104 0.020370
0 0.062500 0.195833 0.012500 0.023148
0 0.964844 0.172685 0.009896 0.015741
0 0.352604 0.088426 0.151042 0.026852
0 0.659375 0.088426 0.013542 0.021296
0 0.654948 0.749074 0.156771 0.025926
0 0.271094 0.089815 0.017188 0.024074
0 0.880208 0.978241 0.013542 0.021296
0 0.007812 0.584722 0.015625 0.023148
0 0.117188 0.585185 0.015625 0.020370
0 0.080208 0.195370 0.012500 0.022222
0 0.008333 0.194907 0.016667 0.025000
0 0.025521 0.222222 0.014583 0.024074
0 0.009375 0.635648 0.013542 0.025000
0 0.116406 0.609722 0.015104 0.021296
0 0.676562 0.087500 0.013542 0.021296
0 0.653385 0.775926 0.156771 0.025926
0 0.116667 0.637037 0.014583 0.024074
0 0.988802 0.145370 0.019271 0.022222
0 0.008333 0.272685 0.014583 0.023148
0 0.008333 0.298148 0.015625 0.027778
0 0.098958 0.636111 0.014583 0.024074
0 0.098958 0.609722 0.015625 0.023148
0 0.327344 0.978241 0.020313 0.023148
0 0.881510 0.199537 0.032813 0.028704
0 0.025781 0.584722 0.017188 0.023148
0 0.063021 0.726852 0.014583 0.022222
0 0.008073 0.663426 0.016146 0.028704
0 0.026302 0.726852 0.015104 0.020370
0 0.909635 0.034259 0.013021 0.024074
0 0.151823 0.146296 0.018229 0.024074
0 0.026042 0.662500 0.013542 0.028704
0 0.110937 0.089815 0.016667 0.027778
0 0.894271 0.034259 0.013542 0.022222
0 0.062500 0.662500 0.015625 0.028704
0 0.026302 0.700926 0.014063 0.025926
0 0.146615 0.193519 0.011979 0.022222
0 0.099219 0.221296 0.013021 0.022222
0 0.190365 0.146759 0.014063 0.023148
0 0.008073 0.352315 0.014063 0.023148
0 0.117188 0.701852 0.013542 0.022222
0 0.967708 0.146296 0.019792 0.022222
0 0.946094 0.146759 0.013021 0.021296
0 0.973437 0.033333 0.051042 0.025926
0 0.588542 0.284722 0.213542 0.026852
0 0.025521 0.351852 0.014583 0.025926
0 0.172396 0.146296 0.017708 0.024074
0 0.116927 0.222222 0.011979 0.022222
0 0.044010 0.222222 0.013021 0.022222
0 0.008073 0.728241 0.016146 0.019444
0 0.008073 0.700463 0.016146 0.025000
0 0.043750 0.584259 0.015625 0.022222
0 0.271354 0.064352 0.017708 0.023148
0 0.729948 0.088426 0.016146 0.023148
0 0.007812 0.325463 0.015625 0.023148
0 0.919010 0.062963 0.035937 0.024074
0 0.026302 0.272685 0.015104 0.025000
0 0.044010 0.352778 0.015104 0.025926
0 0.007812 0.610648 0.015625 0.021296
0 0.080729 0.700463 0.012500 0.023148
0 0.227083 0.147222 0.017708 0.022222
0 0.207813 0.146759 0.013542 0.021296
0 0.117969 0.326389 0.017188 0.023148
0 0.080729 0.221759 0.012500 0.021296
0 0.747396 0.089352 0.014583 0.021296
0 0.673177 0.981019 0.017188 0.028704
0 0.044010 0.662500 0.014063 0.028704
0 0.466146 0.978241 0.016667 0.025000
0 0.098698 0.325463 0.013021 0.025000
0 0.441667 0.064815 0.014583 0.024074
0 0.983073 0.084722 0.025521 0.069444
0 0.025781 0.299537 0.014063 0.025000
0 0.044010 0.700926 0.014063 0.024074
0 0.650521 0.981019 0.016667 0.028704
0 0.062500 0.221759 0.013542 0.021296
0 0.694792 0.088426 0.017708 0.023148
0 0.008854 0.221759 0.013542 0.025000
0 0.062500 0.299074 0.013542 0.024074
0 0.627344 0.980556 0.015104 0.025926
0 0.044010 0.610648 0.015104 0.023148
0 0.603906 0.979167 0.019271 0.030556
0 0.712500 0.088426 0.014583 0.023148
0 0.063281 0.700463 0.016146 0.025000
0 0.917448 0.200463 0.035937 0.025000
0 0.080469 0.325926 0.015104 0.025926
0 0.580990 0.978704 0.017188 0.027778
0 0.062240 0.325463 0.013021 0.025000
0 0.117188 0.247685 0.013542 0.025000
0 0.080469 0.610185 0.015104 0.022222
0 0.535417 0.977778 0.016667 0.024074
0 0.044531 0.726852 0.015104 0.020370
0 0.025521 0.636111 0.016667 0.024074
0 0.025781 0.325000 0.015104 0.022222
0 0.099219 0.701389 0.014063 0.023148
0 0.080729 0.246759 0.013542 0.023148
0 0.040885 0.083796 0.021354 0.060185
0 0.558594 0.977315 0.018229 0.025000
0 0.490104 0.976852 0.017708 0.022222
0 0.846875 0.199074 0.035417 0.027778
0 0.044531 0.298611 0.014063 0.025000
0 0.044010 0.273148 0.015104 0.024074
0 0.080729 0.727315 0.013542 0.023148
0 0.080469 0.299074 0.014063 0.024074
0 0.044271 0.325463 0.013542 0.023148
0 0.099479 0.300000 0.013542 0.024074
0 0.080469 0.636111 0.015104 0.024074
0 0.118490 0.300463 0.017188 0.025000
0 0.043750 0.636574 0.014583 0.025000
0 0.062240 0.611111 0.015104 0.020370
0 0.062500 0.272222 0.014583 0.024074
0 0.088542 0.082407 0.023958 0.059259
0 0.512500 0.977315 0.016667 0.023148
0 0.098437 0.247685 0.012500 0.023148
0 0.065104 0.083333 0.021875 0.059259
0 0.116927 0.274074 0.014063 0.022222
0 0.080208 0.272685 0.014583 0.025000
0 0.062240 0.636111 0.015104 0.025926
0 0.016667 0.082870 0.026042 0.060185
0 0.396354 0.975926 0.115625 0.033333
0 0.098698 0.273611 0.013021 0.025000
0 0.354687 0.062500 0.147917 0.028704
0 0.720573 0.283796 0.042188 0.025000
0 0.070312 0.830093 0.140625 0.026852
0 0.070312 0.804630 0.140625 0.027778
0 0.883531 0.081019 0.025000 0.052778
0 0.644805 0.064630 0.017526 0.026296
0 0.716302 0.172046 0.018750 0.026852
0 0.027299 0.032139 0.016339 0.018519
0 0.027318 0.195833 0.016094 0.025000
0 0.961401 0.009579 0.009896 0.019157
0 0.914844 0.918056 0.170313 0.023148
0 0.642604 0.088519 0.015104 0.021111
0 0.181542 0.861000 0.041562 0.075037
0 0.821378 0.063315 0.011005 0.021667
0 0.945029 0.975819 0.014505 0.024583
0 0.931656 0.976426 0.010875 0.019333
0 0.805885 0.089653 0.015240 0.023176
0 0.521086 0.805880 0.082526 0.021074
0 0.789125 0.065120 0.013542 0.021667
0 0.806906 0.064218 0.013896 0.028287
0 0.838138 0.063014 0.014391 0.018065
0 0.789122 0.088444 0.016255 0.022574
0 0.975286 0.977431 0.041479 0.031028
0 0.821802 0.087843 0.013208 0.018963
0 0.683875 0.064167 0.059750 0.023519
0 0.189487 0.064972 0.132276 0.022352
0 0.508906 0.088889 0.150104 0.024074
0 0.518401 0.063722 0.133177 0.023611
0 0.065036 0.248519 0.015104 0.022222
0 0.069398 0.033171 0.024286 0.019343
0 0.097346 0.032611 0.020995 0.017759
0 0.189854 0.088741 0.135604 0.024741
0 0.119732 0.032944 0.013911 0.017093
0 0.142245 0.033843 0.021750 0.019333
0 0.112266 0.063889 0.021406 0.020370
0 0.100323 0.196269 0.019271 0.024074
0 0.062328 0.146917 0.018750 0.019444
0 0.522083 0.693981 0.069167 0.013889
0 0.162544 0.033292 0.015047 0.018861
0 0.909896 0.090454 0.017708 0.025000
0 0.928839 0.092454 0.017188 0.026852
0 0.739021 0.171981 0.016667 0.025926
0 0.505599 0.262037 0.061198 0.012963
0 0.166615 0.173148 0.045729 0.018519
0 0.045818 0.032454 0.015104 0.020370
0 0.613672 0.227778 0.254948 0.025926
0 0.514036 0.204630 0.079115 0.014815
0 0.187206 0.032958 0.027193 0.016843
0 0.731935 0.063704 0.033734 0.024444
0 0.044380 0.195315 0.015198 0.025000
0 0.215029 0.033083 0.022641 0.018889
0 0.771940 0.063162 0.016422 0.023176
0 0.069609 0.926051 0.139219 0.012343
0 0.771685 0.088745 0.015234 0.021972
0 0.859089 0.079167 0.024531 0.047222
0 0.988698 0.009236 0.012500 0.018472
0 0.954167 0.082639 0.021875 0.061574
0 0.010047 0.248528 0.016094 0.024074
0 0.933724 0.034259 0.022656 0.024074
0 0.027047 0.247685 0.015625 0.023148
