0 0.008073 0.905093 0.015104 0.019444
0 0.070312 0.804630 0.140625 0.027778
0 0.070312 0.830093 0.140625 0.026852
0 0.098698 0.273611 0.013021 0.025000
0 0.016667 0.082870 0.026042 0.060185
0 0.062500 0.636111 0.015625 0.025926
0 0.720573 0.283796 0.042188 0.025000
0 0.080208 0.272685 0.014583 0.025000
0 0.116667 0.274074 0.013542 0.022222
0 0.098437 0.247685 0.012500 0.023148
0 0.065104 0.083796 0.021875 0.058333
0 0.062500 0.272222 0.014583 0.024074
0 0.062240 0.611111 0.015104 0.020370
0 0.043750 0.636574 0.014583 0.025000
0 0.523698 0.977315 0.017188 0.023148
0 0.088802 0.082870 0.023438 0.058333
0 0.080729 0.727315 0.013542 0.023148
0 0.080729 0.636111 0.014583 0.024074
0 0.118490 0.300463 0.017188 0.025000
0 0.080469 0.299074 0.014063 0.024074
0 0.044271 0.325463 0.013542 0.023148
0 0.099479 0.300000 0.013542 0.024074
0 0.044010 0.273148 0.014063 0.024074
0 0.044531 0.298611 0.014063 0.025000
0 0.501302 0.976852 0.017188 0.022222
0 0.044531 0.726852 0.015104 0.020370
0 0.080990 0.247222 0.013021 0.022222
0 0.099479 0.701389 0.013542 0.023148
0 0.040885 0.083796 0.021354 0.060185
0 0.044010 0.247222 0.013021 0.022222
0 0.477865 0.977778 0.016146 0.024074
0 0.846875 0.199074 0.035417 0.027778
0 0.025781 0.325000 0.015104 0.022222
0 0.025521 0.636111 0.016667 0.024074
0 0.570312 0.977778 0.017708 0.025926
0 0.080469 0.610185 0.015104 0.022222
0 0.117188 0.247685 0.013542 0.025000
0 0.592708 0.979167 0.017708 0.028704
0 0.062240 0.325926 0.013021 0.024074
0 0.547135 0.977315 0.016146 0.023148
0 0.063281 0.700926 0.016146 0.024074
0 0.044010 0.610648 0.015104 0.023148
0 0.080729 0.325926 0.014583 0.025926
0 0.712240 0.088426 0.014063 0.023148
0 0.062500 0.299074 0.013542 0.024074
0 0.694792 0.088426 0.017708 0.023148
0 0.919010 0.062963 0.035937 0.024074
0 0.062500 0.221759 0.013542 0.021296
0 0.008594 0.221759 0.013021 0.025000
0 0.044010 0.701389 0.014063 0.025000
0 0.883594 0.081481 0.024479 0.053704
0 0.044010 0.662500 0.014063 0.028704
0 0.917448 0.200463 0.035937 0.025000
0 0.025781 0.299537 0.013021 0.025000
0 0.227083 0.146759 0.017708 0.021296
0 0.615885 0.979630 0.019271 0.029630
0 0.007812 0.610648 0.015625 0.021296
0 0.098698 0.325463 0.013021 0.025000
0 0.080729 0.700926 0.012500 0.022222
0 0.080729 0.221759 0.012500 0.021296
0 0.638802 0.979630 0.015104 0.024074
0 0.207813 0.146759 0.013542 0.021296
0 0.044010 0.584722 0.015104 0.021296
0 0.747656 0.089352 0.014063 0.021296
0 0.117969 0.326389 0.017188 0.023148
0 0.044271 0.352778 0.014583 0.025926
0 0.442188 0.064352 0.014583 0.023148
0 0.008073 0.728241 0.016146 0.019444
0 0.007812 0.325463 0.015625 0.023148
0 0.730208 0.088426 0.015625 0.023148
0 0.008073 0.700463 0.016146 0.025000
0 0.026302 0.272685 0.015104 0.025000
0 0.967969 0.146296 0.019271 0.022222
0 0.044010 0.222222 0.013021 0.022222
0 0.116927 0.222222 0.011979 0.022222
0 0.062500 0.662500 0.015625 0.028704
0 0.117188 0.701852 0.013542 0.022222
0 0.172396 0.146759 0.017708 0.023148
0 0.025521 0.351852 0.014583 0.025926
0 0.946354 0.146759 0.012500 0.021296
0 0.008073 0.352315 0.014063 0.023148
0 0.099219 0.221296 0.013021 0.022222
0 0.026302 0.700926 0.014063 0.025926
0 0.190104 0.147222 0.013542 0.022222
0 0.026042 0.662500 0.013542 0.028704
0 0.025781 0.584722 0.017188 0.023148
0 0.973437 0.033333 0.051042 0.025926
0 0.894271 0.034259 0.013542 0.022222
0 0.026302 0.726852 0.015104 0.020370
0 0.063021 0.726852 0.014583 0.022222
0 0.008073 0.663426 0.016146 0.028704
0 0.151823 0.146759 0.018229 0.023148
0 0.909635 0.034259 0.013021 0.024074
0 0.661458 0.980093 0.016667 0.025000
0 0.098958 0.609722 0.015625 0.023148
0 0.098958 0.636111 0.014583 0.024074
0 0.676562 0.087500 0.012500 0.021296
0 0.988802 0.145833 0.019271 0.021296
0 0.116667 0.637037 0.014583 0.024074
0 0.008333 0.298611 0.015625 0.026852
0 0.588802 0.284722 0.213021 0.026852
0 0.008333 0.272685 0.014583 0.023148
0 0.659375 0.088426 0.013542 0.021296
0 0.116667 0.609722 0.014583 0.021296
0 0.007812 0.584722 0.015625 0.023148
0 0.116927 0.585185 0.015104 0.020370
0 0.009115 0.636111 0.013021 0.024074
0 0.080208 0.195370 0.012500 0.022222
0 0.338281 0.977778 0.019271 0.025926
0 0.061719 0.584259 0.015104 0.020370
0 0.025521 0.222222 0.014583 0.024074
0 0.964844 0.172222 0.009896 0.014815
0 0.062500 0.195833 0.012500 0.023148
0 0.080208 0.584722 0.015625 0.019444
0 0.116667 0.194907 0.010417 0.021296
0 0.070312 0.905093 0.140625 0.026852
0 0.132812 0.146296 0.014583 0.020370
0 0.134896 0.756944 0.007292 0.015741
0 0.994792 0.171296 0.009375 0.016667
0 0.105990 0.756481 0.009896 0.016667
0 0.025781 0.609722 0.017188 0.019444
0 0.115625 0.172685 0.009375 0.017593
0 0.115365 0.146296 0.015104 0.022222
0 0.984375 0.171296 0.009375 0.016667
0 0.098698 0.585185 0.016146 0.020370
0 0.080469 0.662500 0.014063 0.026852
0 0.115104 0.560648 0.009375 0.017593
0 0.115365 0.756481 0.005729 0.014815
0 0.069792 0.857870 0.139583 0.026852
0 0.863021 0.978704 0.014583 0.027778
0 0.641406 0.089352 0.014063 0.021296
0 0.879687 0.977315 0.015625 0.025000
0 0.819271 0.173611 0.012500 0.021296
0 0.097135 0.145833 0.017188 0.023148
0 0.974479 0.172222 0.008333 0.014815
0 0.720313 0.892593 0.041667 0.024074
0 0.608594 0.077778 0.034896 0.059259
0 0.359896 0.977315 0.016667 0.030556
0 0.736979 0.170370 0.016667 0.025926
0 0.125000 0.756481 0.007292 0.014815
0 0.197396 0.173611 0.007292 0.015741
0 0.124740 0.561111 0.006771 0.016667
0 0.025781 0.144907 0.050521 0.028704
0 0.134896 0.172222 0.009375 0.018519
0 0.199479 0.212963 0.098958 0.018519
0 0.124740 0.173148 0.007812 0.016667
0 0.237500 0.033333 0.017708 0.018519
0 0.939063 0.008333 0.010417 0.014815
0 0.673958 0.892593 0.041667 0.025926
0 0.079427 0.145833 0.013021 0.023148
0 0.008333 0.033796 0.013542 0.019444
0 0.899479 0.977778 0.019792 0.024074
0 0.028505 0.197185 0.016927 0.024074
0 0.027938 0.033574 0.015104 0.020370
0 0.644135 0.062389 0.019792 0.023148
0 0.715625 0.173222 0.018750 0.027778
0 0.069984 0.034500 0.022542 0.017500
0 0.096802 0.034037 0.024875 0.018426
0 0.118440 0.032426 0.017359 0.018889
0 0.140464 0.034727 0.018396 0.019806
0 0.161453 0.033347 0.019948 0.019806
0 0.186716 0.033347 0.025911 0.017972
0 0.214313 0.032653 0.022542 0.020269
0 0.822104 0.089449 0.014052 0.022602
0 0.837576 0.061343 0.015224 0.020519
0 0.858823 0.078444 0.024594 0.054130
0 0.919964 0.976134 0.011208 0.023194
0 0.931096 0.976139 0.010724 0.020222
0 0.944891 0.975690 0.014219 0.021713
0 0.974667 0.975690 0.038646 0.037769
0 0.134164 0.560139 0.010120 0.021593
0 0.882057 0.197222 0.028937 0.029741
0 0.046984 0.033676 0.016760 0.018519
0 0.355083 0.086898 0.145250 0.023796
0 0.071313 0.925361 0.142583 0.012056
0 0.517109 0.204630 0.085260 0.012963
0 0.044651 0.196278 0.015573 0.025000
0 0.009083 0.196037 0.016667 0.024074
0 0.272620 0.088167 0.019948 0.025926
0 0.180734 0.861417 0.043750 0.079630
0 0.928385 0.090509 0.017188 0.026852
0 0.110417 0.089352 0.016667 0.026852
0 0.607005 0.748611 0.252656 0.026852
0 0.730747 0.063630 0.034026 0.025963
0 0.190745 0.088426 0.135698 0.025000
0 0.111974 0.063889 0.018750 0.019444
0 0.099479 0.197787 0.018750 0.023148
0 0.954167 0.081435 0.021875 0.059167
0 0.168203 0.173611 0.048906 0.017593
0 0.914141 0.918056 0.171719 0.023148
0 0.060885 0.147222 0.018750 0.028796
0 0.273151 0.064352 0.021302 0.023148
0 0.520094 0.062519 0.134792 0.023611
0 0.988354 0.007375 0.012500 0.014750
0 0.983073 0.080556 0.025521 0.061111
0 0.821688 0.062231 0.011208 0.025278
0 0.806203 0.091231 0.015740 0.021407
0 0.806211 0.063574 0.016391 0.027352
0 0.788898 0.089449 0.015557 0.022602
0 0.789232 0.064167 0.012880 0.023796
0 0.772586 0.090634 0.014724 0.023194
0 0.009661 0.247889 0.016406 0.024074
0 0.933854 0.034259 0.022917 0.024074
0 0.028000 0.246704 0.015625 0.023148
0 0.771750 0.064616 0.014719 0.023491
0 0.512370 0.088889 0.157031 0.024074
0 0.064711 0.249213 0.017026 0.022222
0 0.189839 0.062736 0.135948 0.023620
0 0.683573 0.064352 0.059729 0.023148
0 0.355620 0.063644 0.143656 0.025620
0 0.519141 0.693981 0.063281 0.013889
0 0.606224 0.775926 0.254219 0.027778
0 0.613724 0.227315 0.260052 0.023148
0 0.909896 0.089454 0.017708 0.025926
0 0.521302 0.806019 0.081146 0.013889
0 0.506120 0.262037 0.062240 0.012963
0 0.963260 0.008398 0.009896 0.016796
